# Date: 19/07/01, Author: E.Hubble
# First column is index, second column is frequency (Hz), third column is spectra (A.U.)
0 5.639382e+14 104.825770
1 5.639883e+14 94.676361
2 5.640383e+14 102.961688
3 5.640884e+14 106.201879
4 5.641384e+14 107.066574
5 5.641885e+14 106.306985
6 5.642385e+14 106.335396
7 5.642886e+14 110.828338
8 5.643386e+14 95.384363
9 5.643887e+14 100.309611
10 5.644387e+14 114.783783
11 5.644888e+14 111.046116
12 5.645388e+14 97.457845
13 5.645889e+14 90.024397
14 5.646389e+14 105.372524
15 5.646890e+14 101.719342
16 5.647390e+14 110.248549
17 5.647891e+14 93.920873
18 5.648391e+14 104.677919
19 5.648892e+14 102.920974
20 5.649392e+14 114.784640
21 5.649893e+14 109.226932
22 5.650393e+14 105.709413
23 5.650894e+14 98.652855
24 5.651394e+14 95.495949
25 5.651895e+14 110.087973
26 5.652395e+14 104.048188
27 5.652896e+14 97.997404
28 5.653396e+14 108.586521
29 5.653897e+14 110.232939
30 5.654397e+14 107.469137
31 5.654898e+14 107.340201
32 5.655398e+14 108.694275
33 5.655899e+14 102.529776
34 5.656399e+14 106.433797
35 5.656900e+14 101.617975
36 5.657400e+14 110.512376
37 5.657901e+14 98.307831
38 5.658401e+14 109.628209
39 5.658902e+14 107.064006
40 5.659402e+14 100.014975
41 5.659903e+14 97.399668
42 5.660403e+14 108.077578
43 5.660904e+14 102.267535
44 5.661404e+14 105.373431
45 5.661905e+14 101.492792
46 5.662405e+14 106.996171
47 5.662906e+14 110.712615
48 5.663406e+14 112.389644
49 5.663907e+14 106.385740
50 5.664407e+14 98.328648
51 5.664908e+14 101.602070
52 5.665408e+14 109.202241
53 5.665909e+14 112.141508
54 5.666409e+14 100.334230
55 5.666910e+14 98.031313
56 5.667410e+14 103.476312
57 5.667911e+14 101.493922
58 5.668411e+14 98.684232
59 5.668912e+14 96.462520
60 5.669412e+14 101.419959
61 5.669913e+14 108.463086
62 5.670413e+14 95.151254
63 5.670914e+14 100.847133
64 5.671414e+14 89.611586
65 5.671915e+14 96.678453
66 5.672415e+14 109.055186
67 5.672916e+14 105.586925
68 5.673416e+14 111.006865
69 5.673917e+14 102.917157
70 5.674417e+14 102.858133
71 5.674918e+14 105.750110
72 5.675418e+14 94.923531
73 5.675919e+14 108.302096
74 5.676419e+14 100.412125
75 5.676920e+14 93.400412
76 5.677420e+14 98.436905
77 5.677921e+14 100.843241
78 5.678421e+14 107.525560
79 5.678922e+14 105.136308
80 5.679422e+14 97.430067
81 5.679923e+14 106.347902
82 5.680423e+14 102.943857
83 5.680924e+14 97.806026
84 5.681424e+14 108.899537
85 5.681925e+14 109.161124
86 5.682425e+14 105.219655
87 5.682926e+14 105.504203
88 5.683426e+14 100.199036
89 5.683927e+14 107.696951
90 5.684427e+14 94.396366
91 5.684928e+14 104.316198
92 5.685428e+14 101.361934
93 5.685929e+14 103.885451
94 5.686429e+14 112.520401
95 5.686930e+14 107.119526
96 5.687430e+14 99.672991
97 5.687931e+14 102.478173
98 5.688431e+14 102.470677
99 5.688932e+14 105.088849
100 5.689432e+14 97.690296
101 5.689933e+14 107.430960
102 5.690433e+14 112.481944
103 5.690934e+14 106.632853
104 5.691434e+14 109.047375
105 5.691935e+14 103.344206
106 5.692435e+14 96.333696
107 5.692936e+14 106.747767
108 5.693436e+14 100.834403
109 5.693937e+14 95.778601
110 5.694437e+14 103.447813
111 5.694938e+14 97.569154
112 5.695438e+14 105.104890
113 5.695939e+14 107.633849
114 5.696439e+14 103.732823
115 5.696940e+14 100.045218
116 5.697440e+14 98.368469
117 5.697941e+14 117.223791
118 5.698441e+14 93.651601
119 5.698942e+14 111.738627
120 5.699442e+14 95.926262
121 5.699943e+14 108.319994
122 5.700443e+14 98.494563
123 5.700944e+14 112.984128
124 5.701444e+14 99.034499
125 5.701945e+14 123.379105
126 5.702445e+14 103.036538
127 5.702946e+14 103.218785
128 5.703446e+14 98.787282
129 5.703947e+14 99.869030
130 5.704447e+14 101.973220
131 5.704948e+14 102.709160
132 5.705448e+14 105.043783
133 5.705949e+14 102.765159
134 5.706449e+14 93.566839
135 5.706950e+14 103.238070
136 5.707450e+14 109.292330
137 5.707951e+14 98.247882
138 5.708451e+14 94.822009
139 5.708952e+14 106.154884
140 5.709452e+14 95.524684
141 5.709953e+14 90.998484
142 5.710453e+14 101.969485
143 5.710954e+14 96.329551
144 5.711454e+14 97.103115
145 5.711955e+14 102.218687
146 5.712455e+14 103.816175
147 5.712956e+14 104.881788
148 5.713456e+14 98.967735
149 5.713957e+14 95.691349
150 5.714457e+14 104.274068
151 5.714958e+14 95.961157
152 5.715458e+14 91.779830
153 5.715959e+14 88.974733
154 5.716459e+14 104.932131
155 5.716960e+14 99.299345
156 5.717460e+14 101.445227
157 5.717961e+14 94.359277
158 5.718461e+14 104.673203
159 5.718962e+14 99.085362
160 5.719462e+14 99.491779
161 5.719963e+14 101.081630
162 5.720463e+14 99.418365
163 5.720964e+14 103.775127
164 5.721464e+14 105.876041
165 5.721965e+14 107.653571
166 5.722465e+14 101.443661
167 5.722966e+14 112.710546
168 5.723466e+14 104.572176
169 5.723967e+14 107.953284
170 5.724467e+14 98.518288
171 5.724968e+14 93.878773
172 5.725468e+14 96.557461
173 5.725969e+14 93.401591
174 5.726469e+14 108.186325
175 5.726970e+14 97.805853
176 5.727470e+14 104.803680
177 5.727971e+14 108.133618
178 5.728471e+14 95.735588
179 5.728972e+14 94.550103
180 5.729472e+14 115.707712
181 5.729973e+14 112.480352
182 5.730473e+14 95.095018
183 5.730974e+14 98.708670
184 5.731474e+14 91.058210
185 5.731975e+14 101.857122
186 5.732475e+14 101.066711
187 5.732976e+14 112.721688
188 5.733476e+14 93.890845
189 5.733977e+14 92.682806
190 5.734477e+14 98.709663
191 5.734978e+14 104.043863
192 5.735478e+14 99.989404
193 5.735979e+14 100.373434
194 5.736479e+14 96.025270
195 5.736980e+14 99.738014
196 5.737480e+14 99.925368
197 5.737981e+14 107.977474
198 5.738481e+14 85.973767
199 5.738982e+14 92.368667
200 5.739482e+14 98.436080
201 5.739983e+14 91.571538
202 5.740483e+14 102.717755
203 5.740984e+14 94.675096
204 5.741484e+14 106.238881
205 5.741985e+14 100.443822
206 5.742485e+14 100.728103
207 5.742986e+14 101.164568
208 5.743486e+14 95.872166
209 5.743987e+14 92.620602
210 5.744487e+14 104.051528
211 5.744988e+14 99.355688
212 5.745488e+14 93.747495
213 5.745989e+14 99.261805
214 5.746489e+14 89.251224
215 5.746990e+14 107.518886
216 5.747490e+14 96.657298
217 5.747991e+14 103.131566
218 5.748491e+14 110.207918
219 5.748992e+14 91.254480
220 5.749492e+14 104.364050
221 5.749993e+14 105.309156
222 5.750493e+14 85.329041
223 5.750994e+14 102.238816
224 5.751494e+14 103.053690
225 5.751995e+14 99.161989
226 5.752495e+14 96.946168
227 5.752996e+14 99.939895
228 5.753496e+14 101.556302
229 5.753997e+14 103.871719
230 5.754497e+14 93.873320
231 5.754998e+14 100.774364
232 5.755498e+14 95.374996
233 5.755999e+14 101.675712
234 5.756499e+14 108.424505
235 5.757000e+14 97.206623
236 5.757500e+14 97.887535
237 5.758001e+14 98.952675
238 5.758501e+14 105.860216
239 5.759002e+14 87.941234
240 5.759502e+14 102.249283
241 5.760003e+14 96.884633
242 5.760503e+14 103.746228
243 5.761004e+14 93.550466
244 5.761504e+14 96.350191
245 5.762005e+14 98.739497
246 5.762505e+14 95.126221
247 5.763006e+14 103.038561
248 5.763506e+14 99.540899
249 5.764007e+14 92.827369
250 5.764507e+14 102.328738
251 5.765008e+14 94.404808
252 5.765508e+14 90.634474
253 5.766009e+14 102.277378
254 5.766509e+14 97.393251
255 5.767010e+14 100.621489
256 5.767510e+14 92.932460
257 5.768011e+14 89.610496
258 5.768511e+14 104.843033
259 5.769012e+14 94.934012
260 5.769512e+14 97.991503
261 5.770013e+14 102.571957
262 5.770513e+14 93.755796
263 5.771014e+14 96.510057
264 5.771514e+14 101.472907
265 5.772015e+14 89.902497
266 5.772515e+14 98.654234
267 5.773016e+14 92.982065
268 5.773516e+14 93.949681
269 5.774017e+14 94.884959
270 5.774517e+14 96.913286
271 5.775018e+14 92.031069
272 5.775518e+14 102.960528
273 5.776019e+14 86.148943
274 5.776519e+14 104.548799
275 5.777020e+14 106.137604
276 5.777520e+14 96.216648
277 5.778021e+14 97.565617
278 5.778521e+14 98.785340
279 5.779022e+14 86.912467
280 5.779522e+14 89.220919
281 5.780023e+14 111.588344
282 5.780523e+14 93.803568
283 5.781024e+14 99.899847
284 5.781524e+14 92.093996
285 5.782025e+14 97.683369
286 5.782525e+14 97.982738
287 5.783026e+14 104.673829
288 5.783526e+14 96.953742
289 5.784027e+14 107.758358
290 5.784527e+14 103.486484
291 5.785028e+14 84.707412
292 5.785528e+14 99.048510
293 5.786029e+14 102.828545
294 5.786529e+14 102.092211
295 5.787030e+14 97.555985
296 5.787530e+14 100.275825
297 5.788031e+14 103.782393
298 5.788531e+14 96.727450
299 5.789032e+14 99.677413
300 5.789532e+14 110.689270
301 5.790033e+14 99.312712
302 5.790533e+14 104.566110
303 5.791034e+14 98.413352
304 5.791534e+14 96.767167
305 5.792035e+14 94.735673
306 5.792535e+14 96.185368
307 5.793036e+14 95.886949
308 5.793536e+14 104.626405
309 5.794037e+14 107.861048
310 5.794537e+14 99.517020
311 5.795038e+14 98.928411
312 5.795538e+14 108.025333
313 5.796039e+14 95.890651
314 5.796539e+14 100.577435
315 5.797040e+14 112.891098
316 5.797540e+14 99.850947
317 5.798041e+14 100.477323
318 5.798541e+14 106.425298
319 5.799042e+14 99.770145
320 5.799542e+14 91.824260
321 5.800043e+14 96.266720
322 5.800543e+14 83.865790
323 5.801044e+14 100.182616
324 5.801544e+14 95.829836
325 5.802045e+14 110.685036
326 5.802545e+14 87.270903
327 5.803046e+14 95.122095
328 5.803546e+14 104.442796
329 5.804047e+14 96.177235
330 5.804547e+14 94.963272
331 5.805048e+14 103.463446
332 5.805548e+14 98.203516
333 5.806049e+14 106.572485
334 5.806549e+14 95.775964
335 5.807050e+14 108.045719
336 5.807550e+14 94.974944
337 5.808051e+14 94.379496
338 5.808551e+14 96.207324
339 5.809052e+14 92.420153
340 5.809552e+14 89.339643
341 5.810053e+14 102.745665
342 5.810553e+14 97.170099
343 5.811054e+14 101.577659
344 5.811554e+14 96.721214
345 5.812055e+14 104.183839
346 5.812555e+14 89.144926
347 5.813056e+14 102.822481
348 5.813556e+14 94.624396
349 5.814057e+14 96.274209
350 5.814557e+14 102.301878
351 5.815058e+14 96.380961
352 5.815558e+14 86.251496
353 5.816059e+14 86.229924
354 5.816559e+14 100.952007
355 5.817060e+14 105.713584
356 5.817560e+14 104.198806
357 5.818061e+14 97.111372
358 5.818561e+14 100.179696
359 5.819062e+14 110.640978
360 5.819562e+14 84.054891
361 5.820063e+14 101.644484
362 5.820563e+14 105.829954
363 5.821064e+14 97.924567
364 5.821564e+14 100.936624
365 5.822065e+14 100.235748
366 5.822565e+14 105.304134
367 5.823066e+14 93.699388
368 5.823566e+14 96.493756
369 5.824067e+14 101.280173
370 5.824567e+14 99.487787
371 5.825068e+14 104.276884
372 5.825568e+14 102.715940
373 5.826069e+14 89.795182
374 5.826569e+14 93.217746
375 5.827070e+14 90.291655
376 5.827570e+14 101.534742
377 5.828071e+14 105.639884
378 5.828571e+14 100.022063
379 5.829072e+14 99.955204
380 5.829572e+14 97.052620
381 5.830073e+14 86.651347
382 5.830573e+14 102.828555
383 5.831074e+14 100.780249
384 5.831574e+14 100.332016
385 5.832075e+14 101.142531
386 5.832575e+14 104.720403
387 5.833076e+14 97.735921
388 5.833576e+14 93.635673
389 5.834077e+14 91.044920
390 5.834577e+14 85.717090
391 5.835078e+14 92.903014
392 5.835578e+14 98.691470
393 5.836079e+14 101.394283
394 5.836579e+14 116.486571
395 5.837080e+14 100.913124
396 5.837580e+14 108.495929
397 5.838081e+14 108.192786
398 5.838581e+14 109.732820
399 5.839082e+14 94.825427
400 5.839582e+14 97.826357
401 5.840083e+14 86.904351
402 5.840583e+14 104.778620
403 5.841084e+14 105.323522
404 5.841584e+14 101.024728
405 5.842085e+14 103.332049
406 5.842585e+14 93.972147
407 5.843086e+14 93.244855
408 5.843586e+14 94.842542
409 5.844087e+14 94.960143
410 5.844587e+14 101.789941
411 5.845088e+14 108.189417
412 5.845588e+14 104.713798
413 5.846089e+14 103.111423
414 5.846589e+14 97.157142
415 5.847090e+14 107.225619
416 5.847590e+14 104.628029
417 5.848091e+14 101.345701
418 5.848591e+14 110.673856
419 5.849092e+14 103.680629
420 5.849592e+14 91.875638
421 5.850093e+14 102.866489
422 5.850593e+14 97.108021
423 5.851094e+14 99.041646
424 5.851594e+14 94.785371
425 5.852095e+14 104.165130
426 5.852595e+14 110.821065
427 5.853096e+14 116.159936
428 5.853596e+14 103.512887
429 5.854097e+14 104.586398
430 5.854597e+14 110.809069
431 5.855098e+14 104.932994
432 5.855598e+14 103.814305
433 5.856099e+14 104.336469
434 5.856599e+14 104.867672
435 5.857100e+14 107.632316
436 5.857600e+14 103.493950
437 5.858101e+14 99.434101
438 5.858601e+14 91.636559
439 5.859102e+14 111.516525
440 5.859602e+14 101.004333
441 5.860103e+14 108.408946
442 5.860603e+14 112.035172
443 5.861104e+14 98.937633
444 5.861604e+14 107.016010
445 5.862105e+14 89.632235
446 5.862605e+14 106.701508
447 5.863106e+14 107.887150
448 5.863606e+14 104.347474
449 5.864107e+14 102.961251
450 5.864607e+14 103.285296
451 5.865108e+14 112.728768
452 5.865608e+14 111.871241
453 5.866109e+14 98.541803
454 5.866609e+14 105.019649
455 5.867110e+14 100.999457
456 5.867610e+14 106.438746
457 5.868111e+14 101.000288
458 5.868611e+14 121.858098
459 5.869112e+14 97.335330
460 5.869612e+14 105.727156
461 5.870113e+14 99.472329
462 5.870613e+14 110.243686
463 5.871114e+14 113.032439
464 5.871614e+14 107.423809
465 5.872115e+14 112.090307
466 5.872615e+14 106.572346
467 5.873116e+14 109.148055
468 5.873616e+14 116.731305
469 5.874117e+14 111.752564
470 5.874617e+14 107.130255
471 5.875118e+14 118.835314
472 5.875618e+14 96.133312
473 5.876119e+14 103.867032
474 5.876619e+14 123.417663
475 5.877120e+14 117.343421
476 5.877620e+14 101.710623
477 5.878121e+14 109.888741
478 5.878621e+14 104.470854
479 5.879122e+14 116.660085
480 5.879622e+14 108.951570
481 5.880123e+14 113.417649
482 5.880623e+14 117.279302
483 5.881124e+14 106.615976
484 5.881624e+14 100.532225
485 5.882125e+14 118.833679
486 5.882625e+14 120.157785
487 5.883126e+14 108.791755
488 5.883626e+14 109.270810
489 5.884127e+14 107.016777
490 5.884627e+14 110.802250
491 5.885128e+14 104.054019
492 5.885628e+14 97.637106
493 5.886129e+14 113.383989
494 5.886629e+14 101.214816
495 5.887130e+14 111.900223
496 5.887630e+14 109.363948
497 5.888131e+14 112.828659
498 5.888631e+14 104.036071
499 5.889132e+14 105.523348
500 5.889632e+14 115.074844
501 5.890133e+14 113.928755
502 5.890633e+14 117.604782
503 5.891134e+14 117.113330
504 5.891634e+14 114.449830
505 5.892135e+14 113.381987
506 5.892635e+14 113.638831
507 5.893136e+14 111.680412
508 5.893636e+14 119.636528
509 5.894137e+14 113.547339
510 5.894637e+14 121.140217
511 5.895138e+14 117.594258
512 5.895639e+14 110.197981
513 5.896139e+14 112.708028
514 5.896640e+14 124.846695
515 5.897140e+14 119.977782
516 5.897641e+14 115.120901
517 5.898141e+14 115.179286
518 5.898642e+14 106.970784
519 5.899142e+14 115.612078
520 5.899643e+14 122.815591
521 5.900143e+14 109.217561
522 5.900644e+14 108.905181
523 5.901144e+14 112.555227
524 5.901645e+14 116.065107
525 5.902145e+14 123.417068
526 5.902646e+14 123.098976
527 5.903146e+14 117.216297
528 5.903647e+14 123.022818
529 5.904147e+14 117.463299
530 5.904648e+14 118.843265
531 5.905148e+14 125.644939
532 5.905649e+14 110.474268
533 5.906149e+14 113.281694
534 5.906650e+14 114.504379
535 5.907150e+14 111.749129
536 5.907651e+14 120.023277
537 5.908151e+14 122.387074
538 5.908652e+14 131.564533
539 5.909152e+14 122.015444
540 5.909653e+14 121.466282
541 5.910153e+14 117.530709
542 5.910654e+14 112.316819
543 5.911154e+14 112.362133
544 5.911655e+14 117.291182
545 5.912155e+14 112.251244
546 5.912656e+14 113.203273
547 5.913156e+14 117.770454
548 5.913657e+14 115.953227
549 5.914157e+14 126.523980
550 5.914658e+14 122.876826
551 5.915158e+14 120.783371
552 5.915659e+14 110.196560
553 5.916159e+14 115.633123
554 5.916660e+14 112.271238
555 5.917160e+14 127.315451
556 5.917661e+14 109.004264
557 5.918161e+14 114.291882
558 5.918662e+14 114.594810
559 5.919162e+14 118.020320
560 5.919663e+14 112.408367
561 5.920163e+14 115.825663
562 5.920664e+14 120.653946
563 5.921164e+14 124.697259
564 5.921665e+14 107.317034
565 5.922165e+14 114.222552
566 5.922666e+14 122.152323
567 5.923166e+14 114.792359
568 5.923667e+14 117.990405
569 5.924167e+14 123.887347
570 5.924668e+14 122.499585
571 5.925168e+14 123.077594
572 5.925669e+14 111.625823
573 5.926169e+14 117.041368
574 5.926670e+14 123.480961
575 5.927170e+14 119.108679
576 5.927671e+14 119.050822
577 5.928171e+14 126.083070
578 5.928672e+14 124.638473
579 5.929172e+14 108.634542
580 5.929673e+14 126.340569
581 5.930173e+14 123.242460
582 5.930674e+14 117.030303
583 5.931174e+14 108.216024
584 5.931675e+14 120.837465
585 5.932175e+14 123.200375
586 5.932676e+14 124.794639
587 5.933176e+14 121.562910
588 5.933677e+14 122.198000
589 5.934177e+14 117.469237
590 5.934678e+14 118.523154
591 5.935178e+14 115.565930
592 5.935679e+14 126.104973
593 5.936179e+14 106.290686
594 5.936680e+14 125.526709
595 5.937180e+14 121.215505
596 5.937681e+14 117.582932
597 5.938181e+14 118.623842
598 5.938682e+14 128.653829
599 5.939182e+14 119.705061
600 5.939683e+14 108.981332
601 5.940183e+14 115.208413
602 5.940684e+14 114.823475
603 5.941184e+14 123.655274
604 5.941685e+14 129.122987
605 5.942185e+14 109.977178
606 5.942686e+14 117.659520
607 5.943186e+14 115.486711
608 5.943687e+14 118.872632
609 5.944187e+14 111.680530
610 5.944688e+14 125.279304
611 5.945188e+14 119.133764
612 5.945689e+14 114.942887
613 5.946189e+14 114.131898
614 5.946690e+14 124.826985
615 5.947190e+14 120.407726
616 5.947691e+14 113.343624
617 5.948191e+14 107.714243
618 5.948692e+14 115.372677
619 5.949192e+14 102.786775
620 5.949693e+14 112.612616
621 5.950193e+14 113.941363
622 5.950694e+14 118.660938
623 5.951194e+14 114.542056
624 5.951695e+14 102.888573
625 5.952195e+14 105.898351
626 5.952696e+14 107.855645
627 5.953196e+14 112.939403
628 5.953697e+14 113.959930
629 5.954197e+14 106.909746
630 5.954698e+14 112.375009
631 5.955198e+14 113.096727
632 5.955699e+14 110.496624
633 5.956199e+14 113.933842
634 5.956700e+14 112.820082
635 5.957200e+14 113.755397
636 5.957701e+14 122.150333
637 5.958201e+14 108.627552
638 5.958702e+14 110.438774
639 5.959202e+14 109.164915
640 5.959703e+14 123.655286
641 5.960203e+14 111.140870
642 5.960704e+14 112.251431
643 5.961204e+14 110.483197
644 5.961705e+14 118.987331
645 5.962205e+14 107.577179
646 5.962706e+14 107.827555
647 5.963206e+14 104.507078
648 5.963707e+14 120.794558
649 5.964207e+14 100.800532
650 5.964708e+14 109.639220
651 5.965208e+14 104.896290
652 5.965709e+14 102.598989
653 5.966209e+14 99.969813
654 5.966710e+14 113.681736
655 5.967210e+14 108.888736
656 5.967711e+14 108.574151
657 5.968211e+14 109.261932
658 5.968712e+14 103.353958
659 5.969212e+14 100.112950
660 5.969713e+14 119.378070
661 5.970213e+14 112.632151
662 5.970714e+14 106.871244
663 5.971214e+14 115.830919
664 5.971715e+14 105.442550
665 5.972215e+14 100.160135
666 5.972716e+14 120.903738
667 5.973216e+14 112.426085
668 5.973717e+14 98.460696
669 5.974217e+14 99.662395
670 5.974718e+14 114.257858
671 5.975218e+14 107.045104
672 5.975719e+14 99.636102
673 5.976219e+14 96.643780
674 5.976720e+14 110.394369
675 5.977220e+14 105.872628
676 5.977721e+14 104.359113
677 5.978221e+14 107.147617
678 5.978722e+14 103.639873
679 5.979222e+14 108.987190
680 5.979723e+14 102.528697
681 5.980223e+14 107.071513
682 5.980724e+14 103.978081
683 5.981224e+14 100.565626
684 5.981725e+14 102.544828
685 5.982225e+14 111.058045
686 5.982726e+14 95.411145
687 5.983226e+14 109.099732
688 5.983727e+14 96.468503
689 5.984227e+14 102.357468
690 5.984728e+14 103.565926
691 5.985228e+14 101.015998
692 5.985729e+14 108.173934
693 5.986229e+14 98.414923
694 5.986730e+14 104.038795
695 5.987230e+14 91.495165
696 5.987731e+14 99.781217
697 5.988231e+14 108.786346
698 5.988732e+14 93.241704
699 5.989232e+14 113.109060
700 5.989733e+14 100.509369
701 5.990233e+14 102.412849
702 5.990734e+14 99.451094
703 5.991234e+14 89.561076
704 5.991735e+14 79.744365
705 5.992235e+14 92.439555
706 5.992736e+14 93.416752
707 5.993236e+14 90.514007
708 5.993737e+14 95.030450
709 5.994237e+14 90.510806
710 5.994738e+14 103.052790
711 5.995238e+14 91.575050
712 5.995739e+14 106.384579
713 5.996239e+14 92.189918
714 5.996740e+14 89.387974
715 5.997240e+14 90.538073
716 5.997741e+14 108.801151
717 5.998241e+14 97.498477
718 5.998742e+14 97.774022
719 5.999242e+14 99.138241
720 5.999743e+14 90.106811
721 6.000243e+14 98.416157
722 6.000744e+14 98.381056
723 6.001244e+14 100.467601
724 6.001745e+14 96.925042
725 6.002245e+14 109.861661
726 6.002746e+14 97.439599
727 6.003246e+14 106.573852
728 6.003747e+14 90.224939
729 6.004247e+14 87.854309
730 6.004748e+14 95.171244
731 6.005248e+14 86.588897
732 6.005749e+14 95.498588
733 6.006249e+14 98.945707
734 6.006750e+14 94.610905
735 6.007250e+14 84.253380
736 6.007751e+14 97.139804
737 6.008251e+14 78.616682
738 6.008752e+14 94.727574
739 6.009252e+14 80.617133
740 6.009753e+14 90.010553
741 6.010253e+14 111.670509
742 6.010754e+14 85.971762
743 6.011254e+14 93.120573
744 6.011755e+14 107.304950
745 6.012255e+14 100.849676
746 6.012756e+14 98.738600
747 6.013256e+14 76.803511
748 6.013757e+14 87.742274
749 6.014257e+14 88.069566
750 6.014758e+14 91.549413
751 6.015258e+14 92.195292
752 6.015759e+14 86.419175
753 6.016259e+14 93.260506
754 6.016760e+14 95.354731
755 6.017260e+14 83.554890
756 6.017761e+14 78.466946
757 6.018261e+14 87.720883
758 6.018762e+14 94.679051
759 6.019262e+14 94.954366
760 6.019763e+14 91.945315
761 6.020263e+14 96.785007
762 6.020764e+14 76.911398
763 6.021264e+14 104.064610
764 6.021765e+14 79.747643
765 6.022265e+14 93.186925
766 6.022766e+14 82.617348
767 6.023266e+14 103.447679
768 6.023767e+14 96.688252
769 6.024267e+14 87.828445
770 6.024768e+14 89.443174
771 6.025268e+14 90.185668
772 6.025769e+14 89.474552
773 6.026269e+14 99.209068
774 6.026770e+14 83.442553
775 6.027270e+14 86.259378
776 6.027771e+14 82.891157
777 6.028271e+14 90.072799
778 6.028772e+14 85.192314
779 6.029272e+14 86.107630
780 6.029773e+14 89.540974
781 6.030273e+14 86.038448
782 6.030774e+14 81.475331
783 6.031274e+14 87.338949
784 6.031775e+14 84.534837
785 6.032275e+14 97.085882
786 6.032776e+14 84.553555
787 6.033276e+14 84.114798
788 6.033777e+14 86.027405
789 6.034277e+14 84.530881
790 6.034778e+14 87.934954
791 6.035278e+14 91.917291
792 6.035779e+14 84.549078
793 6.036279e+14 90.792683
794 6.036780e+14 96.384540
795 6.037280e+14 81.189431
796 6.037781e+14 84.059043
797 6.038281e+14 78.873382
798 6.038782e+14 89.294071
799 6.039282e+14 97.311767
800 6.039783e+14 79.922677
801 6.040283e+14 83.385356
802 6.040784e+14 81.079100
803 6.041284e+14 92.178377
804 6.041785e+14 86.461908
805 6.042285e+14 75.830289
806 6.042786e+14 88.982241
807 6.043286e+14 85.136409
808 6.043787e+14 87.281463
809 6.044287e+14 87.776420
810 6.044788e+14 82.231075
811 6.045288e+14 78.868620
812 6.045789e+14 80.959245
813 6.046289e+14 81.998794
814 6.046790e+14 88.330857
815 6.047290e+14 82.312349
816 6.047791e+14 83.738887
817 6.048291e+14 79.901199
818 6.048792e+14 84.950684
819 6.049292e+14 93.254204
820 6.049793e+14 81.990313
821 6.050293e+14 77.061667
822 6.050794e+14 87.780366
823 6.051294e+14 89.158753
824 6.051795e+14 84.521845
825 6.052295e+14 87.465188
826 6.052796e+14 87.397138
827 6.053296e+14 87.826324
828 6.053797e+14 101.938316
829 6.054297e+14 82.714712
830 6.054798e+14 84.601087
831 6.055298e+14 93.835167
832 6.055799e+14 92.703508
833 6.056299e+14 98.237069
834 6.056800e+14 91.746146
835 6.057300e+14 82.865907
836 6.057801e+14 85.673622
837 6.058301e+14 80.927958
838 6.058802e+14 90.318608
839 6.059302e+14 90.120463
840 6.059803e+14 84.080419
841 6.060303e+14 79.714311
842 6.060804e+14 92.645368
843 6.061304e+14 75.623312
844 6.061805e+14 85.642012
845 6.062305e+14 83.706025
846 6.062806e+14 85.239715
847 6.063306e+14 95.105230
848 6.063807e+14 81.581168
849 6.064307e+14 82.246784
850 6.064808e+14 88.476284
851 6.065308e+14 85.129484
852 6.065809e+14 80.366121
853 6.066309e+14 101.267315
854 6.066810e+14 90.518165
855 6.067310e+14 81.255961
856 6.067811e+14 84.342075
857 6.068311e+14 79.955401
858 6.068812e+14 79.190647
859 6.069312e+14 92.803566
860 6.069813e+14 87.322565
861 6.070313e+14 87.250718
862 6.070814e+14 84.393230
863 6.071314e+14 85.630309
864 6.071815e+14 90.561803
865 6.072315e+14 84.150354
866 6.072816e+14 87.338745
867 6.073316e+14 98.503422
868 6.073817e+14 91.434199
869 6.074317e+14 92.260279
870 6.074818e+14 84.444584
871 6.075318e+14 77.747603
872 6.075819e+14 82.827543
873 6.076319e+14 81.263391
874 6.076820e+14 71.509846
875 6.077320e+14 83.843017
876 6.077821e+14 86.466529
877 6.078321e+14 84.464699
878 6.078822e+14 85.487956
879 6.079322e+14 94.001711
880 6.079823e+14 96.784960
881 6.080323e+14 75.970325
882 6.080824e+14 82.875817
883 6.081324e+14 93.063980
884 6.081825e+14 86.547021
885 6.082325e+14 88.276170
886 6.082826e+14 89.904490
887 6.083326e+14 81.496614
888 6.083827e+14 81.963182
889 6.084327e+14 80.024515
890 6.084828e+14 80.762042
891 6.085328e+14 83.328783
892 6.085829e+14 82.801453
893 6.086329e+14 71.966467
894 6.086830e+14 89.357355
895 6.087330e+14 80.782187
896 6.087831e+14 91.053617
897 6.088331e+14 78.341000
898 6.088832e+14 86.327566
899 6.089332e+14 76.097528
900 6.089833e+14 94.166160
901 6.090333e+14 89.514328
902 6.090834e+14 79.804476
903 6.091334e+14 90.335699
904 6.091835e+14 88.336334
905 6.092335e+14 78.932417
906 6.092836e+14 81.597253
907 6.093336e+14 83.517347
908 6.093837e+14 82.001475
909 6.094337e+14 86.349660
910 6.094838e+14 84.339831
911 6.095338e+14 77.030666
912 6.095839e+14 80.935627
913 6.096339e+14 87.480489
914 6.096840e+14 94.969121
915 6.097340e+14 90.323284
916 6.097841e+14 77.408991
917 6.098341e+14 83.472654
918 6.098842e+14 91.741893
919 6.099342e+14 83.803101
920 6.099843e+14 84.228346
921 6.100343e+14 78.480193
922 6.100844e+14 87.572745
923 6.101344e+14 84.807218
924 6.101845e+14 91.727104
925 6.102345e+14 78.714569
926 6.102846e+14 87.629427
927 6.103346e+14 85.536452
928 6.103847e+14 95.427842
929 6.104347e+14 76.444016
930 6.104848e+14 81.679770
931 6.105348e+14 76.381914
932 6.105849e+14 86.274171
933 6.106349e+14 80.944264
934 6.106850e+14 62.697848
935 6.107350e+14 74.688652
936 6.107851e+14 81.679610
937 6.108351e+14 82.486244
938 6.108852e+14 90.172298
939 6.109352e+14 84.515989
940 6.109853e+14 85.595024
941 6.110353e+14 72.367051
942 6.110854e+14 75.917369
943 6.111354e+14 90.706744
944 6.111855e+14 82.955961
945 6.112355e+14 93.507829
946 6.112856e+14 87.253753
947 6.113356e+14 77.814837
948 6.113857e+14 84.855754
949 6.114357e+14 82.818771
950 6.114858e+14 83.127608
951 6.115358e+14 85.066860
952 6.115859e+14 96.246681
953 6.116359e+14 77.376862
954 6.116860e+14 78.440530
955 6.117360e+14 79.328361
956 6.117861e+14 83.805937
957 6.118361e+14 84.035839
958 6.118862e+14 84.633433
959 6.119362e+14 78.532002
960 6.119863e+14 84.267359
961 6.120363e+14 82.963195
962 6.120864e+14 85.419544
963 6.121364e+14 77.648152
964 6.121865e+14 81.149252
965 6.122365e+14 77.439267
966 6.122866e+14 85.087888
967 6.123366e+14 80.455584
968 6.123867e+14 77.191598
969 6.124367e+14 75.944719
970 6.124868e+14 88.163288
971 6.125368e+14 86.819859
972 6.125869e+14 80.973505
973 6.126369e+14 85.403265
974 6.126870e+14 87.358346
975 6.127370e+14 87.047394
976 6.127871e+14 80.949078
977 6.128371e+14 89.225134
978 6.128872e+14 80.138711
979 6.129372e+14 83.785947
980 6.129873e+14 75.760990
981 6.130373e+14 86.701166
982 6.130874e+14 89.188484
983 6.131374e+14 80.318716
984 6.131875e+14 81.128983
985 6.132375e+14 76.289697
986 6.132876e+14 82.475997
987 6.133376e+14 94.570960
988 6.133877e+14 69.960126
989 6.134377e+14 80.319959
990 6.134878e+14 84.845523
991 6.135378e+14 80.474550
992 6.135879e+14 81.230070
993 6.136379e+14 77.374798
994 6.136880e+14 91.244709
995 6.137380e+14 75.705563
996 6.137881e+14 90.385535
997 6.138381e+14 83.203346
998 6.138882e+14 93.969916
999 6.139382e+14 82.000635
