# Date: 19/07/01, Author: E.Hubble
# First column is index, second column is frequency (Hz), third column is spectra (A.U.)
0 5.764577e+14 107.437363
1 5.765078e+14 109.321760
2 5.765578e+14 115.950060
3 5.766079e+14 106.192830
4 5.766579e+14 109.733873
5 5.767080e+14 122.734733
6 5.767580e+14 116.040988
7 5.768081e+14 113.796899
8 5.768581e+14 120.670281
9 5.769082e+14 117.158500
10 5.769582e+14 104.415493
11 5.770083e+14 105.036844
12 5.770583e+14 105.877724
13 5.771084e+14 113.849840
14 5.771584e+14 127.023069
15 5.772085e+14 109.922921
16 5.772585e+14 118.144165
17 5.773086e+14 108.285684
18 5.773586e+14 114.178670
19 5.774087e+14 108.223702
20 5.774587e+14 114.007474
21 5.775088e+14 111.286216
22 5.775588e+14 107.692565
23 5.776089e+14 111.338251
24 5.776589e+14 116.065451
25 5.777090e+14 125.710153
26 5.777590e+14 114.445463
27 5.778091e+14 115.340959
28 5.778591e+14 119.742662
29 5.779092e+14 116.750628
30 5.779592e+14 111.159340
31 5.780093e+14 106.684659
32 5.780593e+14 121.201085
33 5.781094e+14 124.159819
34 5.781594e+14 106.398589
35 5.782095e+14 113.598342
36 5.782595e+14 121.288333
37 5.783096e+14 111.942307
38 5.783596e+14 108.873538
39 5.784097e+14 120.751791
40 5.784597e+14 119.761958
41 5.785098e+14 115.415213
42 5.785598e+14 111.244045
43 5.786099e+14 123.343693
44 5.786599e+14 110.811329
45 5.787100e+14 116.432079
46 5.787600e+14 125.032306
47 5.788101e+14 109.996358
48 5.788601e+14 111.383189
49 5.789102e+14 103.683083
50 5.789602e+14 126.257773
51 5.790103e+14 118.489636
52 5.790603e+14 112.961322
53 5.791104e+14 119.570095
54 5.791604e+14 112.820283
55 5.792105e+14 111.869058
56 5.792605e+14 109.585925
57 5.793106e+14 121.268104
58 5.793606e+14 112.193710
59 5.794107e+14 119.280820
60 5.794607e+14 117.122602
61 5.795108e+14 122.834526
62 5.795608e+14 110.291109
63 5.796109e+14 121.312688
64 5.796609e+14 119.916898
65 5.797110e+14 118.620241
66 5.797610e+14 113.419571
67 5.798111e+14 123.397430
68 5.798611e+14 115.230107
69 5.799112e+14 115.738591
70 5.799612e+14 125.868825
71 5.800113e+14 127.687649
72 5.800613e+14 115.237507
73 5.801114e+14 125.084567
74 5.801614e+14 127.865027
75 5.802115e+14 123.977991
76 5.802615e+14 122.190933
77 5.803116e+14 124.667196
78 5.803616e+14 117.500560
79 5.804117e+14 128.530316
80 5.804617e+14 120.804468
81 5.805118e+14 121.990523
82 5.805618e+14 131.761297
83 5.806119e+14 116.843500
84 5.806619e+14 118.185944
85 5.807120e+14 116.822372
86 5.807620e+14 126.579761
87 5.808121e+14 115.559303
88 5.808621e+14 113.174228
89 5.809122e+14 129.028574
90 5.809622e+14 130.967400
91 5.810123e+14 120.503930
92 5.810623e+14 126.129442
93 5.811124e+14 109.964957
94 5.811624e+14 119.569505
95 5.812125e+14 120.313920
96 5.812625e+14 115.076928
97 5.813126e+14 129.183258
98 5.813626e+14 120.376394
99 5.814127e+14 140.762649
100 5.814627e+14 126.683466
101 5.815128e+14 114.298828
102 5.815628e+14 127.095643
103 5.816129e+14 110.768074
104 5.816629e+14 118.326077
105 5.817130e+14 123.032766
106 5.817630e+14 117.370218
107 5.818131e+14 127.525596
108 5.818631e+14 125.110413
109 5.819132e+14 122.590321
110 5.819632e+14 119.311735
111 5.820133e+14 126.947760
112 5.820633e+14 123.536477
113 5.821134e+14 122.193749
114 5.821634e+14 126.914226
115 5.822135e+14 111.902097
116 5.822635e+14 118.179855
117 5.823136e+14 132.631741
118 5.823636e+14 119.322144
119 5.824137e+14 125.877668
120 5.824637e+14 116.912250
121 5.825138e+14 117.021953
122 5.825638e+14 130.309759
123 5.826139e+14 122.896305
124 5.826639e+14 122.638019
125 5.827140e+14 126.500941
126 5.827640e+14 116.418431
127 5.828141e+14 137.260858
128 5.828641e+14 117.799841
129 5.829142e+14 124.178815
130 5.829642e+14 129.073253
131 5.830143e+14 131.286173
132 5.830643e+14 123.523036
133 5.831144e+14 127.329898
134 5.831644e+14 126.510631
135 5.832145e+14 122.316708
136 5.832645e+14 121.182518
137 5.833146e+14 118.719547
138 5.833646e+14 120.707437
139 5.834147e+14 126.036124
140 5.834647e+14 131.367070
141 5.835148e+14 127.199202
142 5.835648e+14 127.704305
143 5.836149e+14 124.400318
144 5.836649e+14 121.125686
145 5.837150e+14 129.003084
146 5.837650e+14 131.673867
147 5.838151e+14 129.755105
148 5.838651e+14 128.232591
149 5.839152e+14 134.265885
150 5.839652e+14 114.574075
151 5.840153e+14 127.935512
152 5.840653e+14 125.174418
153 5.841154e+14 126.164492
154 5.841654e+14 121.316806
155 5.842155e+14 133.043143
156 5.842655e+14 123.747144
157 5.843156e+14 129.027388
158 5.843656e+14 119.199237
159 5.844157e+14 123.066616
160 5.844657e+14 126.802776
161 5.845158e+14 137.014233
162 5.845658e+14 128.324012
163 5.846159e+14 139.655412
164 5.846659e+14 131.217345
165 5.847160e+14 131.343382
166 5.847660e+14 132.091472
167 5.848161e+14 121.714379
168 5.848661e+14 127.557010
169 5.849162e+14 124.879376
170 5.849662e+14 132.417639
171 5.850163e+14 129.080583
172 5.850663e+14 116.802546
173 5.851164e+14 117.788304
174 5.851664e+14 140.122123
175 5.852165e+14 134.869733
176 5.852665e+14 125.994882
177 5.853166e+14 123.080532
178 5.853666e+14 121.626913
179 5.854167e+14 124.263653
180 5.854667e+14 134.073004
181 5.855168e+14 129.008530
182 5.855668e+14 132.239428
183 5.856169e+14 126.153055
184 5.856669e+14 138.494330
185 5.857170e+14 125.692363
186 5.857670e+14 129.649475
187 5.858171e+14 125.328438
188 5.858671e+14 136.700238
189 5.859172e+14 128.804397
190 5.859672e+14 127.795395
191 5.860173e+14 123.263449
192 5.860673e+14 133.610533
193 5.861174e+14 131.780219
194 5.861674e+14 122.899270
195 5.862175e+14 130.228134
196 5.862675e+14 126.327549
197 5.863176e+14 128.694044
198 5.863676e+14 126.328869
199 5.864177e+14 130.550844
200 5.864677e+14 128.705130
201 5.865178e+14 133.613696
202 5.865678e+14 133.491101
203 5.866179e+14 127.742011
204 5.866679e+14 133.153451
205 5.867180e+14 121.229005
206 5.867680e+14 121.238255
207 5.868181e+14 124.710410
208 5.868681e+14 132.404235
209 5.869182e+14 115.562060
210 5.869682e+14 124.619751
211 5.870183e+14 127.235652
212 5.870683e+14 134.831502
213 5.871184e+14 138.791600
214 5.871684e+14 130.073562
215 5.872185e+14 139.585364
216 5.872685e+14 135.204485
217 5.873186e+14 128.925994
218 5.873686e+14 146.040430
219 5.874187e+14 117.348793
220 5.874687e+14 119.281932
221 5.875188e+14 127.825270
222 5.875688e+14 127.244931
223 5.876189e+14 126.549403
224 5.876689e+14 121.341865
225 5.877190e+14 129.147216
226 5.877690e+14 140.369596
227 5.878191e+14 130.251825
228 5.878691e+14 135.512693
229 5.879192e+14 133.949955
230 5.879692e+14 143.676471
231 5.880193e+14 124.472260
232 5.880693e+14 128.725711
233 5.881194e+14 130.605360
234 5.881694e+14 142.023946
235 5.882195e+14 132.853734
236 5.882695e+14 129.211423
237 5.883196e+14 127.370234
238 5.883696e+14 135.592290
239 5.884197e+14 136.953824
240 5.884697e+14 136.299842
241 5.885198e+14 112.174254
242 5.885698e+14 135.472957
243 5.886199e+14 131.166761
244 5.886699e+14 113.798457
245 5.887200e+14 127.605584
246 5.887700e+14 117.087017
247 5.888201e+14 130.094296
248 5.888701e+14 144.543152
249 5.889202e+14 139.222336
250 5.889702e+14 135.380919
251 5.890203e+14 134.395066
252 5.890703e+14 132.514501
253 5.891204e+14 126.279438
254 5.891704e+14 126.534540
255 5.892205e+14 121.371769
256 5.892705e+14 124.081800
257 5.893206e+14 129.767078
258 5.893706e+14 130.149391
259 5.894207e+14 133.045974
260 5.894707e+14 134.457467
261 5.895208e+14 133.044908
262 5.895708e+14 122.683264
263 5.896209e+14 123.361641
264 5.896709e+14 124.205328
265 5.897210e+14 135.313526
266 5.897710e+14 129.706715
267 5.898211e+14 131.233482
268 5.898711e+14 129.563769
269 5.899212e+14 136.105348
270 5.899712e+14 130.654558
271 5.900213e+14 132.788507
272 5.900713e+14 126.470424
273 5.901214e+14 134.704329
274 5.901714e+14 129.005189
275 5.902215e+14 134.915684
276 5.902715e+14 132.628224
277 5.903216e+14 128.456472
278 5.903716e+14 123.089366
279 5.904217e+14 127.661699
280 5.904717e+14 130.435707
281 5.905218e+14 124.441181
282 5.905718e+14 139.014966
283 5.906219e+14 131.258018
284 5.906719e+14 135.885418
285 5.907220e+14 132.412631
286 5.907720e+14 126.776193
287 5.908221e+14 130.194119
288 5.908721e+14 123.414257
289 5.909222e+14 120.939173
290 5.909722e+14 121.849872
291 5.910223e+14 125.893453
292 5.910723e+14 128.686696
293 5.911224e+14 132.363827
294 5.911724e+14 132.517096
295 5.912225e+14 128.445935
296 5.912725e+14 136.859871
297 5.913226e+14 136.654475
298 5.913726e+14 121.599837
299 5.914227e+14 125.502990
300 5.914727e+14 124.195594
301 5.915228e+14 126.724611
302 5.915728e+14 133.475273
303 5.916229e+14 127.479193
304 5.916729e+14 123.370772
305 5.917230e+14 125.442740
306 5.917730e+14 127.848771
307 5.918231e+14 132.204217
308 5.918731e+14 130.140383
309 5.919232e+14 127.376372
310 5.919732e+14 125.711676
311 5.920233e+14 125.412370
312 5.920733e+14 118.468482
313 5.921234e+14 136.498300
314 5.921734e+14 124.132797
315 5.922235e+14 120.172647
316 5.922735e+14 126.621418
317 5.923236e+14 136.100430
318 5.923736e+14 123.664330
319 5.924237e+14 122.224395
320 5.924737e+14 124.297673
321 5.925238e+14 113.466886
322 5.925738e+14 131.424188
323 5.926239e+14 128.213314
324 5.926739e+14 127.535508
325 5.927240e+14 141.148718
326 5.927740e+14 132.368673
327 5.928241e+14 130.102794
328 5.928741e+14 120.944354
329 5.929242e+14 120.624290
330 5.929742e+14 125.954621
331 5.930243e+14 136.127292
332 5.930743e+14 129.271473
333 5.931244e+14 124.812345
334 5.931744e+14 129.279323
335 5.932245e+14 125.847705
336 5.932745e+14 125.554270
337 5.933246e+14 118.641199
338 5.933746e+14 124.302967
339 5.934247e+14 124.874086
340 5.934747e+14 122.862300
341 5.935248e+14 121.835514
342 5.935748e+14 106.842761
343 5.936249e+14 126.328705
344 5.936749e+14 119.277953
345 5.937250e+14 122.813460
346 5.937750e+14 122.373142
347 5.938251e+14 113.111448
348 5.938751e+14 118.973440
349 5.939252e+14 130.781414
350 5.939752e+14 129.150263
351 5.940253e+14 125.386862
352 5.940753e+14 122.367659
353 5.941254e+14 111.597869
354 5.941754e+14 113.224500
355 5.942255e+14 113.955956
356 5.942755e+14 113.817233
357 5.943256e+14 134.533824
358 5.943756e+14 127.845335
359 5.944257e+14 136.316731
360 5.944757e+14 127.931153
361 5.945258e+14 123.283884
362 5.945758e+14 130.458630
363 5.946259e+14 135.131032
364 5.946759e+14 121.055776
365 5.947260e+14 123.692671
366 5.947760e+14 118.228878
367 5.948261e+14 127.096725
368 5.948761e+14 116.036799
369 5.949262e+14 116.622686
370 5.949762e+14 130.352449
371 5.950263e+14 121.544496
372 5.950763e+14 127.544931
373 5.951264e+14 119.546417
374 5.951764e+14 117.557332
375 5.952265e+14 113.994728
376 5.952765e+14 121.012245
377 5.953266e+14 112.341189
378 5.953766e+14 131.710310
379 5.954267e+14 117.785381
380 5.954767e+14 124.278461
381 5.955268e+14 120.079565
382 5.955768e+14 114.233726
383 5.956269e+14 123.281961
384 5.956769e+14 117.302169
385 5.957270e+14 125.792759
386 5.957770e+14 123.430591
387 5.958271e+14 123.637014
388 5.958771e+14 123.848914
389 5.959272e+14 131.129007
390 5.959772e+14 119.632238
391 5.960273e+14 120.328866
392 5.960773e+14 118.408810
393 5.961274e+14 122.829163
394 5.961774e+14 130.733019
395 5.962275e+14 125.306079
396 5.962775e+14 125.220883
397 5.963276e+14 120.098828
398 5.963776e+14 125.663592
399 5.964277e+14 121.582578
400 5.964777e+14 123.347086
401 5.965278e+14 118.679485
402 5.965778e+14 117.010310
403 5.966279e+14 111.675909
404 5.966779e+14 132.853827
405 5.967280e+14 113.902834
406 5.967780e+14 113.517528
407 5.968281e+14 118.453222
408 5.968781e+14 110.692744
409 5.969282e+14 126.299626
410 5.969782e+14 124.562238
411 5.970283e+14 115.034726
412 5.970783e+14 111.215754
413 5.971284e+14 124.539053
414 5.971784e+14 116.146398
415 5.972285e+14 124.213528
416 5.972785e+14 129.075626
417 5.973286e+14 115.396248
418 5.973786e+14 119.061428
419 5.974287e+14 113.849299
420 5.974787e+14 115.606983
421 5.975288e+14 111.633333
422 5.975788e+14 113.065301
423 5.976289e+14 126.355825
424 5.976789e+14 122.301621
425 5.977290e+14 122.046413
426 5.977790e+14 124.488685
427 5.978291e+14 115.691547
428 5.978791e+14 127.120911
429 5.979292e+14 117.414842
430 5.979792e+14 125.094855
431 5.980293e+14 113.340087
432 5.980793e+14 111.192581
433 5.981294e+14 114.226868
434 5.981794e+14 128.745020
435 5.982295e+14 109.992661
436 5.982795e+14 109.448464
437 5.983296e+14 117.387353
438 5.983796e+14 117.689881
439 5.984297e+14 123.291947
440 5.984797e+14 104.184322
441 5.985298e+14 126.159652
442 5.985798e+14 116.931987
443 5.986299e+14 121.167354
444 5.986799e+14 129.904229
445 5.987300e+14 127.207236
446 5.987800e+14 115.494989
447 5.988301e+14 128.333846
448 5.988801e+14 133.886855
449 5.989302e+14 116.948256
450 5.989802e+14 118.350552
451 5.990303e+14 123.403982
452 5.990803e+14 115.595539
453 5.991304e+14 114.578000
454 5.991804e+14 119.381645
455 5.992305e+14 114.060218
456 5.992805e+14 117.132628
457 5.993306e+14 118.210036
458 5.993806e+14 111.003917
459 5.994307e+14 119.766374
460 5.994807e+14 124.545125
461 5.995308e+14 112.497918
462 5.995808e+14 112.524207
463 5.996309e+14 133.831925
464 5.996809e+14 127.225654
465 5.997310e+14 123.407448
466 5.997810e+14 112.216241
467 5.998311e+14 118.422767
468 5.998811e+14 119.475251
469 5.999312e+14 118.826306
470 5.999812e+14 115.338473
471 6.000313e+14 109.148160
472 6.000813e+14 119.764753
473 6.001314e+14 120.862999
474 6.001814e+14 122.600894
475 6.002315e+14 118.143151
476 6.002815e+14 124.400222
477 6.003316e+14 119.374652
478 6.003816e+14 117.647623
479 6.004317e+14 109.393093
480 6.004817e+14 116.411912
481 6.005318e+14 120.419074
482 6.005818e+14 121.324879
483 6.006319e+14 117.469784
484 6.006819e+14 121.687827
485 6.007320e+14 114.361433
486 6.007820e+14 121.642039
487 6.008321e+14 122.595621
488 6.008821e+14 130.730176
489 6.009322e+14 118.531652
490 6.009822e+14 123.661697
491 6.010323e+14 126.992086
492 6.010823e+14 116.328992
493 6.011324e+14 120.553788
494 6.011824e+14 130.905195
495 6.012325e+14 119.224232
496 6.012825e+14 119.907626
497 6.013326e+14 131.674870
498 6.013826e+14 121.667261
499 6.014327e+14 114.356215
500 6.014827e+14 119.316421
501 6.015328e+14 120.273208
502 6.015828e+14 117.063585
503 6.016329e+14 130.537465
504 6.016829e+14 128.759032
505 6.017330e+14 122.164648
506 6.017830e+14 119.539199
507 6.018331e+14 117.716207
508 6.018831e+14 121.612516
509 6.019332e+14 114.877252
510 6.019832e+14 113.590648
511 6.020333e+14 116.890379
512 6.020833e+14 126.594846
513 6.021334e+14 125.794901
514 6.021834e+14 108.710721
515 6.022335e+14 119.242076
516 6.022835e+14 119.258988
517 6.023336e+14 110.612645
518 6.023836e+14 119.937273
519 6.024337e+14 121.748275
520 6.024837e+14 113.986161
521 6.025338e+14 116.089411
522 6.025838e+14 129.713512
523 6.026339e+14 125.635097
524 6.026839e+14 118.311908
525 6.027340e+14 122.517789
526 6.027840e+14 122.747955
527 6.028341e+14 117.712626
528 6.028841e+14 115.876102
529 6.029342e+14 111.937454
530 6.029842e+14 125.937080
531 6.030343e+14 103.216953
532 6.030843e+14 111.981299
533 6.031344e+14 117.688317
534 6.031844e+14 110.060294
535 6.032345e+14 123.485176
536 6.032845e+14 121.617758
537 6.033346e+14 121.671816
538 6.033846e+14 117.252521
539 6.034347e+14 119.278306
540 6.034847e+14 118.383116
541 6.035348e+14 118.816045
542 6.035848e+14 119.310798
543 6.036349e+14 115.243959
544 6.036849e+14 121.702733
545 6.037350e+14 116.178696
546 6.037850e+14 112.492736
547 6.038351e+14 104.065960
548 6.038851e+14 108.301795
549 6.039352e+14 115.884747
550 6.039852e+14 114.278258
551 6.040353e+14 111.304683
552 6.040853e+14 112.218669
553 6.041354e+14 117.193651
554 6.041854e+14 117.986110
555 6.042355e+14 116.925827
556 6.042855e+14 108.191455
557 6.043356e+14 123.851911
558 6.043856e+14 124.870310
559 6.044357e+14 114.586599
560 6.044857e+14 112.845950
561 6.045358e+14 111.219205
562 6.045858e+14 121.593656
563 6.046359e+14 121.930372
564 6.046859e+14 118.486919
565 6.047360e+14 116.191488
566 6.047860e+14 114.709963
567 6.048361e+14 114.207430
568 6.048861e+14 114.830771
569 6.049362e+14 106.586735
570 6.049862e+14 107.394826
571 6.050363e+14 128.015785
572 6.050863e+14 119.855572
573 6.051364e+14 107.477916
574 6.051864e+14 108.760060
575 6.052365e+14 115.557848
576 6.052865e+14 114.108056
577 6.053366e+14 135.568221
578 6.053866e+14 126.964652
579 6.054367e+14 130.363728
580 6.054867e+14 126.002394
581 6.055368e+14 112.994997
582 6.055868e+14 122.162518
583 6.056369e+14 111.074012
584 6.056869e+14 109.775156
585 6.057370e+14 127.477069
586 6.057870e+14 127.065610
587 6.058371e+14 108.646120
588 6.058871e+14 115.926094
589 6.059372e+14 114.430128
590 6.059872e+14 118.322155
591 6.060373e+14 112.707649
592 6.060873e+14 115.375932
593 6.061374e+14 119.742247
594 6.061874e+14 126.082013
595 6.062375e+14 117.979706
596 6.062875e+14 117.779937
597 6.063376e+14 127.353648
598 6.063876e+14 121.795521
599 6.064377e+14 119.650562
600 6.064877e+14 119.771668
601 6.065378e+14 120.308547
602 6.065878e+14 113.051295
603 6.066379e+14 109.815822
604 6.066879e+14 112.346103
605 6.067380e+14 117.710305
606 6.067880e+14 125.327307
607 6.068381e+14 126.760574
608 6.068881e+14 112.447089
609 6.069382e+14 119.550503
610 6.069882e+14 117.461760
611 6.070383e+14 115.035030
612 6.070883e+14 118.068464
613 6.071384e+14 124.950916
614 6.071884e+14 118.197166
615 6.072385e+14 125.221052
616 6.072885e+14 119.128539
617 6.073386e+14 123.777317
618 6.073886e+14 117.313131
619 6.074387e+14 121.450335
620 6.074887e+14 116.377711
621 6.075388e+14 124.337668
622 6.075888e+14 117.701334
623 6.076389e+14 115.148745
624 6.076889e+14 132.443422
625 6.077390e+14 126.344103
626 6.077890e+14 121.952774
627 6.078391e+14 119.180658
628 6.078891e+14 116.720254
629 6.079392e+14 119.815404
630 6.079892e+14 108.774722
631 6.080393e+14 120.578183
632 6.080893e+14 117.915784
633 6.081394e+14 121.797930
634 6.081894e+14 115.340914
635 6.082395e+14 120.848019
636 6.082895e+14 129.121229
637 6.083396e+14 117.803627
638 6.083896e+14 122.194552
639 6.084397e+14 123.889994
640 6.084897e+14 124.955899
641 6.085398e+14 108.652999
642 6.085898e+14 116.452430
643 6.086399e+14 112.248205
644 6.086899e+14 119.733364
645 6.087400e+14 122.795421
646 6.087900e+14 116.394625
647 6.088401e+14 107.306181
648 6.088901e+14 130.097271
649 6.089402e+14 119.138087
650 6.089902e+14 114.800899
651 6.090403e+14 118.629247
652 6.090903e+14 120.123352
653 6.091404e+14 126.738218
654 6.091904e+14 122.163169
655 6.092405e+14 127.742882
656 6.092905e+14 117.195834
657 6.093406e+14 125.156969
658 6.093906e+14 117.410433
659 6.094407e+14 121.376999
660 6.094907e+14 127.646278
661 6.095408e+14 119.685185
662 6.095908e+14 115.649962
663 6.096409e+14 104.570761
664 6.096909e+14 123.378018
665 6.097410e+14 108.614759
666 6.097910e+14 120.321698
667 6.098411e+14 113.369527
668 6.098911e+14 131.679867
669 6.099412e+14 120.172602
670 6.099912e+14 119.903476
671 6.100413e+14 119.105491
672 6.100913e+14 109.612413
673 6.101414e+14 118.173136
674 6.101914e+14 114.815619
675 6.102415e+14 117.516817
676 6.102915e+14 128.477889
677 6.103416e+14 121.344016
678 6.103916e+14 110.585395
679 6.104417e+14 114.002746
680 6.104917e+14 122.989145
681 6.105418e+14 118.683443
682 6.105918e+14 124.440907
683 6.106419e+14 126.281302
684 6.106919e+14 115.025903
685 6.107420e+14 126.868749
686 6.107920e+14 119.818573
687 6.108421e+14 113.362568
688 6.108921e+14 112.657395
689 6.109422e+14 121.887592
690 6.109922e+14 116.773657
691 6.110423e+14 117.135843
692 6.110923e+14 120.170904
693 6.111424e+14 115.495045
694 6.111924e+14 122.650605
695 6.112425e+14 123.036995
696 6.112925e+14 108.516607
697 6.113426e+14 129.576093
698 6.113926e+14 122.954517
699 6.114427e+14 128.859487
700 6.114927e+14 118.142245
701 6.115428e+14 126.169317
702 6.115928e+14 121.265354
703 6.116429e+14 111.867151
704 6.116929e+14 120.313861
705 6.117430e+14 118.764171
706 6.117930e+14 124.882099
707 6.118431e+14 123.773577
708 6.118931e+14 119.401658
709 6.119432e+14 129.107998
710 6.119932e+14 122.650907
711 6.120433e+14 121.823317
712 6.120933e+14 112.691009
713 6.121434e+14 120.806803
714 6.121934e+14 120.625536
715 6.122435e+14 114.813189
716 6.122935e+14 112.445379
717 6.123436e+14 115.757806
718 6.123936e+14 115.485615
719 6.124437e+14 128.658180
720 6.124937e+14 135.001565
721 6.125438e+14 109.206538
722 6.125938e+14 121.509625
723 6.126439e+14 126.847472
724 6.126939e+14 111.270712
725 6.127440e+14 118.073988
726 6.127940e+14 130.685625
727 6.128441e+14 116.262039
728 6.128941e+14 115.330562
729 6.129442e+14 133.857057
730 6.129942e+14 124.183624
731 6.130443e+14 116.795724
732 6.130943e+14 128.469657
733 6.131444e+14 112.880000
734 6.131944e+14 117.823591
735 6.132445e+14 118.390129
736 6.132945e+14 117.712991
737 6.133446e+14 112.102511
738 6.133946e+14 120.489151
739 6.134447e+14 122.841863
740 6.134947e+14 113.446891
741 6.135448e+14 117.348831
742 6.135948e+14 112.714873
743 6.136449e+14 118.691022
744 6.136949e+14 107.477402
745 6.137450e+14 114.668208
746 6.137950e+14 117.235830
747 6.138451e+14 108.453116
748 6.138951e+14 123.094989
749 6.139452e+14 117.011258
750 6.139952e+14 117.272805
751 6.140453e+14 128.970575
752 6.140953e+14 113.625666
753 6.141454e+14 122.007513
754 6.141954e+14 120.445328
755 6.142455e+14 125.401295
756 6.142955e+14 125.450653
757 6.143456e+14 122.997171
758 6.143956e+14 112.225150
759 6.144457e+14 115.533468
760 6.144957e+14 119.721409
761 6.145458e+14 135.675836
762 6.145958e+14 110.977127
763 6.146459e+14 111.673782
764 6.146959e+14 110.225696
765 6.147460e+14 121.902919
766 6.147960e+14 113.117042
767 6.148461e+14 112.706781
768 6.148961e+14 123.102431
769 6.149462e+14 122.055220
770 6.149962e+14 125.680652
771 6.150463e+14 113.950966
772 6.150963e+14 116.917593
773 6.151464e+14 116.330243
774 6.151964e+14 122.822416
775 6.152465e+14 102.843074
776 6.152965e+14 116.033538
777 6.153466e+14 122.518878
778 6.153966e+14 126.069451
779 6.154467e+14 109.253175
780 6.154967e+14 127.730253
781 6.155468e+14 122.530671
782 6.155968e+14 119.842204
783 6.156469e+14 118.797682
784 6.156969e+14 114.585176
785 6.157470e+14 116.082573
786 6.157970e+14 119.316750
787 6.158471e+14 128.388315
788 6.158971e+14 126.094841
789 6.159472e+14 120.651951
790 6.159972e+14 131.021745
791 6.160473e+14 119.532114
792 6.160973e+14 110.506357
793 6.161474e+14 120.169199
794 6.161974e+14 132.019573
795 6.162475e+14 114.514903
796 6.162975e+14 121.649405
797 6.163476e+14 119.956465
798 6.163976e+14 115.729684
799 6.164477e+14 124.583982
800 6.164977e+14 125.865698
801 6.165478e+14 121.105209
802 6.165978e+14 128.996560
803 6.166479e+14 119.324197
804 6.166979e+14 128.409404
805 6.167480e+14 117.011513
806 6.167980e+14 127.999921
807 6.168481e+14 121.588479
808 6.168981e+14 120.763107
809 6.169482e+14 126.727463
810 6.169982e+14 133.943217
811 6.170483e+14 127.105847
812 6.170983e+14 117.669943
813 6.171484e+14 111.900009
814 6.171984e+14 120.404804
815 6.172485e+14 117.102570
816 6.172985e+14 124.018850
817 6.173486e+14 120.464070
818 6.173986e+14 122.066442
819 6.174487e+14 126.556491
820 6.174987e+14 121.549351
821 6.175488e+14 122.340646
822 6.175988e+14 118.834573
823 6.176489e+14 119.851613
824 6.176989e+14 119.749169
825 6.177490e+14 111.671007
826 6.177990e+14 118.323335
827 6.178491e+14 122.999140
828 6.178991e+14 117.370169
829 6.179492e+14 135.224614
830 6.179992e+14 115.422992
831 6.180493e+14 126.563405
832 6.180993e+14 127.890094
833 6.181494e+14 122.129489
834 6.181994e+14 131.921196
835 6.182495e+14 114.984449
836 6.182995e+14 119.081681
837 6.183496e+14 116.988397
838 6.183996e+14 123.863106
839 6.184497e+14 122.222432
840 6.184997e+14 119.700811
841 6.185498e+14 128.775328
842 6.185998e+14 120.804607
843 6.186499e+14 116.589125
844 6.186999e+14 122.266748
845 6.187500e+14 116.741533
846 6.188000e+14 118.720574
847 6.188501e+14 123.322988
848 6.189001e+14 130.659172
849 6.189502e+14 126.008150
850 6.190002e+14 114.522700
851 6.190503e+14 125.022147
852 6.191003e+14 128.358719
853 6.191504e+14 130.369829
854 6.192004e+14 121.390752
855 6.192505e+14 118.983857
856 6.193005e+14 125.267832
857 6.193506e+14 110.190739
858 6.194006e+14 121.666472
859 6.194507e+14 121.572935
860 6.195007e+14 119.380701
861 6.195508e+14 118.642883
862 6.196008e+14 116.796326
863 6.196509e+14 117.731112
864 6.197009e+14 128.071857
865 6.197510e+14 110.965816
866 6.198011e+14 124.813205
867 6.198511e+14 123.518974
868 6.199012e+14 123.672047
869 6.199512e+14 124.858392
870 6.200013e+14 126.708923
871 6.200513e+14 126.489700
872 6.201014e+14 122.028993
873 6.201514e+14 123.289750
874 6.202015e+14 126.047810
875 6.202515e+14 119.472188
876 6.203016e+14 118.286417
877 6.203516e+14 122.151064
878 6.204017e+14 126.122873
879 6.204517e+14 112.690997
880 6.205018e+14 134.990984
881 6.205518e+14 122.432046
882 6.206019e+14 112.976095
883 6.206519e+14 118.688931
884 6.207020e+14 126.488390
885 6.207520e+14 124.963625
886 6.208021e+14 126.003943
887 6.208521e+14 127.977715
888 6.209022e+14 118.500289
889 6.209522e+14 115.328362
890 6.210023e+14 123.961025
891 6.210523e+14 131.537739
892 6.211024e+14 128.140732
893 6.211524e+14 123.936195
894 6.212025e+14 117.683662
895 6.212525e+14 128.923940
896 6.213026e+14 114.060688
897 6.213526e+14 125.359710
898 6.214027e+14 114.792241
899 6.214527e+14 116.995348
900 6.215028e+14 130.219970
901 6.215528e+14 124.486022
902 6.216029e+14 120.242206
903 6.216529e+14 117.509525
904 6.217030e+14 125.791284
905 6.217530e+14 124.288889
906 6.218031e+14 109.881184
907 6.218531e+14 132.209300
908 6.219032e+14 118.474950
909 6.219532e+14 119.681843
910 6.220033e+14 110.786564
911 6.220533e+14 136.132726
912 6.221034e+14 126.479738
913 6.221534e+14 128.348813
914 6.222035e+14 113.544631
915 6.222535e+14 124.063666
916 6.223036e+14 117.227275
917 6.223536e+14 116.412457
918 6.224037e+14 116.936933
919 6.224537e+14 132.243949
920 6.225038e+14 123.970639
921 6.225538e+14 122.354956
922 6.226039e+14 117.513411
923 6.226539e+14 121.886912
924 6.227040e+14 127.975239
925 6.227540e+14 115.745576
926 6.228041e+14 124.382238
927 6.228541e+14 121.861656
928 6.229042e+14 116.908810
929 6.229542e+14 118.672805
930 6.230043e+14 118.331043
931 6.230543e+14 132.085171
932 6.231044e+14 124.084824
933 6.231544e+14 124.036664
934 6.232045e+14 118.906949
935 6.232545e+14 116.782765
936 6.233046e+14 125.680960
937 6.233546e+14 124.353135
938 6.234047e+14 121.490137
939 6.234547e+14 128.114544
940 6.235048e+14 122.167725
941 6.235548e+14 120.201335
942 6.236049e+14 129.077576
943 6.236549e+14 115.666774
944 6.237050e+14 120.387797
945 6.237550e+14 116.068106
946 6.238051e+14 118.618073
947 6.238551e+14 124.856252
948 6.239052e+14 126.979586
949 6.239552e+14 129.659351
950 6.240053e+14 119.432381
951 6.240553e+14 118.027317
952 6.241054e+14 124.656510
953 6.241554e+14 125.120198
954 6.242055e+14 138.077293
955 6.242555e+14 114.981371
956 6.243056e+14 128.031443
957 6.243556e+14 116.612884
958 6.244057e+14 128.656820
959 6.244557e+14 126.021274
960 6.245058e+14 123.976194
961 6.245558e+14 129.993380
962 6.246059e+14 126.534863
963 6.246559e+14 131.396057
964 6.247060e+14 124.564239
965 6.247560e+14 120.358607
966 6.248061e+14 127.371653
967 6.248561e+14 121.212866
968 6.249062e+14 120.437619
969 6.249562e+14 129.324276
970 6.250063e+14 129.592046
971 6.250563e+14 119.492151
972 6.251064e+14 115.158201
973 6.251564e+14 120.191796
974 6.252065e+14 123.421196
975 6.252565e+14 127.474940
976 6.253066e+14 135.329904
977 6.253566e+14 126.199449
978 6.254067e+14 121.412437
979 6.254567e+14 119.250552
980 6.255068e+14 126.691975
981 6.255568e+14 129.229078
982 6.256069e+14 120.150087
983 6.256569e+14 128.248358
984 6.257070e+14 126.633536
985 6.257570e+14 125.621490
986 6.258071e+14 117.574376
987 6.258571e+14 118.629197
988 6.259072e+14 120.931172
989 6.259572e+14 121.974170
990 6.260073e+14 122.523882
991 6.260573e+14 124.639608
992 6.261074e+14 125.002270
993 6.261574e+14 127.748650
994 6.262075e+14 115.573136
995 6.262575e+14 117.458568
996 6.263076e+14 114.024303
997 6.263576e+14 130.845163
998 6.264077e+14 129.187116
999 6.264577e+14 127.998247
