# Date: 19/07/01, Author: E.Hubble
# First column is index, second column is frequency (Hz), third column is spectra (A.U.)
0 5.743650e+14 135.115874
1 5.744150e+14 139.458164
2 5.744651e+14 136.600217
3 5.745151e+14 145.605704
4 5.745652e+14 137.947645
5 5.746152e+14 128.245222
6 5.746653e+14 147.883157
7 5.747153e+14 128.315954
8 5.747654e+14 135.644705
9 5.748154e+14 135.508757
10 5.748655e+14 135.848797
11 5.749155e+14 140.922862
12 5.749656e+14 139.727427
13 5.750156e+14 123.902382
14 5.750657e+14 153.960142
15 5.751157e+14 134.692288
16 5.751658e+14 144.721767
17 5.752158e+14 136.136495
18 5.752659e+14 150.900392
19 5.753159e+14 131.162890
20 5.753660e+14 139.017803
21 5.754160e+14 139.505026
22 5.754661e+14 138.511446
23 5.755161e+14 132.670846
24 5.755662e+14 129.125109
25 5.756162e+14 145.658780
26 5.756663e+14 139.960490
27 5.757163e+14 134.838093
28 5.757664e+14 131.349168
29 5.758164e+14 133.237989
30 5.758665e+14 133.206880
31 5.759165e+14 140.924772
32 5.759666e+14 128.599304
33 5.760166e+14 144.976261
34 5.760667e+14 148.296744
35 5.761167e+14 139.550755
36 5.761668e+14 142.704924
37 5.762168e+14 128.161260
38 5.762669e+14 136.030263
39 5.763169e+14 142.727858
40 5.763670e+14 145.255367
41 5.764170e+14 143.867552
42 5.764671e+14 146.469827
43 5.765171e+14 138.614172
44 5.765672e+14 131.068359
45 5.766172e+14 131.604166
46 5.766673e+14 142.341704
47 5.767173e+14 130.748016
48 5.767674e+14 132.779303
49 5.768174e+14 134.324317
50 5.768675e+14 133.943391
51 5.769175e+14 134.969291
52 5.769676e+14 132.620129
53 5.770176e+14 135.240895
54 5.770677e+14 138.546780
55 5.771177e+14 137.485245
56 5.771678e+14 140.756028
57 5.772178e+14 129.747685
58 5.772679e+14 142.032223
59 5.773179e+14 141.317395
60 5.773680e+14 134.979838
61 5.774180e+14 124.053878
62 5.774681e+14 150.771636
63 5.775181e+14 135.990714
64 5.775682e+14 125.447430
65 5.776182e+14 125.192549
66 5.776683e+14 137.729356
67 5.777183e+14 125.215954
68 5.777684e+14 134.010188
69 5.778184e+14 133.700872
70 5.778685e+14 126.546261
71 5.779185e+14 145.585396
72 5.779686e+14 131.657240
73 5.780186e+14 149.310774
74 5.780687e+14 143.635362
75 5.781187e+14 130.860834
76 5.781688e+14 133.509371
77 5.782188e+14 133.813320
78 5.782689e+14 137.318824
79 5.783189e+14 120.925979
80 5.783690e+14 126.212254
81 5.784190e+14 151.356067
82 5.784691e+14 136.777294
83 5.785191e+14 131.267595
84 5.785692e+14 138.957184
85 5.786192e+14 138.646662
86 5.786693e+14 131.980482
87 5.787193e+14 128.506037
88 5.787694e+14 144.697340
89 5.788194e+14 135.008141
90 5.788695e+14 135.774360
91 5.789195e+14 132.779867
92 5.789696e+14 138.205242
93 5.790196e+14 138.331136
94 5.790697e+14 136.503739
95 5.791197e+14 126.830651
96 5.791698e+14 129.862166
97 5.792198e+14 142.784914
98 5.792699e+14 132.825327
99 5.793199e+14 142.077607
100 5.793700e+14 131.509355
101 5.794200e+14 133.130287
102 5.794701e+14 136.431640
103 5.795201e+14 137.620324
104 5.795702e+14 132.316071
105 5.796202e+14 123.690480
106 5.796703e+14 133.951860
107 5.797203e+14 125.376341
108 5.797704e+14 125.016713
109 5.798204e+14 141.164248
110 5.798705e+14 139.589693
111 5.799205e+14 123.575957
112 5.799706e+14 138.527157
113 5.800206e+14 133.013309
114 5.800707e+14 132.414946
115 5.801207e+14 135.313608
116 5.801708e+14 129.941458
117 5.802208e+14 140.507512
118 5.802709e+14 138.139007
119 5.803209e+14 135.908294
120 5.803710e+14 139.994248
121 5.804210e+14 123.847520
122 5.804711e+14 134.285219
123 5.805211e+14 135.934256
124 5.805712e+14 126.390276
125 5.806212e+14 144.388779
126 5.806713e+14 138.057859
127 5.807213e+14 137.811481
128 5.807714e+14 135.857710
129 5.808214e+14 135.586137
130 5.808715e+14 135.054021
131 5.809215e+14 129.682039
132 5.809716e+14 126.562225
133 5.810216e+14 139.462411
134 5.810717e+14 127.157319
135 5.811217e+14 130.909085
136 5.811718e+14 142.748107
137 5.812218e+14 138.143738
138 5.812719e+14 136.068787
139 5.813219e+14 130.249234
140 5.813720e+14 141.639631
141 5.814220e+14 122.678896
142 5.814721e+14 135.871295
143 5.815221e+14 140.380617
144 5.815722e+14 134.430587
145 5.816222e+14 134.390652
146 5.816723e+14 142.192141
147 5.817223e+14 131.476875
148 5.817724e+14 139.087420
149 5.818224e+14 138.357839
150 5.818725e+14 128.672743
151 5.819225e+14 133.771534
152 5.819726e+14 139.393307
153 5.820226e+14 142.578470
154 5.820727e+14 139.178692
155 5.821227e+14 129.263624
156 5.821728e+14 123.226606
157 5.822228e+14 132.945968
158 5.822729e+14 128.381831
159 5.823229e+14 127.822821
160 5.823730e+14 137.102986
161 5.824230e+14 132.444529
162 5.824731e+14 134.560646
163 5.825231e+14 130.854473
164 5.825732e+14 131.315236
165 5.826232e+14 136.581968
166 5.826733e+14 137.252222
167 5.827233e+14 140.578573
168 5.827734e+14 139.924292
169 5.828234e+14 131.804054
170 5.828735e+14 138.088142
171 5.829235e+14 129.463998
172 5.829736e+14 144.522709
173 5.830236e+14 143.250278
174 5.830737e+14 142.509663
175 5.831237e+14 136.878773
176 5.831738e+14 145.045284
177 5.832238e+14 124.400425
178 5.832739e+14 146.072108
179 5.833239e+14 127.938910
180 5.833740e+14 131.192457
181 5.834240e+14 135.722469
182 5.834741e+14 133.681162
183 5.835241e+14 141.277321
184 5.835742e+14 133.253446
185 5.836243e+14 128.988931
186 5.836743e+14 143.305135
187 5.837244e+14 150.127392
188 5.837744e+14 134.550531
189 5.838245e+14 135.909439
190 5.838745e+14 139.090292
191 5.839246e+14 135.421831
192 5.839746e+14 135.677814
193 5.840247e+14 141.308130
194 5.840747e+14 132.818299
195 5.841248e+14 139.053318
196 5.841748e+14 133.477019
197 5.842249e+14 137.980329
198 5.842749e+14 131.182188
199 5.843250e+14 131.363632
200 5.843750e+14 136.685854
201 5.844251e+14 125.471464
202 5.844751e+14 136.908203
203 5.845252e+14 138.092252
204 5.845752e+14 142.437980
205 5.846253e+14 123.744232
206 5.846753e+14 135.556886
207 5.847254e+14 140.904072
208 5.847754e+14 141.549657
209 5.848255e+14 129.570543
210 5.848755e+14 131.176029
211 5.849256e+14 137.591643
212 5.849756e+14 130.674675
213 5.850257e+14 139.734439
214 5.850757e+14 135.973620
215 5.851258e+14 131.600817
216 5.851758e+14 139.664295
217 5.852259e+14 139.514043
218 5.852759e+14 134.856255
219 5.853260e+14 139.589038
220 5.853760e+14 141.155784
221 5.854261e+14 130.673418
222 5.854761e+14 142.925852
223 5.855262e+14 144.819529
224 5.855762e+14 137.009326
225 5.856263e+14 144.328223
226 5.856763e+14 139.030587
227 5.857264e+14 141.219506
228 5.857764e+14 138.097847
229 5.858265e+14 133.001584
230 5.858765e+14 141.917704
231 5.859266e+14 132.220839
232 5.859766e+14 135.929069
233 5.860267e+14 125.017328
234 5.860767e+14 134.164183
235 5.861268e+14 135.599129
236 5.861768e+14 144.274310
237 5.862269e+14 135.923828
238 5.862769e+14 124.036932
239 5.863270e+14 138.733702
240 5.863770e+14 136.369102
241 5.864271e+14 140.525111
242 5.864771e+14 131.515971
243 5.865272e+14 127.740797
244 5.865772e+14 135.683727
245 5.866273e+14 136.360812
246 5.866773e+14 132.025736
247 5.867274e+14 142.499568
248 5.867774e+14 139.505529
249 5.868275e+14 133.018150
250 5.868775e+14 140.232719
251 5.869276e+14 130.739397
252 5.869776e+14 145.756973
253 5.870277e+14 142.820017
254 5.870777e+14 138.189601
255 5.871278e+14 126.773351
256 5.871778e+14 133.645679
257 5.872279e+14 142.741895
258 5.872779e+14 144.239027
259 5.873280e+14 140.345006
260 5.873780e+14 138.112779
261 5.874281e+14 131.017139
262 5.874781e+14 134.727524
263 5.875282e+14 134.250281
264 5.875782e+14 136.414450
265 5.876283e+14 137.687211
266 5.876783e+14 123.779909
267 5.877284e+14 135.395826
268 5.877784e+14 137.909901
269 5.878285e+14 140.293724
270 5.878785e+14 139.403611
271 5.879286e+14 127.376771
272 5.879786e+14 138.483270
273 5.880287e+14 132.014355
274 5.880787e+14 147.685199
275 5.881288e+14 136.794387
276 5.881788e+14 140.155330
277 5.882289e+14 149.358758
278 5.882789e+14 132.468491
279 5.883290e+14 138.557980
280 5.883790e+14 137.097939
281 5.884291e+14 138.557321
282 5.884791e+14 140.245600
283 5.885292e+14 137.954273
284 5.885792e+14 130.151817
285 5.886293e+14 137.766869
286 5.886793e+14 135.336116
287 5.887294e+14 133.156546
288 5.887794e+14 134.804843
289 5.888295e+14 136.907542
290 5.888795e+14 146.884890
291 5.889296e+14 139.814747
292 5.889796e+14 140.088766
293 5.890297e+14 142.703706
294 5.890797e+14 141.228806
295 5.891298e+14 141.207238
296 5.891798e+14 140.112938
297 5.892299e+14 138.530024
298 5.892799e+14 139.033151
299 5.893300e+14 134.034642
300 5.893800e+14 143.354383
301 5.894301e+14 140.096838
302 5.894801e+14 143.842894
303 5.895302e+14 134.946678
304 5.895802e+14 149.827284
305 5.896303e+14 134.305878
306 5.896803e+14 141.555279
307 5.897304e+14 134.947417
308 5.897804e+14 152.323454
309 5.898305e+14 134.904343
310 5.898805e+14 139.667242
311 5.899306e+14 138.125689
312 5.899806e+14 134.585546
313 5.900307e+14 144.284898
314 5.900807e+14 146.675045
315 5.901308e+14 139.902251
316 5.901808e+14 135.274272
317 5.902309e+14 134.779927
318 5.902809e+14 146.432303
319 5.903310e+14 127.960459
320 5.903810e+14 138.950180
321 5.904311e+14 140.305050
322 5.904811e+14 147.025967
323 5.905312e+14 134.508528
324 5.905812e+14 134.370788
325 5.906313e+14 143.775473
326 5.906813e+14 152.170987
327 5.907314e+14 148.528238
328 5.907814e+14 149.103513
329 5.908315e+14 139.748872
330 5.908815e+14 138.895552
331 5.909316e+14 142.717846
332 5.909816e+14 144.029159
333 5.910317e+14 144.157793
334 5.910817e+14 142.295585
335 5.911318e+14 133.283771
336 5.911818e+14 139.709827
337 5.912319e+14 143.782788
338 5.912819e+14 145.887941
339 5.913320e+14 130.360636
340 5.913820e+14 136.721888
341 5.914321e+14 138.084295
342 5.914821e+14 148.964193
343 5.915322e+14 138.152731
344 5.915822e+14 152.011441
345 5.916323e+14 152.739389
346 5.916823e+14 146.915759
347 5.917324e+14 147.668535
348 5.917824e+14 145.096361
349 5.918325e+14 139.832983
350 5.918825e+14 141.971181
351 5.919326e+14 145.148035
352 5.919826e+14 143.886117
353 5.920327e+14 149.817467
354 5.920827e+14 135.182848
355 5.921328e+14 137.175217
356 5.921828e+14 144.679576
357 5.922329e+14 146.767716
358 5.922829e+14 140.115211
359 5.923330e+14 151.434235
360 5.923830e+14 146.229770
361 5.924331e+14 148.478376
362 5.924831e+14 140.165912
363 5.925332e+14 158.447507
364 5.925832e+14 142.321293
365 5.926333e+14 150.243474
366 5.926833e+14 140.191646
367 5.927334e+14 144.720161
368 5.927834e+14 154.990051
369 5.928335e+14 138.196043
370 5.928835e+14 138.413581
371 5.929336e+14 147.017550
372 5.929836e+14 145.191536
373 5.930337e+14 145.955849
374 5.930837e+14 134.691585
375 5.931338e+14 156.742436
376 5.931838e+14 141.290268
377 5.932339e+14 139.831284
378 5.932839e+14 150.361533
379 5.933340e+14 139.948280
380 5.933840e+14 141.489505
381 5.934341e+14 146.781287
382 5.934841e+14 142.690781
383 5.935342e+14 153.047979
384 5.935842e+14 147.959073
385 5.936343e+14 139.673293
386 5.936843e+14 148.984699
387 5.937344e+14 143.148057
388 5.937844e+14 149.702634
389 5.938345e+14 152.613568
390 5.938845e+14 147.022200
391 5.939346e+14 152.156206
392 5.939846e+14 149.865725
393 5.940347e+14 150.527792
394 5.940847e+14 139.884831
395 5.941348e+14 142.314540
396 5.941848e+14 154.093499
397 5.942349e+14 142.279534
398 5.942849e+14 144.407734
399 5.943350e+14 144.378920
400 5.943850e+14 143.162746
401 5.944351e+14 155.959369
402 5.944851e+14 143.929854
403 5.945352e+14 147.670861
404 5.945852e+14 150.809872
405 5.946353e+14 140.624699
406 5.946853e+14 152.225468
407 5.947354e+14 144.125640
408 5.947854e+14 149.556165
409 5.948355e+14 140.795426
410 5.948855e+14 155.403128
411 5.949356e+14 150.221252
412 5.949856e+14 143.316593
413 5.950357e+14 143.640912
414 5.950857e+14 147.390225
415 5.951358e+14 160.991336
416 5.951858e+14 148.266300
417 5.952359e+14 148.175459
418 5.952859e+14 152.184593
419 5.953360e+14 152.043322
420 5.953860e+14 146.515121
421 5.954361e+14 143.342685
422 5.954861e+14 145.912476
423 5.955362e+14 150.677551
424 5.955862e+14 153.449330
425 5.956363e+14 152.792518
426 5.956863e+14 152.779954
427 5.957364e+14 149.998145
428 5.957864e+14 149.451298
429 5.958365e+14 159.668843
430 5.958865e+14 146.369237
431 5.959366e+14 153.349849
432 5.959866e+14 144.793373
433 5.960367e+14 149.811702
434 5.960867e+14 144.668422
435 5.961368e+14 151.580636
436 5.961868e+14 148.254905
437 5.962369e+14 148.702733
438 5.962869e+14 149.356266
439 5.963370e+14 149.684763
440 5.963870e+14 149.385433
441 5.964371e+14 153.106987
442 5.964871e+14 144.207361
443 5.965372e+14 147.013981
444 5.965872e+14 160.703085
445 5.966373e+14 157.082675
446 5.966873e+14 148.967951
447 5.967374e+14 143.480024
448 5.967874e+14 147.097246
449 5.968375e+14 146.876711
450 5.968875e+14 149.866432
451 5.969376e+14 142.342854
452 5.969876e+14 144.060306
453 5.970377e+14 156.608523
454 5.970877e+14 155.822997
455 5.971378e+14 156.645963
456 5.971878e+14 150.016279
457 5.972379e+14 147.953995
458 5.972879e+14 162.496969
459 5.973380e+14 146.737888
460 5.973880e+14 156.580863
461 5.974381e+14 159.794133
462 5.974881e+14 147.760961
463 5.975382e+14 151.013268
464 5.975882e+14 150.898504
465 5.976383e+14 157.379687
466 5.976883e+14 142.588586
467 5.977384e+14 151.555795
468 5.977884e+14 146.883690
469 5.978385e+14 147.801814
470 5.978885e+14 152.841515
471 5.979386e+14 149.149035
472 5.979886e+14 155.994758
473 5.980387e+14 144.141172
474 5.980887e+14 153.796925
475 5.981388e+14 152.841491
476 5.981888e+14 147.376256
477 5.982389e+14 160.457294
478 5.982889e+14 153.472467
479 5.983390e+14 147.847275
480 5.983890e+14 154.562492
481 5.984391e+14 145.942712
482 5.984891e+14 151.319204
483 5.985392e+14 150.609380
484 5.985892e+14 150.751300
485 5.986393e+14 147.740645
486 5.986893e+14 152.923953
487 5.987394e+14 154.190915
488 5.987894e+14 159.436720
489 5.988395e+14 163.618376
490 5.988895e+14 151.833398
491 5.989396e+14 149.705042
492 5.989896e+14 153.162000
493 5.990397e+14 147.425035
494 5.990897e+14 162.158753
495 5.991398e+14 149.037752
496 5.991898e+14 144.068764
497 5.992399e+14 158.326205
498 5.992899e+14 154.832306
499 5.993400e+14 153.636486
500 5.993900e+14 156.601867
501 5.994401e+14 143.843359
502 5.994901e+14 152.194649
503 5.995402e+14 150.775157
504 5.995902e+14 154.067673
505 5.996403e+14 159.661173
506 5.996903e+14 149.753815
507 5.997404e+14 147.226759
508 5.997904e+14 151.113703
509 5.998405e+14 162.215674
510 5.998905e+14 147.113212
511 5.999406e+14 153.201974
512 5.999906e+14 157.189154
513 6.000407e+14 142.867905
514 6.000907e+14 152.058416
515 6.001408e+14 162.138037
516 6.001908e+14 157.528338
517 6.002409e+14 142.043856
518 6.002909e+14 141.297082
519 6.003410e+14 149.226947
520 6.003910e+14 153.042569
521 6.004411e+14 154.921298
522 6.004911e+14 153.748997
523 6.005412e+14 154.339531
524 6.005912e+14 151.162464
525 6.006413e+14 151.651082
526 6.006913e+14 153.273336
527 6.007414e+14 143.683152
528 6.007914e+14 147.356321
529 6.008415e+14 152.344208
530 6.008915e+14 140.719605
531 6.009416e+14 155.536448
532 6.009916e+14 149.075274
533 6.010417e+14 150.460087
534 6.010917e+14 150.395402
535 6.011418e+14 155.998992
536 6.011918e+14 142.369892
537 6.012419e+14 139.101666
538 6.012919e+14 142.939374
539 6.013420e+14 154.800435
540 6.013920e+14 155.049630
541 6.014421e+14 147.835820
542 6.014921e+14 150.815831
543 6.015422e+14 144.817374
544 6.015922e+14 144.829241
545 6.016423e+14 148.680714
546 6.016923e+14 147.985967
547 6.017424e+14 143.915349
548 6.017924e+14 154.312908
549 6.018425e+14 152.533392
550 6.018925e+14 143.458695
551 6.019426e+14 148.739416
552 6.019926e+14 159.354738
553 6.020427e+14 155.621286
554 6.020927e+14 136.695395
555 6.021428e+14 142.897991
556 6.021928e+14 144.757620
557 6.022429e+14 141.744108
558 6.022929e+14 148.073194
559 6.023430e+14 159.865017
560 6.023930e+14 152.826180
561 6.024431e+14 152.426493
562 6.024931e+14 154.805309
563 6.025432e+14 154.787350
564 6.025932e+14 149.106724
565 6.026433e+14 141.379144
566 6.026933e+14 142.410426
567 6.027434e+14 144.363890
568 6.027934e+14 157.561747
569 6.028435e+14 139.183451
570 6.028935e+14 143.423177
571 6.029436e+14 141.391049
572 6.029936e+14 148.832839
573 6.030437e+14 138.557968
574 6.030937e+14 142.374162
575 6.031438e+14 145.837456
576 6.031938e+14 153.661007
577 6.032439e+14 139.915694
578 6.032939e+14 154.391871
579 6.033440e+14 148.087485
580 6.033940e+14 145.025381
581 6.034441e+14 147.982478
582 6.034941e+14 147.858744
583 6.035442e+14 139.612751
584 6.035942e+14 142.968100
585 6.036443e+14 135.786692
586 6.036943e+14 157.279396
587 6.037444e+14 151.507264
588 6.037944e+14 142.082950
589 6.038445e+14 157.802008
590 6.038945e+14 157.241208
591 6.039446e+14 144.035836
592 6.039946e+14 149.274104
593 6.040447e+14 144.141308
594 6.040947e+14 156.957307
595 6.041448e+14 139.585223
596 6.041948e+14 141.452624
597 6.042449e+14 149.096357
598 6.042949e+14 140.970987
599 6.043450e+14 143.970288
600 6.043950e+14 148.509191
601 6.044451e+14 153.355401
602 6.044951e+14 140.476409
603 6.045452e+14 151.526432
604 6.045952e+14 131.741662
605 6.046453e+14 139.913660
606 6.046953e+14 140.190324
607 6.047454e+14 147.110186
608 6.047954e+14 145.563584
609 6.048455e+14 142.890074
610 6.048955e+14 145.181482
611 6.049456e+14 138.494121
612 6.049956e+14 137.328735
613 6.050457e+14 146.835074
614 6.050957e+14 142.716099
615 6.051458e+14 145.659321
616 6.051958e+14 149.412110
617 6.052459e+14 145.768253
618 6.052959e+14 145.049534
619 6.053460e+14 144.781494
620 6.053960e+14 154.504875
621 6.054461e+14 143.739869
622 6.054961e+14 157.124740
623 6.055462e+14 150.180865
624 6.055962e+14 158.440298
625 6.056463e+14 141.958426
626 6.056963e+14 140.717734
627 6.057464e+14 151.530630
628 6.057964e+14 154.830729
629 6.058465e+14 142.212729
630 6.058965e+14 145.616954
631 6.059466e+14 131.786347
632 6.059966e+14 146.450923
633 6.060467e+14 140.789483
634 6.060967e+14 140.646704
635 6.061468e+14 147.351795
636 6.061968e+14 147.462196
637 6.062469e+14 134.485307
638 6.062969e+14 151.105595
639 6.063470e+14 136.710112
640 6.063970e+14 149.865153
641 6.064471e+14 140.314919
642 6.064971e+14 142.418856
643 6.065472e+14 148.231940
644 6.065972e+14 131.742225
645 6.066473e+14 151.369754
646 6.066973e+14 140.442867
647 6.067474e+14 135.859122
648 6.067974e+14 145.311946
649 6.068475e+14 142.716319
650 6.068975e+14 133.622674
651 6.069476e+14 135.905570
652 6.069976e+14 142.052516
653 6.070477e+14 136.638212
654 6.070977e+14 140.588466
655 6.071478e+14 140.863177
656 6.071978e+14 142.247277
657 6.072479e+14 143.876713
658 6.072979e+14 133.070929
659 6.073480e+14 139.201449
660 6.073980e+14 133.093111
661 6.074481e+14 149.080545
662 6.074981e+14 136.959729
663 6.075482e+14 138.883219
664 6.075982e+14 140.467619
665 6.076483e+14 138.535143
666 6.076983e+14 146.247146
667 6.077484e+14 139.208017
668 6.077984e+14 132.743543
669 6.078485e+14 144.375911
670 6.078985e+14 135.243943
671 6.079486e+14 138.662551
672 6.079986e+14 137.025072
673 6.080487e+14 134.444840
674 6.080987e+14 140.383552
675 6.081488e+14 130.492888
676 6.081988e+14 138.457613
677 6.082489e+14 137.678877
678 6.082989e+14 132.200128
679 6.083490e+14 139.318262
680 6.083990e+14 126.827788
681 6.084491e+14 125.410132
682 6.084991e+14 140.963255
683 6.085492e+14 150.857123
684 6.085992e+14 141.539170
685 6.086493e+14 134.082309
686 6.086993e+14 129.308823
687 6.087494e+14 132.628924
688 6.087994e+14 132.299833
689 6.088495e+14 140.174624
690 6.088995e+14 125.452882
691 6.089496e+14 144.943253
692 6.089996e+14 136.474390
693 6.090497e+14 123.938616
694 6.090997e+14 141.078981
695 6.091498e+14 130.633688
696 6.091998e+14 130.220450
697 6.092499e+14 130.078826
698 6.092999e+14 132.420349
699 6.093500e+14 147.218384
700 6.094000e+14 135.539564
701 6.094501e+14 132.788234
702 6.095001e+14 127.579296
703 6.095502e+14 127.509864
704 6.096002e+14 124.546249
705 6.096503e+14 133.557990
706 6.097003e+14 133.352546
707 6.097504e+14 127.126070
708 6.098004e+14 131.913170
709 6.098505e+14 140.831109
710 6.099005e+14 129.959395
711 6.099506e+14 123.375013
712 6.100006e+14 129.323438
713 6.100507e+14 134.879675
714 6.101007e+14 124.482557
715 6.101508e+14 138.763377
716 6.102008e+14 122.953376
717 6.102509e+14 123.024524
718 6.103009e+14 135.629332
719 6.103510e+14 133.371512
720 6.104010e+14 144.580099
721 6.104511e+14 119.375896
722 6.105011e+14 146.493942
723 6.105512e+14 143.741737
724 6.106012e+14 131.244010
725 6.106513e+14 132.185463
726 6.107013e+14 125.190230
727 6.107514e+14 134.110987
728 6.108014e+14 130.848256
729 6.108515e+14 129.400963
730 6.109015e+14 123.123593
731 6.109516e+14 127.413166
732 6.110016e+14 126.077274
733 6.110517e+14 131.774593
734 6.111017e+14 130.808511
735 6.111518e+14 132.877751
736 6.112018e+14 132.449720
737 6.112519e+14 129.798340
738 6.113019e+14 125.648015
739 6.113520e+14 116.666656
740 6.114020e+14 129.009798
741 6.114521e+14 132.324370
742 6.115021e+14 131.132947
743 6.115522e+14 137.465797
744 6.116022e+14 129.923403
745 6.116523e+14 132.225724
746 6.117023e+14 132.203428
747 6.117524e+14 118.458285
748 6.118024e+14 132.494205
749 6.118525e+14 121.990884
750 6.119025e+14 132.356775
751 6.119526e+14 120.613926
752 6.120026e+14 129.415258
753 6.120527e+14 124.059153
754 6.121027e+14 133.053217
755 6.121528e+14 126.010658
756 6.122028e+14 130.490204
757 6.122529e+14 130.532186
758 6.123029e+14 121.392705
759 6.123530e+14 121.608651
760 6.124030e+14 128.742397
761 6.124531e+14 132.333083
762 6.125031e+14 124.321788
763 6.125532e+14 129.188501
764 6.126032e+14 127.345434
765 6.126533e+14 123.683105
766 6.127033e+14 123.820708
767 6.127534e+14 123.574934
768 6.128034e+14 127.794069
769 6.128535e+14 131.927447
770 6.129035e+14 124.376018
771 6.129536e+14 120.787028
772 6.130036e+14 125.614717
773 6.130537e+14 124.295396
774 6.131037e+14 109.980647
775 6.131538e+14 124.014449
776 6.132038e+14 124.196711
777 6.132539e+14 126.052488
778 6.133039e+14 121.126680
779 6.133540e+14 130.662433
780 6.134040e+14 127.147508
781 6.134541e+14 120.102066
782 6.135041e+14 116.803614
783 6.135542e+14 122.337568
784 6.136042e+14 122.449638
785 6.136543e+14 129.956599
786 6.137043e+14 131.574289
787 6.137544e+14 128.237816
788 6.138044e+14 113.166370
789 6.138545e+14 130.108700
790 6.139045e+14 123.292278
791 6.139546e+14 120.580568
792 6.140046e+14 107.967443
793 6.140547e+14 117.716487
794 6.141047e+14 125.413510
795 6.141548e+14 122.749342
796 6.142048e+14 129.685284
797 6.142549e+14 113.040964
798 6.143049e+14 120.120569
799 6.143550e+14 124.342646
800 6.144050e+14 116.662418
801 6.144551e+14 119.197425
802 6.145051e+14 115.330954
803 6.145552e+14 123.237791
804 6.146052e+14 116.829236
805 6.146553e+14 115.243294
806 6.147053e+14 131.317845
807 6.147554e+14 123.976326
808 6.148054e+14 116.373341
809 6.148555e+14 124.237207
810 6.149055e+14 124.078047
811 6.149556e+14 123.715490
812 6.150056e+14 120.109550
813 6.150557e+14 119.123789
814 6.151057e+14 118.826051
815 6.151558e+14 120.575791
816 6.152058e+14 135.667445
817 6.152559e+14 116.651138
818 6.153059e+14 124.821772
819 6.153560e+14 136.883418
820 6.154060e+14 115.889070
821 6.154561e+14 133.038272
822 6.155061e+14 118.785749
823 6.155562e+14 110.333623
824 6.156062e+14 112.551788
825 6.156563e+14 117.494477
826 6.157063e+14 121.727511
827 6.157564e+14 141.548933
828 6.158064e+14 132.865781
829 6.158565e+14 120.326949
830 6.159065e+14 113.906697
831 6.159566e+14 126.783577
832 6.160066e+14 127.686505
833 6.160567e+14 114.386022
834 6.161067e+14 128.322139
835 6.161568e+14 114.300941
836 6.162068e+14 124.018201
837 6.162569e+14 117.823403
838 6.163069e+14 127.780161
839 6.163570e+14 136.629110
840 6.164070e+14 123.322056
841 6.164571e+14 125.991663
842 6.165071e+14 123.239115
843 6.165572e+14 116.499893
844 6.166072e+14 126.688679
845 6.166573e+14 121.520084
846 6.167073e+14 123.581479
847 6.167574e+14 119.156365
848 6.168074e+14 131.953965
849 6.168575e+14 112.736851
850 6.169075e+14 124.356838
851 6.169576e+14 129.838432
852 6.170076e+14 120.635858
853 6.170577e+14 115.835335
854 6.171077e+14 105.800293
855 6.171578e+14 112.176500
856 6.172078e+14 113.330859
857 6.172579e+14 121.948146
858 6.173079e+14 122.624354
859 6.173580e+14 120.498679
860 6.174080e+14 135.220053
861 6.174581e+14 120.703338
862 6.175081e+14 125.552444
863 6.175582e+14 119.117108
864 6.176082e+14 122.177593
865 6.176583e+14 120.128272
866 6.177083e+14 118.930635
867 6.177584e+14 115.207048
868 6.178084e+14 122.076214
869 6.178585e+14 127.456222
870 6.179085e+14 117.930459
871 6.179586e+14 115.461496
872 6.180086e+14 124.911623
873 6.180587e+14 119.862336
874 6.181087e+14 123.614083
875 6.181588e+14 124.966059
876 6.182088e+14 109.890464
877 6.182589e+14 115.679048
878 6.183089e+14 116.561260
879 6.183590e+14 118.848279
880 6.184090e+14 124.383841
881 6.184591e+14 120.694705
882 6.185091e+14 120.422240
883 6.185592e+14 107.249847
884 6.186092e+14 118.119324
885 6.186593e+14 124.955957
886 6.187093e+14 129.843161
887 6.187594e+14 108.939548
888 6.188094e+14 110.915691
889 6.188595e+14 106.550865
890 6.189095e+14 120.955075
891 6.189596e+14 121.858363
892 6.190096e+14 125.247042
893 6.190597e+14 116.641844
894 6.191097e+14 131.238684
895 6.191598e+14 115.798486
896 6.192098e+14 115.256876
897 6.192599e+14 110.394013
898 6.193099e+14 119.893465
899 6.193600e+14 116.825137
900 6.194100e+14 121.937737
901 6.194601e+14 119.640693
902 6.195101e+14 127.581805
903 6.195602e+14 118.395782
904 6.196102e+14 118.021714
905 6.196603e+14 118.744215
906 6.197103e+14 116.196007
907 6.197604e+14 122.890768
908 6.198104e+14 123.514065
909 6.198605e+14 114.958356
910 6.199105e+14 120.865581
911 6.199606e+14 108.218678
912 6.200106e+14 115.204232
913 6.200607e+14 113.951609
914 6.201107e+14 117.701809
915 6.201608e+14 112.508310
916 6.202108e+14 112.808930
917 6.202609e+14 111.329539
918 6.203109e+14 112.523171
919 6.203610e+14 112.632094
920 6.204110e+14 126.647731
921 6.204611e+14 113.903585
922 6.205111e+14 120.620157
923 6.205612e+14 115.128174
924 6.206112e+14 107.075136
925 6.206613e+14 110.336142
926 6.207113e+14 114.237395
927 6.207614e+14 113.556295
928 6.208114e+14 110.454641
929 6.208615e+14 120.870167
930 6.209115e+14 128.486949
931 6.209616e+14 115.358042
932 6.210116e+14 119.513968
933 6.210617e+14 108.666051
934 6.211117e+14 119.930831
935 6.211618e+14 110.732270
936 6.212118e+14 125.603131
937 6.212619e+14 118.733129
938 6.213119e+14 117.002005
939 6.213620e+14 122.934996
940 6.214120e+14 111.869759
941 6.214621e+14 119.749114
942 6.215121e+14 124.792553
943 6.215622e+14 112.639046
944 6.216122e+14 116.278458
945 6.216623e+14 112.812885
946 6.217123e+14 111.518431
947 6.217624e+14 112.133807
948 6.218124e+14 109.092386
949 6.218625e+14 121.281132
950 6.219125e+14 118.153883
951 6.219626e+14 107.965497
952 6.220126e+14 118.381287
953 6.220627e+14 116.753026
954 6.221127e+14 107.828866
955 6.221628e+14 118.498876
956 6.222128e+14 113.343522
957 6.222629e+14 120.458436
958 6.223129e+14 113.491177
959 6.223630e+14 123.907200
960 6.224130e+14 124.598386
961 6.224631e+14 112.903209
962 6.225131e+14 118.762714
963 6.225632e+14 113.344069
964 6.226132e+14 109.067929
965 6.226633e+14 124.715154
966 6.227133e+14 118.629280
967 6.227634e+14 118.696677
968 6.228134e+14 112.234841
969 6.228635e+14 114.409975
970 6.229135e+14 105.040512
971 6.229636e+14 116.383075
972 6.230136e+14 119.504849
973 6.230637e+14 121.306724
974 6.231137e+14 116.193998
975 6.231638e+14 114.162970
976 6.232138e+14 112.661422
977 6.232639e+14 120.667766
978 6.233139e+14 125.619456
979 6.233640e+14 110.933856
980 6.234140e+14 119.388671
981 6.234641e+14 114.997765
982 6.235141e+14 126.064032
983 6.235642e+14 118.413828
984 6.236142e+14 118.142186
985 6.236643e+14 116.316783
986 6.237143e+14 112.577494
987 6.237644e+14 120.649545
988 6.238144e+14 113.340381
989 6.238645e+14 110.889957
990 6.239145e+14 115.116822
991 6.239646e+14 109.564990
992 6.240146e+14 118.403981
993 6.240647e+14 115.169708
994 6.241147e+14 110.398986
995 6.241648e+14 113.943926
996 6.242148e+14 112.723007
997 6.242649e+14 109.577003
998 6.243149e+14 117.417658
999 6.243650e+14 123.938683
