# Date: 19/07/01, Author: E.Hubble
# First column is index, second column is frequency (Hz), third column is spectra (A.U.)
0 5.687737e+14 123.443743
1 5.688237e+14 122.562636
2 5.688738e+14 116.507810
3 5.689238e+14 111.410469
4 5.689739e+14 126.405411
5 5.690239e+14 129.983010
6 5.690740e+14 125.636596
7 5.691240e+14 123.035818
8 5.691741e+14 116.020560
9 5.692241e+14 126.197893
10 5.692742e+14 125.473686
11 5.693242e+14 130.696035
12 5.693743e+14 130.553092
13 5.694243e+14 128.937567
14 5.694744e+14 126.391662
15 5.695244e+14 116.190586
16 5.695745e+14 123.118929
17 5.696245e+14 121.143346
18 5.696746e+14 115.133241
19 5.697246e+14 118.339512
20 5.697747e+14 112.635282
21 5.698247e+14 120.266134
22 5.698748e+14 120.561159
23 5.699248e+14 116.959331
24 5.699749e+14 126.846254
25 5.700249e+14 126.973027
26 5.700750e+14 133.633601
27 5.701250e+14 121.385414
28 5.701751e+14 136.246177
29 5.702251e+14 121.703783
30 5.702752e+14 128.007358
31 5.703252e+14 123.311515
32 5.703753e+14 125.510093
33 5.704253e+14 123.023777
34 5.704754e+14 121.368889
35 5.705254e+14 123.805486
36 5.705755e+14 120.704231
37 5.706255e+14 130.435018
38 5.706756e+14 118.340656
39 5.707256e+14 123.268582
40 5.707757e+14 136.141344
41 5.708257e+14 133.067601
42 5.708758e+14 108.424937
43 5.709258e+14 119.692039
44 5.709759e+14 134.921312
45 5.710259e+14 129.657097
46 5.710760e+14 125.184876
47 5.711260e+14 118.711304
48 5.711761e+14 117.010179
49 5.712261e+14 122.895536
50 5.712762e+14 122.456698
51 5.713262e+14 133.358705
52 5.713763e+14 121.325370
53 5.714263e+14 114.618566
54 5.714764e+14 113.514951
55 5.715264e+14 130.300419
56 5.715765e+14 122.016183
57 5.716265e+14 120.832260
58 5.716766e+14 121.068966
59 5.717266e+14 125.919017
60 5.717767e+14 114.111589
61 5.718267e+14 114.479907
62 5.718768e+14 121.335325
63 5.719268e+14 126.565405
64 5.719769e+14 117.957825
65 5.720269e+14 125.170562
66 5.720770e+14 124.518056
67 5.721270e+14 128.800342
68 5.721771e+14 113.813393
69 5.722271e+14 116.977521
70 5.722772e+14 125.605546
71 5.723272e+14 120.607889
72 5.723773e+14 116.426107
73 5.724273e+14 119.540068
74 5.724774e+14 108.783923
75 5.725274e+14 121.389982
76 5.725775e+14 127.490698
77 5.726275e+14 120.291906
78 5.726776e+14 126.850876
79 5.727276e+14 129.871459
80 5.727777e+14 131.442293
81 5.728277e+14 111.830421
82 5.728778e+14 127.363580
83 5.729278e+14 126.620941
84 5.729779e+14 119.839569
85 5.730279e+14 126.700951
86 5.730780e+14 121.589640
87 5.731280e+14 123.732000
88 5.731781e+14 130.049903
89 5.732281e+14 118.136252
90 5.732782e+14 127.745622
91 5.733282e+14 119.544536
92 5.733783e+14 111.275536
93 5.734283e+14 126.762465
94 5.734784e+14 115.048227
95 5.735284e+14 130.063385
96 5.735785e+14 122.921140
97 5.736285e+14 126.837538
98 5.736786e+14 131.731216
99 5.737286e+14 123.200226
100 5.737787e+14 125.921532
101 5.738287e+14 121.332809
102 5.738788e+14 119.622405
103 5.739288e+14 126.660500
104 5.739789e+14 123.078827
105 5.740289e+14 129.485801
106 5.740790e+14 133.165652
107 5.741290e+14 128.602371
108 5.741791e+14 120.892128
109 5.742291e+14 123.644221
110 5.742792e+14 124.538816
111 5.743292e+14 134.716545
112 5.743793e+14 123.291481
113 5.744293e+14 127.709210
114 5.744794e+14 125.947149
115 5.745294e+14 121.448726
116 5.745795e+14 122.365114
117 5.746295e+14 134.289850
118 5.746796e+14 119.110099
119 5.747296e+14 127.604418
120 5.747797e+14 126.872059
121 5.748297e+14 128.342788
122 5.748798e+14 116.363775
123 5.749298e+14 128.452114
124 5.749799e+14 125.655018
125 5.750299e+14 124.999520
126 5.750800e+14 129.046677
127 5.751300e+14 123.708312
128 5.751801e+14 123.745288
129 5.752301e+14 126.126409
130 5.752802e+14 130.915220
131 5.753302e+14 124.039713
132 5.753803e+14 129.802794
133 5.754303e+14 126.755812
134 5.754804e+14 122.285846
135 5.755304e+14 124.295695
136 5.755805e+14 119.654200
137 5.756305e+14 124.296051
138 5.756806e+14 133.508747
139 5.757306e+14 133.463058
140 5.757807e+14 121.218913
141 5.758307e+14 121.711346
142 5.758808e+14 130.517807
143 5.759308e+14 132.565922
144 5.759809e+14 130.753805
145 5.760309e+14 130.907200
146 5.760810e+14 118.772617
147 5.761310e+14 128.419824
148 5.761811e+14 126.065055
149 5.762311e+14 112.576923
150 5.762812e+14 118.615279
151 5.763312e+14 121.833261
152 5.763813e+14 136.453531
153 5.764313e+14 122.532289
154 5.764814e+14 118.655066
155 5.765314e+14 114.626120
156 5.765815e+14 125.267050
157 5.766315e+14 125.094551
158 5.766816e+14 119.901147
159 5.767316e+14 128.839161
160 5.767817e+14 133.523224
161 5.768317e+14 126.453394
162 5.768818e+14 124.916828
163 5.769318e+14 132.558480
164 5.769819e+14 126.202405
165 5.770319e+14 128.900044
166 5.770820e+14 120.454443
167 5.771320e+14 121.250726
168 5.771821e+14 119.270098
169 5.772321e+14 135.910365
170 5.772822e+14 120.391713
171 5.773322e+14 127.686443
172 5.773823e+14 126.180240
173 5.774323e+14 117.588948
174 5.774824e+14 114.066138
175 5.775324e+14 122.335346
176 5.775825e+14 120.409413
177 5.776325e+14 117.887984
178 5.776826e+14 123.075542
179 5.777326e+14 130.574731
180 5.777827e+14 119.932026
181 5.778327e+14 124.255554
182 5.778828e+14 126.315198
183 5.779328e+14 122.779195
184 5.779829e+14 120.458998
185 5.780329e+14 123.420311
186 5.780830e+14 125.379504
187 5.781330e+14 139.450989
188 5.781831e+14 122.436852
189 5.782331e+14 119.663905
190 5.782832e+14 128.221254
191 5.783332e+14 120.639222
192 5.783833e+14 119.961285
193 5.784333e+14 115.226416
194 5.784834e+14 115.231283
195 5.785334e+14 123.082178
196 5.785835e+14 136.719969
197 5.786335e+14 126.701675
198 5.786836e+14 132.030795
199 5.787336e+14 119.080220
200 5.787837e+14 126.380119
201 5.788337e+14 115.689782
202 5.788838e+14 127.584845
203 5.789338e+14 122.326410
204 5.789839e+14 120.127852
205 5.790339e+14 124.221519
206 5.790840e+14 131.904171
207 5.791340e+14 122.972348
208 5.791841e+14 132.139072
209 5.792341e+14 125.140903
210 5.792842e+14 124.326713
211 5.793342e+14 138.933150
212 5.793843e+14 119.161539
213 5.794343e+14 122.641537
214 5.794844e+14 121.316069
215 5.795344e+14 129.446356
216 5.795845e+14 132.728980
217 5.796345e+14 130.456760
218 5.796846e+14 127.055832
219 5.797346e+14 135.642032
220 5.797847e+14 124.651038
221 5.798347e+14 128.298006
222 5.798848e+14 127.182747
223 5.799348e+14 121.804273
224 5.799849e+14 130.592388
225 5.800349e+14 126.893810
226 5.800850e+14 126.692096
227 5.801350e+14 125.339216
228 5.801851e+14 119.088883
229 5.802351e+14 122.172633
230 5.802852e+14 119.891100
231 5.803352e+14 123.058218
232 5.803853e+14 128.306439
233 5.804353e+14 121.803728
234 5.804854e+14 120.028414
235 5.805354e+14 123.330592
236 5.805855e+14 121.114337
237 5.806355e+14 123.297612
238 5.806856e+14 120.191334
239 5.807356e+14 120.147754
240 5.807857e+14 114.583902
241 5.808357e+14 125.763769
242 5.808858e+14 119.593821
243 5.809358e+14 120.161240
244 5.809859e+14 124.788544
245 5.810359e+14 138.456736
246 5.810860e+14 122.730282
247 5.811360e+14 130.223650
248 5.811861e+14 126.828026
249 5.812361e+14 128.442963
250 5.812862e+14 123.091297
251 5.813362e+14 131.349293
252 5.813863e+14 120.867099
253 5.814363e+14 118.168045
254 5.814864e+14 119.136354
255 5.815364e+14 130.779404
256 5.815865e+14 117.012819
257 5.816365e+14 122.695272
258 5.816866e+14 112.651186
259 5.817366e+14 126.682915
260 5.817867e+14 126.886399
261 5.818367e+14 128.920210
262 5.818868e+14 130.519080
263 5.819368e+14 126.431120
264 5.819869e+14 125.731580
265 5.820369e+14 123.592821
266 5.820870e+14 135.776234
267 5.821370e+14 120.966399
268 5.821871e+14 117.653891
269 5.822371e+14 109.891710
270 5.822872e+14 133.603772
271 5.823372e+14 130.063518
272 5.823873e+14 119.453053
273 5.824373e+14 129.374224
274 5.824874e+14 115.670164
275 5.825374e+14 120.790635
276 5.825875e+14 120.712189
277 5.826375e+14 127.073153
278 5.826876e+14 125.591665
279 5.827376e+14 124.522018
280 5.827877e+14 125.127739
281 5.828377e+14 127.400079
282 5.828878e+14 129.942043
283 5.829378e+14 121.916389
284 5.829879e+14 129.650590
285 5.830379e+14 124.591037
286 5.830880e+14 132.287035
287 5.831380e+14 123.947111
288 5.831881e+14 126.329809
289 5.832381e+14 124.927102
290 5.832882e+14 116.002112
291 5.833382e+14 140.316565
292 5.833883e+14 135.445990
293 5.834383e+14 121.175169
294 5.834884e+14 120.920198
295 5.835384e+14 128.279242
296 5.835885e+14 126.828033
297 5.836385e+14 122.099487
298 5.836886e+14 126.796011
299 5.837386e+14 127.844218
300 5.837887e+14 127.645278
301 5.838387e+14 131.454348
302 5.838888e+14 134.651891
303 5.839388e+14 126.890691
304 5.839889e+14 136.335112
305 5.840389e+14 133.712449
306 5.840890e+14 126.859176
307 5.841390e+14 124.594428
308 5.841891e+14 120.613420
309 5.842391e+14 128.944249
310 5.842892e+14 118.583976
311 5.843392e+14 126.092697
312 5.843893e+14 124.025942
313 5.844393e+14 122.928987
314 5.844894e+14 131.510327
315 5.845394e+14 132.475095
316 5.845895e+14 126.959241
317 5.846395e+14 126.650921
318 5.846896e+14 127.468588
319 5.847396e+14 117.265147
320 5.847897e+14 126.601368
321 5.848397e+14 126.078244
322 5.848898e+14 133.620970
323 5.849398e+14 121.286613
324 5.849899e+14 128.167886
325 5.850399e+14 128.588297
326 5.850900e+14 124.462249
327 5.851400e+14 121.738679
328 5.851901e+14 131.251176
329 5.852401e+14 135.046977
330 5.852902e+14 125.696196
331 5.853402e+14 118.513995
332 5.853903e+14 130.992718
333 5.854403e+14 119.346489
334 5.854904e+14 121.894735
335 5.855404e+14 126.846851
336 5.855905e+14 116.268199
337 5.856405e+14 134.200145
338 5.856906e+14 123.000818
339 5.857406e+14 130.029278
340 5.857907e+14 132.420818
341 5.858407e+14 112.843745
342 5.858908e+14 129.592913
343 5.859408e+14 126.469200
344 5.859909e+14 122.144174
345 5.860409e+14 123.959147
346 5.860910e+14 132.373654
347 5.861410e+14 134.143585
348 5.861911e+14 129.028626
349 5.862411e+14 135.709202
350 5.862912e+14 121.491539
351 5.863412e+14 126.231206
352 5.863913e+14 132.536815
353 5.864413e+14 117.220568
354 5.864914e+14 134.616949
355 5.865414e+14 124.225159
356 5.865915e+14 130.982829
357 5.866415e+14 126.918256
358 5.866916e+14 128.851477
359 5.867416e+14 122.412365
360 5.867917e+14 127.673880
361 5.868417e+14 132.073636
362 5.868918e+14 130.125544
363 5.869418e+14 121.576678
364 5.869919e+14 128.641228
365 5.870419e+14 123.892761
366 5.870920e+14 125.574053
367 5.871420e+14 133.335004
368 5.871921e+14 117.894692
369 5.872421e+14 114.410623
370 5.872922e+14 119.488020
371 5.873422e+14 118.385981
372 5.873923e+14 116.388433
373 5.874423e+14 129.736902
374 5.874924e+14 129.501118
375 5.875424e+14 131.459322
376 5.875925e+14 132.827546
377 5.876425e+14 132.606456
378 5.876926e+14 131.832487
379 5.877426e+14 122.779769
380 5.877927e+14 144.610468
381 5.878427e+14 128.580614
382 5.878928e+14 127.442349
383 5.879428e+14 120.076965
384 5.879929e+14 122.458433
385 5.880429e+14 124.166121
386 5.880930e+14 132.903120
387 5.881430e+14 130.995975
388 5.881931e+14 125.842747
389 5.882431e+14 120.826060
390 5.882932e+14 135.091177
391 5.883432e+14 129.277985
392 5.883933e+14 125.888015
393 5.884433e+14 128.501071
394 5.884934e+14 127.992913
395 5.885434e+14 124.603656
396 5.885935e+14 125.595467
397 5.886435e+14 124.874185
398 5.886936e+14 122.938192
399 5.887436e+14 134.218828
400 5.887937e+14 134.741772
401 5.888437e+14 127.116063
402 5.888938e+14 136.482389
403 5.889438e+14 134.338031
404 5.889939e+14 137.535886
405 5.890439e+14 115.319158
406 5.890940e+14 130.190272
407 5.891440e+14 125.272326
408 5.891941e+14 126.652015
409 5.892441e+14 125.975977
410 5.892942e+14 123.888365
411 5.893442e+14 137.289631
412 5.893943e+14 137.357064
413 5.894443e+14 125.567107
414 5.894944e+14 128.374459
415 5.895444e+14 129.367841
416 5.895945e+14 129.255973
417 5.896445e+14 134.731557
418 5.896946e+14 122.421089
419 5.897446e+14 131.274539
420 5.897947e+14 133.000193
421 5.898447e+14 133.741124
422 5.898948e+14 128.039873
423 5.899448e+14 129.205334
424 5.899949e+14 132.156630
425 5.900449e+14 136.203515
426 5.900950e+14 126.300785
427 5.901450e+14 140.021861
428 5.901951e+14 139.202052
429 5.902451e+14 133.685717
430 5.902952e+14 131.579941
431 5.903452e+14 123.682207
432 5.903953e+14 140.591615
433 5.904453e+14 127.693577
434 5.904954e+14 134.089893
435 5.905454e+14 143.627253
436 5.905955e+14 129.166819
437 5.906455e+14 135.525999
438 5.906956e+14 143.437952
439 5.907456e+14 134.815501
440 5.907957e+14 140.298047
441 5.908457e+14 132.767998
442 5.908958e+14 136.081107
443 5.909458e+14 143.018138
444 5.909959e+14 140.025029
445 5.910459e+14 125.925755
446 5.910960e+14 138.628444
447 5.911460e+14 137.901897
448 5.911961e+14 135.087978
449 5.912461e+14 132.263351
450 5.912962e+14 127.390467
451 5.913462e+14 133.963124
452 5.913963e+14 151.036529
453 5.914463e+14 133.644642
454 5.914964e+14 139.639303
455 5.915464e+14 137.136826
456 5.915965e+14 133.720478
457 5.916465e+14 136.910003
458 5.916966e+14 140.519093
459 5.917466e+14 129.659609
460 5.917967e+14 147.042212
461 5.918467e+14 138.516397
462 5.918968e+14 143.099811
463 5.919468e+14 141.773535
464 5.919969e+14 140.876560
465 5.920469e+14 150.199999
466 5.920970e+14 130.486485
467 5.921470e+14 125.002780
468 5.921971e+14 141.655730
469 5.922471e+14 146.885565
470 5.922972e+14 127.883354
471 5.923472e+14 143.321118
472 5.923973e+14 140.649065
473 5.924473e+14 150.803203
474 5.924974e+14 141.008358
475 5.925474e+14 147.414494
476 5.925975e+14 149.887592
477 5.926475e+14 141.274879
478 5.926976e+14 148.728589
479 5.927476e+14 137.960951
480 5.927977e+14 138.461881
481 5.928477e+14 139.245174
482 5.928978e+14 143.256613
483 5.929478e+14 143.421617
484 5.929979e+14 157.212942
485 5.930479e+14 138.257958
486 5.930980e+14 133.972766
487 5.931480e+14 146.034541
488 5.931981e+14 138.010775
489 5.932481e+14 147.007705
490 5.932982e+14 140.986251
491 5.933482e+14 149.547963
492 5.933983e+14 131.791483
493 5.934483e+14 148.297844
494 5.934984e+14 138.883177
495 5.935484e+14 137.818449
496 5.935985e+14 149.664601
497 5.936485e+14 146.968353
498 5.936986e+14 147.006870
499 5.937486e+14 151.071174
500 5.937987e+14 143.258282
501 5.938487e+14 147.214974
502 5.938988e+14 153.205094
503 5.939488e+14 149.437237
504 5.939989e+14 157.953574
505 5.940489e+14 143.457320
506 5.940990e+14 149.662842
507 5.941490e+14 146.557433
508 5.941991e+14 148.125249
509 5.942491e+14 147.453968
510 5.942992e+14 136.650495
511 5.943492e+14 140.139787
512 5.943993e+14 144.746368
513 5.944493e+14 156.187428
514 5.944994e+14 157.094292
515 5.945494e+14 158.455029
516 5.945995e+14 145.595800
517 5.946495e+14 158.551696
518 5.946996e+14 151.382946
519 5.947496e+14 156.076802
520 5.947997e+14 148.400740
521 5.948497e+14 141.518387
522 5.948998e+14 160.882566
523 5.949498e+14 147.013119
524 5.949999e+14 150.760073
525 5.950499e+14 148.490682
526 5.951000e+14 147.287107
527 5.951500e+14 155.922614
528 5.952001e+14 150.583761
529 5.952501e+14 153.125817
530 5.953002e+14 159.045575
531 5.953502e+14 158.610879
532 5.954003e+14 150.568787
533 5.954503e+14 141.957089
534 5.955004e+14 147.867962
535 5.955504e+14 152.688012
536 5.956005e+14 145.567871
537 5.956505e+14 154.370154
538 5.957006e+14 147.043550
539 5.957506e+14 149.739221
540 5.958007e+14 141.922197
541 5.958507e+14 149.523635
542 5.959008e+14 140.953773
543 5.959508e+14 152.838309
544 5.960009e+14 134.376565
545 5.960509e+14 141.351223
546 5.961010e+14 142.465891
547 5.961510e+14 155.988101
548 5.962011e+14 146.251814
549 5.962511e+14 146.837883
550 5.963012e+14 147.067315
551 5.963512e+14 147.404842
552 5.964013e+14 147.616945
553 5.964513e+14 139.646398
554 5.965014e+14 141.521837
555 5.965514e+14 149.461490
556 5.966015e+14 138.987209
557 5.966515e+14 152.196302
558 5.967016e+14 146.808771
559 5.967516e+14 143.705765
560 5.968017e+14 149.332334
561 5.968517e+14 144.404030
562 5.969018e+14 150.032052
563 5.969518e+14 153.567876
564 5.970019e+14 146.787859
565 5.970519e+14 142.637603
566 5.971020e+14 147.460396
567 5.971520e+14 138.923250
568 5.972021e+14 144.890301
569 5.972521e+14 150.616058
570 5.973022e+14 151.101308
571 5.973522e+14 146.573795
572 5.974023e+14 144.910034
573 5.974523e+14 141.550802
574 5.975024e+14 140.812096
575 5.975524e+14 143.343124
576 5.976025e+14 143.885810
577 5.976525e+14 142.969091
578 5.977026e+14 154.513587
579 5.977526e+14 146.682258
580 5.978027e+14 142.641179
581 5.978527e+14 136.892770
582 5.979028e+14 142.839924
583 5.979528e+14 144.124252
584 5.980029e+14 140.326142
585 5.980529e+14 139.712381
586 5.981030e+14 155.977669
587 5.981530e+14 138.332306
588 5.982031e+14 148.861158
589 5.982531e+14 138.999638
590 5.983032e+14 144.425173
591 5.983532e+14 143.178548
592 5.984033e+14 138.633657
593 5.984533e+14 144.370110
594 5.985034e+14 144.980771
595 5.985534e+14 140.335187
596 5.986035e+14 138.685753
597 5.986535e+14 135.693093
598 5.987036e+14 144.946043
599 5.987536e+14 139.720519
600 5.988037e+14 134.840916
601 5.988537e+14 139.120635
602 5.989038e+14 140.055683
603 5.989538e+14 152.338474
604 5.990039e+14 144.171230
605 5.990539e+14 132.761788
606 5.991040e+14 147.151375
607 5.991540e+14 140.416408
608 5.992041e+14 137.689060
609 5.992541e+14 134.387751
610 5.993042e+14 127.797806
611 5.993542e+14 138.873568
612 5.994043e+14 142.029129
613 5.994543e+14 140.586301
614 5.995044e+14 127.712601
615 5.995544e+14 135.237861
616 5.996045e+14 142.121980
617 5.996545e+14 144.191172
618 5.997046e+14 131.393028
619 5.997546e+14 148.593345
620 5.998047e+14 140.211451
621 5.998547e+14 145.971534
622 5.999048e+14 139.282786
623 5.999548e+14 146.431731
624 6.000049e+14 141.533835
625 6.000549e+14 129.646352
626 6.001050e+14 140.462092
627 6.001550e+14 140.672993
628 6.002051e+14 131.177093
629 6.002551e+14 131.934208
630 6.003052e+14 135.784004
631 6.003552e+14 125.388162
632 6.004053e+14 145.990279
633 6.004553e+14 131.026201
634 6.005054e+14 139.134301
635 6.005554e+14 130.701290
636 6.006055e+14 127.534655
637 6.006555e+14 137.957913
638 6.007056e+14 140.500573
639 6.007556e+14 138.470268
640 6.008057e+14 140.295504
641 6.008557e+14 135.526440
642 6.009058e+14 123.276305
643 6.009558e+14 131.254577
644 6.010059e+14 131.880662
645 6.010559e+14 138.649847
646 6.011060e+14 128.171950
647 6.011560e+14 125.499099
648 6.012061e+14 124.858650
649 6.012561e+14 126.402647
650 6.013062e+14 141.083199
651 6.013562e+14 132.185998
652 6.014063e+14 140.364773
653 6.014563e+14 140.667736
654 6.015064e+14 126.504434
655 6.015564e+14 136.477508
656 6.016065e+14 136.117253
657 6.016565e+14 137.707555
658 6.017066e+14 144.016090
659 6.017566e+14 120.298193
660 6.018067e+14 122.905836
661 6.018567e+14 129.145596
662 6.019068e+14 127.371796
663 6.019568e+14 130.252371
664 6.020069e+14 132.429491
665 6.020569e+14 126.412523
666 6.021070e+14 131.279534
667 6.021570e+14 137.533955
668 6.022071e+14 118.005440
669 6.022571e+14 121.521270
670 6.023072e+14 128.770342
671 6.023572e+14 130.089031
672 6.024073e+14 126.024674
673 6.024573e+14 126.863492
674 6.025074e+14 116.850181
675 6.025574e+14 109.945833
676 6.026075e+14 124.055744
677 6.026575e+14 136.338074
678 6.027076e+14 145.147044
679 6.027576e+14 131.542029
680 6.028077e+14 105.912074
681 6.028577e+14 138.761201
682 6.029078e+14 128.286044
683 6.029578e+14 127.866517
684 6.030079e+14 121.732663
685 6.030579e+14 133.840221
686 6.031080e+14 122.989425
687 6.031580e+14 121.891723
688 6.032081e+14 130.299195
689 6.032581e+14 121.728658
690 6.033082e+14 138.314690
691 6.033582e+14 127.913297
692 6.034083e+14 137.015523
693 6.034583e+14 118.546781
694 6.035084e+14 135.061425
695 6.035584e+14 129.150036
696 6.036085e+14 136.885230
697 6.036585e+14 121.087750
698 6.037086e+14 130.819209
699 6.037586e+14 133.097229
700 6.038087e+14 129.061557
701 6.038587e+14 120.925961
702 6.039088e+14 135.075451
703 6.039588e+14 134.051130
704 6.040089e+14 130.674382
705 6.040589e+14 133.101106
706 6.041090e+14 130.320873
707 6.041590e+14 120.281979
708 6.042091e+14 125.859766
709 6.042591e+14 133.492231
710 6.043092e+14 131.011165
711 6.043592e+14 141.035438
712 6.044093e+14 126.186795
713 6.044593e+14 128.262796
714 6.045094e+14 134.232966
715 6.045594e+14 133.226118
716 6.046095e+14 115.708416
717 6.046595e+14 131.069299
718 6.047096e+14 134.118183
719 6.047596e+14 127.842775
720 6.048097e+14 127.376056
721 6.048597e+14 133.885038
722 6.049098e+14 131.556310
723 6.049598e+14 124.185360
724 6.050099e+14 126.002898
725 6.050599e+14 131.924533
726 6.051100e+14 130.149766
727 6.051600e+14 137.607848
728 6.052101e+14 128.377636
729 6.052601e+14 119.097317
730 6.053102e+14 131.335749
731 6.053602e+14 128.263479
732 6.054103e+14 131.851906
733 6.054603e+14 134.372644
734 6.055104e+14 135.175514
735 6.055604e+14 127.532491
736 6.056105e+14 132.344132
737 6.056605e+14 138.498737
738 6.057106e+14 121.658737
739 6.057606e+14 124.131327
740 6.058107e+14 119.127063
741 6.058607e+14 127.200049
742 6.059108e+14 122.969119
743 6.059608e+14 126.088667
744 6.060109e+14 134.393661
745 6.060609e+14 132.051852
746 6.061110e+14 127.076524
747 6.061610e+14 130.400567
748 6.062111e+14 130.372116
749 6.062611e+14 130.313193
750 6.063112e+14 134.057792
751 6.063612e+14 126.245087
752 6.064113e+14 141.235424
753 6.064613e+14 131.559604
754 6.065114e+14 136.883693
755 6.065614e+14 129.518253
756 6.066115e+14 130.269969
757 6.066615e+14 120.828844
758 6.067116e+14 124.157010
759 6.067616e+14 127.766056
760 6.068117e+14 128.974757
761 6.068617e+14 134.757506
762 6.069118e+14 135.524703
763 6.069618e+14 118.226087
764 6.070119e+14 133.242330
765 6.070619e+14 122.376296
766 6.071120e+14 126.393528
767 6.071620e+14 128.039985
768 6.072121e+14 128.632186
769 6.072621e+14 125.040197
770 6.073122e+14 129.672443
771 6.073622e+14 124.091702
772 6.074123e+14 131.467027
773 6.074623e+14 127.545166
774 6.075124e+14 136.437437
775 6.075624e+14 117.610507
776 6.076125e+14 125.659910
777 6.076625e+14 127.988637
778 6.077126e+14 136.501024
779 6.077626e+14 138.776533
780 6.078127e+14 123.643083
781 6.078627e+14 126.876159
782 6.079128e+14 135.807806
783 6.079628e+14 141.131163
784 6.080129e+14 131.613858
785 6.080629e+14 130.831334
786 6.081130e+14 131.796518
787 6.081630e+14 131.300415
788 6.082131e+14 125.144227
789 6.082631e+14 125.665097
790 6.083132e+14 140.721839
791 6.083632e+14 119.604585
792 6.084133e+14 125.352416
793 6.084633e+14 131.831223
794 6.085134e+14 129.816855
795 6.085634e+14 133.714680
796 6.086135e+14 135.572100
797 6.086635e+14 122.101624
798 6.087136e+14 131.121554
799 6.087636e+14 137.545995
800 6.088137e+14 127.027768
801 6.088637e+14 114.308526
802 6.089138e+14 134.923097
803 6.089638e+14 126.026500
804 6.090139e+14 129.393347
805 6.090639e+14 127.108166
806 6.091140e+14 134.093487
807 6.091640e+14 132.831797
808 6.092141e+14 129.713709
809 6.092641e+14 121.318456
810 6.093142e+14 138.044092
811 6.093642e+14 133.774452
812 6.094143e+14 124.122717
813 6.094643e+14 126.286237
814 6.095144e+14 127.967682
815 6.095644e+14 134.062366
816 6.096145e+14 134.301083
817 6.096645e+14 120.019506
818 6.097146e+14 126.932822
819 6.097646e+14 124.277453
820 6.098147e+14 128.213225
821 6.098647e+14 130.145962
822 6.099148e+14 121.891733
823 6.099648e+14 132.372037
824 6.100149e+14 128.066915
825 6.100649e+14 136.182610
826 6.101150e+14 143.520648
827 6.101650e+14 134.912638
828 6.102151e+14 128.363507
829 6.102651e+14 128.126995
830 6.103152e+14 139.036409
831 6.103652e+14 131.088471
832 6.104153e+14 119.240001
833 6.104653e+14 127.072543
834 6.105154e+14 121.166593
835 6.105654e+14 131.715890
836 6.106155e+14 129.546622
837 6.106655e+14 133.730634
838 6.107156e+14 129.442754
839 6.107656e+14 127.053171
840 6.108157e+14 130.588386
841 6.108657e+14 133.970291
842 6.109158e+14 135.785187
843 6.109658e+14 138.044435
844 6.110159e+14 127.494131
845 6.110659e+14 130.673084
846 6.111160e+14 121.689747
847 6.111660e+14 133.963014
848 6.112161e+14 131.789495
849 6.112661e+14 129.818473
850 6.113162e+14 129.477070
851 6.113662e+14 130.765602
852 6.114163e+14 129.668259
853 6.114663e+14 133.166014
854 6.115164e+14 128.009741
855 6.115664e+14 128.676478
856 6.116165e+14 131.867307
857 6.116665e+14 134.386553
858 6.117166e+14 113.978762
859 6.117666e+14 143.386598
860 6.118167e+14 136.154345
861 6.118667e+14 128.296436
862 6.119168e+14 134.801056
863 6.119668e+14 130.962824
864 6.120169e+14 130.387682
865 6.120669e+14 130.728531
866 6.121170e+14 126.356964
867 6.121670e+14 129.218383
868 6.122171e+14 128.547314
869 6.122671e+14 126.470904
870 6.123172e+14 126.598769
871 6.123672e+14 129.238419
872 6.124173e+14 133.723148
873 6.124673e+14 142.249368
874 6.125174e+14 121.035379
875 6.125674e+14 136.421518
876 6.126175e+14 120.552652
877 6.126675e+14 135.147387
878 6.127176e+14 136.859443
879 6.127676e+14 123.335359
880 6.128177e+14 133.384235
881 6.128677e+14 130.314690
882 6.129178e+14 133.836774
883 6.129678e+14 125.996205
884 6.130179e+14 126.158246
885 6.130680e+14 132.525634
886 6.131180e+14 127.310889
887 6.131681e+14 128.993615
888 6.132181e+14 129.896530
889 6.132682e+14 132.107929
890 6.133182e+14 134.253526
891 6.133683e+14 124.545176
892 6.134183e+14 132.984407
893 6.134684e+14 126.846490
894 6.135184e+14 135.105385
895 6.135685e+14 133.511302
896 6.136185e+14 127.833289
897 6.136686e+14 137.422126
898 6.137186e+14 130.217128
899 6.137687e+14 129.154370
900 6.138187e+14 136.390447
901 6.138688e+14 121.792857
902 6.139188e+14 132.047785
903 6.139689e+14 136.307304
904 6.140189e+14 126.573801
905 6.140690e+14 135.216780
906 6.141190e+14 130.837495
907 6.141691e+14 132.533351
908 6.142191e+14 130.045589
909 6.142692e+14 132.923942
910 6.143192e+14 129.248345
911 6.143693e+14 121.015464
912 6.144193e+14 135.937235
913 6.144694e+14 125.065485
914 6.145194e+14 136.871315
915 6.145695e+14 128.863024
916 6.146195e+14 131.098694
917 6.146696e+14 131.218637
918 6.147196e+14 133.610240
919 6.147697e+14 123.677228
920 6.148197e+14 132.537010
921 6.148698e+14 137.827315
922 6.149198e+14 141.928205
923 6.149699e+14 132.293385
924 6.150199e+14 130.875392
925 6.150700e+14 127.849014
926 6.151200e+14 135.993384
927 6.151701e+14 118.416683
928 6.152201e+14 131.303184
929 6.152702e+14 123.450820
930 6.153202e+14 137.129328
931 6.153703e+14 140.090892
932 6.154203e+14 138.479678
933 6.154704e+14 132.244470
934 6.155204e+14 116.157529
935 6.155705e+14 133.807788
936 6.156205e+14 127.498004
937 6.156706e+14 125.698167
938 6.157206e+14 133.480505
939 6.157707e+14 133.329075
940 6.158207e+14 130.644963
941 6.158708e+14 127.826484
942 6.159208e+14 124.845026
943 6.159709e+14 134.310610
944 6.160209e+14 121.015274
945 6.160710e+14 122.084714
946 6.161210e+14 126.850608
947 6.161711e+14 128.559648
948 6.162211e+14 127.416325
949 6.162712e+14 134.040028
950 6.163212e+14 133.037542
951 6.163713e+14 121.596651
952 6.164213e+14 135.882466
953 6.164714e+14 124.447172
954 6.165214e+14 125.253526
955 6.165715e+14 137.317782
956 6.166215e+14 128.421951
957 6.166716e+14 138.842877
958 6.167216e+14 126.965856
959 6.167717e+14 129.086222
960 6.168217e+14 124.119854
961 6.168718e+14 129.315373
962 6.169218e+14 135.128537
963 6.169719e+14 122.399985
964 6.170219e+14 125.221133
965 6.170720e+14 136.322326
966 6.171220e+14 124.207091
967 6.171721e+14 128.650010
968 6.172221e+14 124.162789
969 6.172722e+14 137.714787
970 6.173222e+14 125.220022
971 6.173723e+14 138.449795
972 6.174223e+14 135.989204
973 6.174724e+14 138.643750
974 6.175224e+14 122.620529
975 6.175725e+14 130.570382
976 6.176225e+14 140.350606
977 6.176726e+14 129.398488
978 6.177226e+14 123.907092
979 6.177727e+14 131.884334
980 6.178227e+14 123.710965
981 6.178728e+14 130.070418
982 6.179228e+14 125.302574
983 6.179729e+14 126.650166
984 6.180229e+14 131.198016
985 6.180730e+14 125.711013
986 6.181230e+14 142.327707
987 6.181731e+14 125.396529
988 6.182231e+14 132.292552
989 6.182732e+14 131.439325
990 6.183232e+14 127.274803
991 6.183733e+14 125.610209
992 6.184233e+14 133.219035
993 6.184734e+14 133.664835
994 6.185234e+14 122.533521
995 6.185735e+14 126.858926
996 6.186235e+14 132.240879
997 6.186736e+14 123.365733
998 6.187236e+14 130.117948
999 6.187737e+14 127.279138
