# Date: 19/07/01, Author: E.Hubble
# First column is index, second column is frequency (Hz), third column is spectra (A.U.)
0 5.606713e+14 102.536024
1 5.607213e+14 105.439829
2 5.607714e+14 104.364914
3 5.608214e+14 102.730883
4 5.608715e+14 99.588421
5 5.609215e+14 117.987348
6 5.609716e+14 106.440396
7 5.610216e+14 101.375898
8 5.610717e+14 97.148020
9 5.611217e+14 108.524205
10 5.611718e+14 108.160979
11 5.612218e+14 93.799782
12 5.612719e+14 102.392192
13 5.613219e+14 105.644146
14 5.613720e+14 101.097127
15 5.614220e+14 110.553579
16 5.614721e+14 103.968807
17 5.615221e+14 104.662222
18 5.615722e+14 108.659395
19 5.616222e+14 96.903073
20 5.616723e+14 108.157304
21 5.617223e+14 98.772847
22 5.617724e+14 104.068502
23 5.618224e+14 104.863100
24 5.618725e+14 111.163775
25 5.619225e+14 113.786069
26 5.619726e+14 104.042572
27 5.620226e+14 99.202582
28 5.620727e+14 109.361961
29 5.621227e+14 104.241782
30 5.621728e+14 103.535365
31 5.622228e+14 110.163930
32 5.622729e+14 104.087390
33 5.623229e+14 106.004968
34 5.623730e+14 108.999347
35 5.624230e+14 99.528041
36 5.624731e+14 105.311195
37 5.625231e+14 106.434814
38 5.625732e+14 109.719944
39 5.626232e+14 96.731350
40 5.626733e+14 116.275614
41 5.627233e+14 111.305516
42 5.627734e+14 108.266428
43 5.628234e+14 109.709541
44 5.628735e+14 96.110520
45 5.629235e+14 100.676703
46 5.629736e+14 99.386837
47 5.630236e+14 95.174438
48 5.630737e+14 111.895658
49 5.631237e+14 109.616201
50 5.631738e+14 110.385417
51 5.632238e+14 107.168047
52 5.632739e+14 103.057749
53 5.633239e+14 98.175697
54 5.633740e+14 99.267325
55 5.634240e+14 111.852774
56 5.634741e+14 95.674179
57 5.635241e+14 109.426562
58 5.635742e+14 102.511124
59 5.636242e+14 101.637429
60 5.636743e+14 97.640009
61 5.637243e+14 102.672937
62 5.637744e+14 103.086347
63 5.638244e+14 115.791459
64 5.638745e+14 90.408424
65 5.639245e+14 112.632574
66 5.639746e+14 104.861502
67 5.640246e+14 105.551134
68 5.640747e+14 109.148568
69 5.641247e+14 109.799867
70 5.641748e+14 97.687651
71 5.642248e+14 107.675865
72 5.642749e+14 96.426453
73 5.643249e+14 101.279464
74 5.643750e+14 102.666849
75 5.644250e+14 97.158100
76 5.644751e+14 111.616116
77 5.645251e+14 102.843549
78 5.645752e+14 98.044476
79 5.646252e+14 98.235264
80 5.646753e+14 96.647428
81 5.647253e+14 108.042525
82 5.647754e+14 106.138799
83 5.648254e+14 102.460102
84 5.648755e+14 102.745625
85 5.649255e+14 111.274700
86 5.649756e+14 106.043293
87 5.650256e+14 102.263196
88 5.650757e+14 85.015671
89 5.651257e+14 104.810075
90 5.651758e+14 97.635538
91 5.652258e+14 96.001529
92 5.652759e+14 97.611614
93 5.653259e+14 108.815400
94 5.653760e+14 96.190078
95 5.654260e+14 107.723627
96 5.654761e+14 101.841360
97 5.655261e+14 95.212265
98 5.655762e+14 102.094424
99 5.656262e+14 113.655056
100 5.656763e+14 88.656425
101 5.657263e+14 107.361482
102 5.657764e+14 106.992969
103 5.658264e+14 91.713764
104 5.658765e+14 95.575144
105 5.659265e+14 101.863339
106 5.659766e+14 99.233164
107 5.660266e+14 99.428152
108 5.660767e+14 99.527437
109 5.661267e+14 107.734114
110 5.661768e+14 119.164367
111 5.662268e+14 95.788085
112 5.662769e+14 91.973922
113 5.663269e+14 99.023724
114 5.663770e+14 99.037190
115 5.664270e+14 104.502589
116 5.664771e+14 112.095501
117 5.665271e+14 98.466311
118 5.665772e+14 103.190827
119 5.666272e+14 112.059106
120 5.666773e+14 96.031541
121 5.667273e+14 104.813134
122 5.667774e+14 109.300142
123 5.668274e+14 96.030379
124 5.668775e+14 102.302843
125 5.669275e+14 104.952816
126 5.669776e+14 117.722902
127 5.670276e+14 100.293709
128 5.670777e+14 104.682858
129 5.671277e+14 110.995929
130 5.671778e+14 109.051453
131 5.672278e+14 97.945084
132 5.672779e+14 113.657351
133 5.673279e+14 99.203133
134 5.673780e+14 113.231375
135 5.674280e+14 93.739109
136 5.674781e+14 101.242590
137 5.675281e+14 102.446380
138 5.675782e+14 95.591138
139 5.676282e+14 110.709212
140 5.676783e+14 104.973606
141 5.677283e+14 107.721528
142 5.677784e+14 109.982835
143 5.678284e+14 106.136579
144 5.678785e+14 99.000770
145 5.679285e+14 102.858558
146 5.679786e+14 98.075965
147 5.680286e+14 93.755132
148 5.680787e+14 95.538935
149 5.681287e+14 106.349202
150 5.681788e+14 107.780873
151 5.682288e+14 94.649086
152 5.682789e+14 111.952940
153 5.683289e+14 95.195303
154 5.683790e+14 96.821345
155 5.684290e+14 104.435543
156 5.684791e+14 96.654823
157 5.685291e+14 114.997728
158 5.685792e+14 105.179552
159 5.686292e+14 109.784521
160 5.686793e+14 100.445894
161 5.687293e+14 100.352187
162 5.687794e+14 104.642159
163 5.688294e+14 98.909482
164 5.688795e+14 101.336209
165 5.689295e+14 103.272791
166 5.689796e+14 101.470875
167 5.690296e+14 105.255891
168 5.690797e+14 100.324263
169 5.691297e+14 98.909890
170 5.691798e+14 99.474956
171 5.692298e+14 110.604157
172 5.692799e+14 103.638989
173 5.693299e+14 101.926959
174 5.693800e+14 98.957140
175 5.694300e+14 95.427470
176 5.694801e+14 110.843028
177 5.695301e+14 108.182127
178 5.695802e+14 107.224209
179 5.696302e+14 111.810082
180 5.696803e+14 111.737287
181 5.697303e+14 99.663943
182 5.697804e+14 104.730993
183 5.698304e+14 102.559986
184 5.698805e+14 103.204087
185 5.699305e+14 111.340623
186 5.699806e+14 99.855699
187 5.700306e+14 98.472501
188 5.700807e+14 102.553906
189 5.701307e+14 104.969674
190 5.701808e+14 105.522027
191 5.702308e+14 96.606900
192 5.702809e+14 104.036266
193 5.703309e+14 106.313869
194 5.703810e+14 100.264376
195 5.704310e+14 106.580581
196 5.704811e+14 100.621258
197 5.705311e+14 95.506187
198 5.705812e+14 100.023219
199 5.706312e+14 99.042350
200 5.706813e+14 105.981872
201 5.707313e+14 106.526248
202 5.707814e+14 106.470093
203 5.708314e+14 102.451432
204 5.708815e+14 109.547215
205 5.709315e+14 100.744223
206 5.709816e+14 106.788175
207 5.710316e+14 97.540919
208 5.710817e+14 94.808660
209 5.711317e+14 105.379371
210 5.711818e+14 96.931820
211 5.712318e+14 111.800339
212 5.712819e+14 102.350933
213 5.713319e+14 103.102780
214 5.713820e+14 95.868869
215 5.714320e+14 93.594042
216 5.714821e+14 102.089173
217 5.715321e+14 117.952267
218 5.715822e+14 110.803541
219 5.716322e+14 109.917557
220 5.716823e+14 100.683209
221 5.717323e+14 100.820851
222 5.717824e+14 103.241592
223 5.718324e+14 105.149340
224 5.718825e+14 107.378399
225 5.719325e+14 100.324850
226 5.719826e+14 101.212273
227 5.720326e+14 101.662136
228 5.720827e+14 96.568931
229 5.721327e+14 107.032229
230 5.721828e+14 104.287768
231 5.722328e+14 114.282147
232 5.722829e+14 102.904281
233 5.723329e+14 106.985503
234 5.723830e+14 106.374264
235 5.724330e+14 104.429414
236 5.724831e+14 109.510504
237 5.725331e+14 105.361390
238 5.725832e+14 108.731460
239 5.726332e+14 102.658528
240 5.726833e+14 93.285981
241 5.727333e+14 108.694961
242 5.727834e+14 108.148180
243 5.728334e+14 97.856412
244 5.728835e+14 109.977438
245 5.729335e+14 102.233456
246 5.729836e+14 98.092227
247 5.730336e+14 101.579248
248 5.730837e+14 105.835129
249 5.731337e+14 103.484325
250 5.731838e+14 100.869773
251 5.732338e+14 109.285084
252 5.732839e+14 97.710965
253 5.733339e+14 99.439480
254 5.733840e+14 106.653504
255 5.734340e+14 106.440707
256 5.734841e+14 108.851729
257 5.735341e+14 101.194005
258 5.735842e+14 105.121407
259 5.736342e+14 102.736058
260 5.736843e+14 102.569630
261 5.737343e+14 100.505944
262 5.737844e+14 100.158756
263 5.738344e+14 105.248899
264 5.738845e+14 89.407090
265 5.739345e+14 101.487872
266 5.739846e+14 111.850306
267 5.740346e+14 111.520465
268 5.740847e+14 89.231151
269 5.741347e+14 101.554696
270 5.741848e+14 114.532560
271 5.742348e+14 99.281394
272 5.742849e+14 92.584135
273 5.743349e+14 102.852378
274 5.743850e+14 103.043807
275 5.744350e+14 107.590145
276 5.744851e+14 96.519560
277 5.745351e+14 103.809536
278 5.745852e+14 100.229861
279 5.746352e+14 107.945954
280 5.746853e+14 100.312625
281 5.747353e+14 104.965807
282 5.747854e+14 101.990161
283 5.748354e+14 100.288662
284 5.748855e+14 111.380953
285 5.749355e+14 109.972294
286 5.749856e+14 99.930173
287 5.750356e+14 107.544642
288 5.750857e+14 99.211913
289 5.751357e+14 99.488860
290 5.751858e+14 101.314401
291 5.752358e+14 104.722167
292 5.752859e+14 100.824081
293 5.753359e+14 102.118987
294 5.753860e+14 105.597804
295 5.754360e+14 106.912225
296 5.754861e+14 103.082868
297 5.755361e+14 105.738574
298 5.755862e+14 100.542270
299 5.756362e+14 90.997949
300 5.756863e+14 101.710777
301 5.757363e+14 112.231426
302 5.757864e+14 101.430342
303 5.758364e+14 96.660343
304 5.758865e+14 93.645713
305 5.759365e+14 108.660234
306 5.759866e+14 105.845199
307 5.760366e+14 93.442758
308 5.760867e+14 107.525030
309 5.761367e+14 105.467334
310 5.761868e+14 106.727684
311 5.762368e+14 99.659542
312 5.762869e+14 101.623690
313 5.763369e+14 107.947333
314 5.763870e+14 109.890395
315 5.764370e+14 103.753278
316 5.764871e+14 103.322234
317 5.765371e+14 104.633004
318 5.765872e+14 106.859291
319 5.766372e+14 111.599376
320 5.766873e+14 107.914096
321 5.767373e+14 102.422242
322 5.767874e+14 109.882700
323 5.768374e+14 110.174073
324 5.768875e+14 97.482336
325 5.769375e+14 97.759429
326 5.769876e+14 88.555065
327 5.770376e+14 112.787454
328 5.770877e+14 101.010386
329 5.771377e+14 103.348718
330 5.771878e+14 97.862137
331 5.772378e+14 110.237858
332 5.772879e+14 100.888051
333 5.773379e+14 101.401358
334 5.773880e+14 114.490703
335 5.774380e+14 101.947424
336 5.774881e+14 98.837356
337 5.775381e+14 109.811848
338 5.775882e+14 101.661382
339 5.776382e+14 105.068925
340 5.776883e+14 109.395451
341 5.777383e+14 108.711866
342 5.777884e+14 104.783615
343 5.778384e+14 110.129401
344 5.778885e+14 103.052316
345 5.779385e+14 104.207564
346 5.779886e+14 100.220615
347 5.780386e+14 96.864688
348 5.780887e+14 111.448751
349 5.781387e+14 106.750052
350 5.781888e+14 102.160332
351 5.782388e+14 113.950606
352 5.782889e+14 106.866506
353 5.783389e+14 93.532399
354 5.783890e+14 100.964177
355 5.784390e+14 109.708880
356 5.784891e+14 109.907364
357 5.785391e+14 109.317758
358 5.785892e+14 106.430761
359 5.786392e+14 123.321170
360 5.786893e+14 103.750024
361 5.787393e+14 99.193031
362 5.787894e+14 109.618815
363 5.788394e+14 104.579631
364 5.788895e+14 103.902385
365 5.789395e+14 111.589156
366 5.789896e+14 109.958550
367 5.790396e+14 106.262768
368 5.790897e+14 101.902242
369 5.791397e+14 95.827606
370 5.791898e+14 100.353721
371 5.792398e+14 110.776701
372 5.792899e+14 103.072998
373 5.793399e+14 105.310887
374 5.793900e+14 123.810398
375 5.794400e+14 100.461695
376 5.794901e+14 96.760656
377 5.795401e+14 111.784684
378 5.795902e+14 109.527813
379 5.796402e+14 109.465630
380 5.796903e+14 111.021830
381 5.797403e+14 100.752071
382 5.797904e+14 97.960997
383 5.798404e+14 103.887842
384 5.798905e+14 106.129924
385 5.799405e+14 102.017943
386 5.799906e+14 102.533227
387 5.800406e+14 101.375238
388 5.800907e+14 111.895976
389 5.801407e+14 106.118532
390 5.801908e+14 108.507817
391 5.802408e+14 102.141714
392 5.802909e+14 106.949227
393 5.803409e+14 102.584557
394 5.803910e+14 107.275261
395 5.804410e+14 113.143607
396 5.804911e+14 96.268996
397 5.805411e+14 108.158472
398 5.805912e+14 111.319395
399 5.806412e+14 108.226229
400 5.806913e+14 105.379522
401 5.807413e+14 106.614508
402 5.807914e+14 112.059855
403 5.808414e+14 110.549504
404 5.808915e+14 106.156281
405 5.809415e+14 112.195905
406 5.809916e+14 109.958657
407 5.810416e+14 114.043736
408 5.810917e+14 96.696154
409 5.811417e+14 108.967494
410 5.811918e+14 107.723716
411 5.812418e+14 112.314798
412 5.812919e+14 110.745660
413 5.813419e+14 104.152082
414 5.813920e+14 109.796530
415 5.814420e+14 106.000156
416 5.814921e+14 108.129199
417 5.815421e+14 107.053545
418 5.815922e+14 121.071933
419 5.816422e+14 120.538406
420 5.816923e+14 112.542380
421 5.817423e+14 109.453716
422 5.817924e+14 113.291388
423 5.818424e+14 108.299781
424 5.818925e+14 107.822774
425 5.819425e+14 108.981242
426 5.819926e+14 109.388879
427 5.820426e+14 99.153228
428 5.820927e+14 114.359361
429 5.821427e+14 105.220021
430 5.821928e+14 105.329952
431 5.822428e+14 98.978135
432 5.822929e+14 117.296763
433 5.823429e+14 123.061972
434 5.823930e+14 121.793866
435 5.824430e+14 110.807512
436 5.824931e+14 115.375208
437 5.825431e+14 114.637717
438 5.825932e+14 112.564201
439 5.826432e+14 110.279221
440 5.826933e+14 113.059121
441 5.827433e+14 108.602261
442 5.827934e+14 117.970914
443 5.828434e+14 115.802590
444 5.828935e+14 113.441014
445 5.829435e+14 101.530079
446 5.829936e+14 119.155077
447 5.830436e+14 111.866800
448 5.830937e+14 107.806099
449 5.831437e+14 115.524323
450 5.831938e+14 113.645816
451 5.832438e+14 121.411568
452 5.832939e+14 124.382466
453 5.833439e+14 117.530100
454 5.833940e+14 111.278471
455 5.834440e+14 113.268891
456 5.834941e+14 111.548416
457 5.835441e+14 110.459969
458 5.835942e+14 111.564512
459 5.836442e+14 111.134046
460 5.836943e+14 113.950482
461 5.837443e+14 119.035367
462 5.837944e+14 119.812612
463 5.838444e+14 115.476261
464 5.838945e+14 107.629840
465 5.839445e+14 110.405290
466 5.839946e+14 112.193961
467 5.840446e+14 118.251597
468 5.840947e+14 117.579870
469 5.841447e+14 117.646679
470 5.841948e+14 117.432889
471 5.842448e+14 127.444773
472 5.842949e+14 127.618288
473 5.843449e+14 119.488153
474 5.843950e+14 125.547206
475 5.844450e+14 130.016634
476 5.844951e+14 120.315005
477 5.845451e+14 131.156074
478 5.845952e+14 119.546308
479 5.846452e+14 122.922692
480 5.846953e+14 118.162919
481 5.847453e+14 116.982954
482 5.847954e+14 122.349638
483 5.848454e+14 111.359718
484 5.848955e+14 113.888457
485 5.849455e+14 121.267072
486 5.849956e+14 124.901542
487 5.850456e+14 126.593294
488 5.850957e+14 121.702735
489 5.851457e+14 115.705384
490 5.851958e+14 113.409474
491 5.852458e+14 129.834342
492 5.852959e+14 130.758390
493 5.853459e+14 117.086441
494 5.853960e+14 124.458931
495 5.854460e+14 125.098198
496 5.854961e+14 126.137924
497 5.855461e+14 129.836184
498 5.855962e+14 119.520538
499 5.856462e+14 125.399938
500 5.856963e+14 116.767784
501 5.857463e+14 125.669723
502 5.857964e+14 124.036756
503 5.858464e+14 125.986791
504 5.858965e+14 116.294165
505 5.859465e+14 125.624350
506 5.859966e+14 120.154667
507 5.860466e+14 133.092053
508 5.860967e+14 123.345183
509 5.861467e+14 121.188775
510 5.861968e+14 130.569906
511 5.862468e+14 109.761502
512 5.862969e+14 120.338865
513 5.863469e+14 130.780081
514 5.863970e+14 128.357337
515 5.864470e+14 123.392304
516 5.864971e+14 124.609073
517 5.865471e+14 125.435881
518 5.865972e+14 126.366936
519 5.866472e+14 139.014822
520 5.866973e+14 138.846776
521 5.867473e+14 124.636716
522 5.867974e+14 128.345698
523 5.868474e+14 123.822641
524 5.868975e+14 134.422307
525 5.869475e+14 127.798332
526 5.869976e+14 119.260287
527 5.870476e+14 126.598895
528 5.870977e+14 116.901576
529 5.871477e+14 124.939758
530 5.871978e+14 112.945573
531 5.872478e+14 124.378656
532 5.872979e+14 130.836062
533 5.873479e+14 130.406076
534 5.873980e+14 138.483400
535 5.874480e+14 121.209507
536 5.874981e+14 132.731297
537 5.875481e+14 129.157812
538 5.875982e+14 131.461972
539 5.876482e+14 122.183628
540 5.876983e+14 139.403497
541 5.877483e+14 137.536778
542 5.877984e+14 109.565880
543 5.878484e+14 131.038627
544 5.878985e+14 133.815588
545 5.879485e+14 124.449417
546 5.879986e+14 141.401671
547 5.880486e+14 136.776315
548 5.880987e+14 137.200361
549 5.881487e+14 134.130140
550 5.881988e+14 127.932945
551 5.882488e+14 136.287883
552 5.882989e+14 131.705736
553 5.883489e+14 137.401061
554 5.883990e+14 120.347289
555 5.884490e+14 138.194992
556 5.884991e+14 139.655405
557 5.885491e+14 132.728090
558 5.885992e+14 135.502493
559 5.886492e+14 126.337706
560 5.886993e+14 125.556955
561 5.887493e+14 133.625755
562 5.887994e+14 123.103298
563 5.888494e+14 123.688893
564 5.888995e+14 128.107453
565 5.889495e+14 136.728794
566 5.889996e+14 120.822434
567 5.890496e+14 126.311545
568 5.890997e+14 134.736580
569 5.891497e+14 133.806018
570 5.891998e+14 123.310464
571 5.892498e+14 132.676040
572 5.892999e+14 127.034907
573 5.893499e+14 136.860383
574 5.894000e+14 135.869631
575 5.894500e+14 139.700402
576 5.895001e+14 138.917352
577 5.895501e+14 119.334901
578 5.896002e+14 133.159219
579 5.896502e+14 120.827563
580 5.897003e+14 136.048134
581 5.897503e+14 136.960789
582 5.898004e+14 132.910543
583 5.898504e+14 120.597963
584 5.899005e+14 132.760207
585 5.899505e+14 129.154736
586 5.900006e+14 127.784070
587 5.900506e+14 125.298478
588 5.901007e+14 124.382093
589 5.901507e+14 145.316451
590 5.902008e+14 153.007829
591 5.902508e+14 131.613278
592 5.903009e+14 125.374275
593 5.903509e+14 121.111109
594 5.904010e+14 126.508918
595 5.904510e+14 141.750833
596 5.905011e+14 117.219705
597 5.905511e+14 136.026018
598 5.906012e+14 129.207587
599 5.906512e+14 133.187975
600 5.907013e+14 133.959414
601 5.907513e+14 126.474703
602 5.908014e+14 126.628906
603 5.908514e+14 136.463760
604 5.909015e+14 132.554033
605 5.909515e+14 136.291572
606 5.910016e+14 135.970748
607 5.910516e+14 120.405237
608 5.911017e+14 126.901498
609 5.911517e+14 126.541091
610 5.912018e+14 126.996678
611 5.912518e+14 127.560560
612 5.913019e+14 118.601964
613 5.913519e+14 130.298997
614 5.914020e+14 127.354191
615 5.914520e+14 119.522587
616 5.915021e+14 132.417565
617 5.915521e+14 121.668910
618 5.916022e+14 132.268305
619 5.916522e+14 123.745760
620 5.917023e+14 122.791001
621 5.917523e+14 131.666253
622 5.918024e+14 120.989389
623 5.918524e+14 133.672914
624 5.919025e+14 128.760498
625 5.919525e+14 128.892933
626 5.920026e+14 126.559497
627 5.920526e+14 121.840360
628 5.921027e+14 122.032558
629 5.921527e+14 127.653152
630 5.922028e+14 126.021654
631 5.922528e+14 113.912618
632 5.923029e+14 115.312251
633 5.923529e+14 125.599886
634 5.924030e+14 121.336228
635 5.924530e+14 118.024645
636 5.925031e+14 117.809247
637 5.925531e+14 127.765080
638 5.926032e+14 118.967499
639 5.926532e+14 128.367548
640 5.927033e+14 127.840386
641 5.927533e+14 116.030746
642 5.928034e+14 120.852182
643 5.928534e+14 114.602407
644 5.929035e+14 129.410957
645 5.929535e+14 126.459877
646 5.930036e+14 124.405310
647 5.930536e+14 116.294764
648 5.931037e+14 124.948794
649 5.931537e+14 111.637005
650 5.932038e+14 116.404261
651 5.932538e+14 127.062186
652 5.933039e+14 115.115655
653 5.933539e+14 122.053849
654 5.934040e+14 117.747559
655 5.934540e+14 114.672282
656 5.935041e+14 126.962772
657 5.935541e+14 120.845360
658 5.936042e+14 117.225033
659 5.936542e+14 119.762276
660 5.937043e+14 122.170258
661 5.937543e+14 123.633093
662 5.938044e+14 110.661740
663 5.938544e+14 118.715745
664 5.939045e+14 122.540394
665 5.939545e+14 120.851957
666 5.940046e+14 119.334761
667 5.940546e+14 113.549866
668 5.941047e+14 119.669731
669 5.941547e+14 115.718059
670 5.942048e+14 108.133517
671 5.942548e+14 121.292594
672 5.943049e+14 104.858420
673 5.943549e+14 123.257981
674 5.944050e+14 127.653641
675 5.944550e+14 116.408901
676 5.945051e+14 118.391506
677 5.945551e+14 113.781153
678 5.946052e+14 101.698848
679 5.946552e+14 114.367971
680 5.947053e+14 108.656744
681 5.947553e+14 117.422717
682 5.948054e+14 109.171999
683 5.948554e+14 115.911577
684 5.949055e+14 109.314819
685 5.949555e+14 125.323790
686 5.950056e+14 118.390717
687 5.950556e+14 101.517168
688 5.951057e+14 119.439073
689 5.951557e+14 115.484543
690 5.952058e+14 107.246980
691 5.952558e+14 110.996267
692 5.953059e+14 117.106124
693 5.953559e+14 118.265893
694 5.954060e+14 113.445915
695 5.954560e+14 119.049010
696 5.955061e+14 121.183600
697 5.955561e+14 111.121235
698 5.956062e+14 117.457707
699 5.956562e+14 108.323139
700 5.957063e+14 109.796761
701 5.957563e+14 113.780824
702 5.958064e+14 110.287100
703 5.958564e+14 111.466614
704 5.959065e+14 115.945841
705 5.959565e+14 111.340399
706 5.960066e+14 113.369616
707 5.960566e+14 112.439394
708 5.961067e+14 111.229111
709 5.961567e+14 107.557661
710 5.962068e+14 111.279182
711 5.962568e+14 102.579191
712 5.963069e+14 113.107172
713 5.963569e+14 114.536508
714 5.964070e+14 105.150716
715 5.964570e+14 105.617665
716 5.965071e+14 103.475643
717 5.965571e+14 110.115227
718 5.966072e+14 117.690383
719 5.966572e+14 112.637959
720 5.967073e+14 100.402820
721 5.967573e+14 115.418597
722 5.968074e+14 111.057220
723 5.968574e+14 114.840377
724 5.969075e+14 102.665034
725 5.969575e+14 120.264669
726 5.970076e+14 110.895275
727 5.970576e+14 108.808742
728 5.971077e+14 102.155633
729 5.971577e+14 117.331380
730 5.972078e+14 105.558160
731 5.972578e+14 114.228314
732 5.973079e+14 116.914975
733 5.973579e+14 111.121369
734 5.974080e+14 115.733579
735 5.974580e+14 106.767004
736 5.975081e+14 117.072800
737 5.975581e+14 105.694712
738 5.976082e+14 109.145294
739 5.976582e+14 104.930454
740 5.977083e+14 116.247361
741 5.977583e+14 108.155707
742 5.978084e+14 109.972616
743 5.978584e+14 104.732071
744 5.979085e+14 94.892012
745 5.979585e+14 111.691642
746 5.980086e+14 110.376521
747 5.980586e+14 115.631865
748 5.981087e+14 111.152369
749 5.981587e+14 103.840437
750 5.982088e+14 105.994445
751 5.982588e+14 108.446792
752 5.983089e+14 106.119158
753 5.983589e+14 103.803270
754 5.984090e+14 112.623054
755 5.984590e+14 107.183723
756 5.985091e+14 114.791645
757 5.985591e+14 105.280607
758 5.986092e+14 108.005085
759 5.986592e+14 115.152943
760 5.987093e+14 111.415630
761 5.987593e+14 115.177414
762 5.988094e+14 102.925150
763 5.988594e+14 108.824969
764 5.989095e+14 107.821060
765 5.989595e+14 100.704209
766 5.990096e+14 110.211275
767 5.990596e+14 98.592282
768 5.991097e+14 103.029315
769 5.991597e+14 102.430098
770 5.992098e+14 111.681627
771 5.992598e+14 110.955416
772 5.993099e+14 110.583405
773 5.993599e+14 104.631774
774 5.994100e+14 105.222394
775 5.994600e+14 98.861733
776 5.995101e+14 112.244610
777 5.995601e+14 99.350692
778 5.996102e+14 101.656445
779 5.996602e+14 113.573330
780 5.997103e+14 116.451833
781 5.997603e+14 106.834217
782 5.998104e+14 108.330931
783 5.998604e+14 98.348606
784 5.999105e+14 101.062941
785 5.999605e+14 96.754433
786 6.000106e+14 111.050929
787 6.000606e+14 113.922161
788 6.001107e+14 105.685216
789 6.001607e+14 107.466637
790 6.002108e+14 94.957994
791 6.002608e+14 112.442745
792 6.003109e+14 112.879933
793 6.003609e+14 111.467389
794 6.004110e+14 119.736374
795 6.004610e+14 101.900565
796 6.005111e+14 108.363003
797 6.005611e+14 99.598369
798 6.006112e+14 112.083387
799 6.006612e+14 115.876165
800 6.007113e+14 106.542413
801 6.007613e+14 101.837295
802 6.008114e+14 101.352346
803 6.008614e+14 103.515018
804 6.009115e+14 122.288842
805 6.009615e+14 112.987059
806 6.010116e+14 104.146032
807 6.010616e+14 104.012178
808 6.011117e+14 100.995825
809 6.011617e+14 104.479059
810 6.012118e+14 95.529450
811 6.012618e+14 104.029071
812 6.013119e+14 111.510568
813 6.013619e+14 98.710836
814 6.014120e+14 106.734950
815 6.014620e+14 112.577111
816 6.015121e+14 107.021707
817 6.015621e+14 105.097758
818 6.016122e+14 107.380662
819 6.016622e+14 108.152758
820 6.017123e+14 112.838234
821 6.017623e+14 106.601168
822 6.018124e+14 104.479198
823 6.018624e+14 111.021199
824 6.019125e+14 116.732662
825 6.019625e+14 103.966322
826 6.020126e+14 95.498993
827 6.020626e+14 99.303596
828 6.021127e+14 91.796783
829 6.021627e+14 113.796604
830 6.022128e+14 104.475186
831 6.022628e+14 107.285176
832 6.023129e+14 103.489729
833 6.023629e+14 103.574871
834 6.024130e+14 101.451490
835 6.024630e+14 97.416368
836 6.025131e+14 110.090619
837 6.025631e+14 108.236621
838 6.026132e+14 123.607897
839 6.026632e+14 110.920609
840 6.027133e+14 102.051939
841 6.027633e+14 103.847835
842 6.028134e+14 100.522625
843 6.028634e+14 118.318290
844 6.029135e+14 104.403444
845 6.029635e+14 106.008033
846 6.030136e+14 110.381559
847 6.030636e+14 104.622729
848 6.031137e+14 99.817783
849 6.031637e+14 106.710363
850 6.032138e+14 98.140330
851 6.032638e+14 98.761378
852 6.033139e+14 99.105246
853 6.033639e+14 108.542722
854 6.034140e+14 98.340062
855 6.034640e+14 110.081817
856 6.035141e+14 113.588655
857 6.035641e+14 110.362498
858 6.036142e+14 100.339027
859 6.036642e+14 101.836616
860 6.037143e+14 102.072600
861 6.037643e+14 106.802811
862 6.038144e+14 96.922519
863 6.038644e+14 106.137391
864 6.039145e+14 105.628817
865 6.039645e+14 103.079216
866 6.040146e+14 104.732774
867 6.040646e+14 109.159712
868 6.041147e+14 111.687732
869 6.041647e+14 106.752396
870 6.042148e+14 101.784401
871 6.042648e+14 109.254592
872 6.043149e+14 115.700757
873 6.043649e+14 113.228682
874 6.044150e+14 106.677494
875 6.044650e+14 115.686254
876 6.045151e+14 110.004519
877 6.045651e+14 109.040512
878 6.046152e+14 95.543951
879 6.046652e+14 104.673428
880 6.047153e+14 104.860877
881 6.047653e+14 106.795632
882 6.048154e+14 109.528994
883 6.048654e+14 106.226773
884 6.049155e+14 108.543454
885 6.049655e+14 101.083709
886 6.050156e+14 96.502967
887 6.050656e+14 102.798321
888 6.051157e+14 101.947534
889 6.051657e+14 113.798856
890 6.052158e+14 111.410703
891 6.052658e+14 112.242629
892 6.053159e+14 95.081890
893 6.053659e+14 112.567357
894 6.054160e+14 110.220615
895 6.054660e+14 96.627214
896 6.055161e+14 109.038549
897 6.055661e+14 118.967898
898 6.056162e+14 113.018947
899 6.056662e+14 107.979894
900 6.057163e+14 103.493875
901 6.057663e+14 100.540494
902 6.058164e+14 105.576219
903 6.058664e+14 104.062056
904 6.059165e+14 109.838604
905 6.059665e+14 120.194732
906 6.060166e+14 99.174486
907 6.060666e+14 116.210602
908 6.061167e+14 110.237359
909 6.061667e+14 97.560398
910 6.062168e+14 111.018891
911 6.062668e+14 104.939482
912 6.063169e+14 106.183206
913 6.063669e+14 99.792877
914 6.064170e+14 98.093734
915 6.064670e+14 113.518068
916 6.065171e+14 107.476479
917 6.065671e+14 107.824931
918 6.066172e+14 106.021753
919 6.066672e+14 113.819361
920 6.067173e+14 105.278759
921 6.067673e+14 110.448681
922 6.068174e+14 109.402696
923 6.068674e+14 112.981753
924 6.069175e+14 103.287429
925 6.069675e+14 98.144843
926 6.070176e+14 108.541469
927 6.070676e+14 105.174726
928 6.071177e+14 116.310918
929 6.071677e+14 114.272026
930 6.072178e+14 103.312254
931 6.072678e+14 104.552000
932 6.073179e+14 104.296574
933 6.073679e+14 99.688339
934 6.074180e+14 97.689895
935 6.074680e+14 107.638898
936 6.075181e+14 111.290988
937 6.075681e+14 101.522268
938 6.076182e+14 121.695853
939 6.076682e+14 98.411463
940 6.077183e+14 105.462271
941 6.077683e+14 107.728598
942 6.078184e+14 117.827778
943 6.078684e+14 107.945137
944 6.079185e+14 102.378268
945 6.079685e+14 101.774073
946 6.080186e+14 97.823938
947 6.080686e+14 93.003261
948 6.081187e+14 104.628452
949 6.081687e+14 110.180850
950 6.082188e+14 115.682198
951 6.082688e+14 107.627479
952 6.083189e+14 111.878623
953 6.083689e+14 99.657534
954 6.084190e+14 110.378803
955 6.084690e+14 108.504967
956 6.085191e+14 101.982735
957 6.085691e+14 101.947897
958 6.086192e+14 103.414645
959 6.086692e+14 99.389710
960 6.087193e+14 103.668706
961 6.087693e+14 103.079292
962 6.088194e+14 111.618366
963 6.088694e+14 115.356948
964 6.089195e+14 98.217415
965 6.089695e+14 102.123745
966 6.090196e+14 107.135283
967 6.090696e+14 105.790678
968 6.091197e+14 107.101442
969 6.091697e+14 109.995058
970 6.092198e+14 102.397712
971 6.092698e+14 106.657410
972 6.093199e+14 114.381082
973 6.093699e+14 101.250837
974 6.094200e+14 108.801844
975 6.094700e+14 111.897742
976 6.095201e+14 100.326252
977 6.095701e+14 109.803006
978 6.096202e+14 114.810742
979 6.096702e+14 114.130283
980 6.097203e+14 102.744532
981 6.097703e+14 103.991603
982 6.098204e+14 106.454147
983 6.098704e+14 104.792470
984 6.099205e+14 105.150310
985 6.099705e+14 98.298141
986 6.100206e+14 94.427697
987 6.100706e+14 99.118642
988 6.101207e+14 97.493997
989 6.101707e+14 108.805803
990 6.102208e+14 98.865136
991 6.102708e+14 105.622490
992 6.103209e+14 104.351776
993 6.103709e+14 98.973740
994 6.104210e+14 102.677837
995 6.104711e+14 99.481855
996 6.105211e+14 109.792809
997 6.105712e+14 100.235314
998 6.106212e+14 107.488312
999 6.106713e+14 110.362218
