# Date: 19/07/01, Author: E.Hubble
# First column is index, second column is frequency (Hz), third column is spectra (A.U.)
0 5.664389e+14 107.375683
1 5.664890e+14 104.393316
2 5.665390e+14 108.587048
3 5.665891e+14 111.077325
4 5.666391e+14 119.419817
5 5.666892e+14 104.180445
6 5.667392e+14 103.787283
7 5.667893e+14 117.921475
8 5.668393e+14 103.798057
9 5.668894e+14 107.661194
10 5.669394e+14 106.032853
11 5.669895e+14 116.649222
12 5.670395e+14 112.038327
13 5.670896e+14 105.454248
14 5.671396e+14 98.813375
15 5.671897e+14 111.420083
16 5.672397e+14 100.775591
17 5.672898e+14 107.440921
18 5.673398e+14 108.148690
19 5.673899e+14 112.841391
20 5.674399e+14 104.979327
21 5.674900e+14 104.387332
22 5.675400e+14 102.642174
23 5.675901e+14 113.616275
24 5.676401e+14 109.057294
25 5.676902e+14 120.988093
26 5.677402e+14 114.202841
27 5.677903e+14 108.072350
28 5.678403e+14 122.831612
29 5.678904e+14 106.062400
30 5.679404e+14 119.345653
31 5.679905e+14 112.011300
32 5.680405e+14 106.952011
33 5.680906e+14 121.041058
34 5.681406e+14 118.734500
35 5.681907e+14 108.418513
36 5.682407e+14 116.037496
37 5.682908e+14 102.076105
38 5.683408e+14 91.490301
39 5.683909e+14 110.048291
40 5.684409e+14 115.907781
41 5.684910e+14 110.037967
42 5.685410e+14 113.944443
43 5.685911e+14 117.719922
44 5.686411e+14 106.358538
45 5.686912e+14 110.953073
46 5.687412e+14 107.901898
47 5.687913e+14 113.747284
48 5.688413e+14 126.520656
49 5.688914e+14 112.819059
50 5.689414e+14 109.674265
51 5.689915e+14 106.510021
52 5.690415e+14 106.490127
53 5.690916e+14 113.311434
54 5.691416e+14 117.334087
55 5.691917e+14 110.520035
56 5.692417e+14 105.083907
57 5.692918e+14 110.855822
58 5.693418e+14 114.800054
59 5.693919e+14 111.718034
60 5.694419e+14 120.912598
61 5.694920e+14 114.012391
62 5.695420e+14 114.504633
63 5.695921e+14 115.589792
64 5.696421e+14 111.658942
65 5.696922e+14 109.781487
66 5.697422e+14 119.491822
67 5.697923e+14 112.562428
68 5.698423e+14 107.918466
69 5.698924e+14 116.766357
70 5.699424e+14 111.283658
71 5.699925e+14 106.610001
72 5.700425e+14 115.086295
73 5.700926e+14 116.550953
74 5.701426e+14 102.802413
75 5.701927e+14 117.748104
76 5.702427e+14 112.975672
77 5.702928e+14 113.383490
78 5.703428e+14 103.317398
79 5.703929e+14 114.864989
80 5.704429e+14 112.980668
81 5.704930e+14 109.853736
82 5.705430e+14 119.702000
83 5.705931e+14 117.042371
84 5.706431e+14 119.686998
85 5.706932e+14 112.715873
86 5.707432e+14 119.104861
87 5.707933e+14 109.783830
88 5.708433e+14 108.154212
89 5.708934e+14 116.840013
90 5.709434e+14 116.871936
91 5.709935e+14 110.698218
92 5.710435e+14 108.245587
93 5.710936e+14 113.625159
94 5.711436e+14 111.333112
95 5.711937e+14 112.673518
96 5.712437e+14 112.024934
97 5.712938e+14 131.239271
98 5.713438e+14 110.153770
99 5.713939e+14 118.333919
100 5.714439e+14 114.373251
101 5.714940e+14 103.734569
102 5.715440e+14 124.213021
103 5.715941e+14 131.810710
104 5.716441e+14 115.392558
105 5.716942e+14 116.270495
106 5.717442e+14 117.054117
107 5.717943e+14 116.984230
108 5.718443e+14 121.750115
109 5.718944e+14 115.756807
110 5.719444e+14 121.890241
111 5.719945e+14 123.054106
112 5.720445e+14 109.149464
113 5.720946e+14 109.074701
114 5.721446e+14 120.608160
115 5.721947e+14 127.379297
116 5.722447e+14 128.228649
117 5.722948e+14 114.647287
118 5.723448e+14 112.699735
119 5.723949e+14 117.841008
120 5.724449e+14 132.118577
121 5.724950e+14 122.887081
122 5.725450e+14 125.049826
123 5.725951e+14 134.482055
124 5.726451e+14 135.132705
125 5.726952e+14 129.533996
126 5.727452e+14 115.740783
127 5.727953e+14 118.485773
128 5.728453e+14 119.140413
129 5.728954e+14 121.535755
130 5.729454e+14 129.528816
131 5.729955e+14 125.798360
132 5.730455e+14 126.245008
133 5.730956e+14 125.097541
134 5.731456e+14 130.076502
135 5.731957e+14 124.735987
136 5.732457e+14 132.771469
137 5.732958e+14 132.778008
138 5.733458e+14 127.226662
139 5.733959e+14 116.899505
140 5.734459e+14 115.719249
141 5.734960e+14 120.259211
142 5.735460e+14 122.680481
143 5.735961e+14 124.543096
144 5.736461e+14 120.096874
145 5.736962e+14 123.776444
146 5.737462e+14 127.080270
147 5.737963e+14 130.141310
148 5.738463e+14 132.283477
149 5.738964e+14 127.303133
150 5.739464e+14 129.809648
151 5.739965e+14 131.797147
152 5.740465e+14 128.016632
153 5.740966e+14 120.748566
154 5.741466e+14 119.037755
155 5.741967e+14 125.852855
156 5.742467e+14 121.860101
157 5.742968e+14 127.228695
158 5.743468e+14 121.925853
159 5.743969e+14 133.858937
160 5.744469e+14 137.025591
161 5.744970e+14 134.312533
162 5.745470e+14 139.276871
163 5.745971e+14 128.939068
164 5.746471e+14 135.441151
165 5.746972e+14 133.284716
166 5.747472e+14 120.428800
167 5.747973e+14 126.044084
168 5.748473e+14 129.850460
169 5.748974e+14 129.531288
170 5.749474e+14 127.534609
171 5.749975e+14 121.021009
172 5.750475e+14 129.479684
173 5.750976e+14 133.588917
174 5.751476e+14 134.748302
175 5.751977e+14 140.986179
176 5.752477e+14 136.949537
177 5.752978e+14 135.001032
178 5.753478e+14 120.551401
179 5.753979e+14 133.557797
180 5.754479e+14 124.293025
181 5.754980e+14 125.694562
182 5.755480e+14 127.652748
183 5.755981e+14 133.683629
184 5.756481e+14 140.232376
185 5.756982e+14 135.152834
186 5.757482e+14 137.077604
187 5.757983e+14 132.132289
188 5.758483e+14 142.890769
189 5.758984e+14 128.260441
190 5.759484e+14 135.638379
191 5.759985e+14 139.015596
192 5.760485e+14 126.236527
193 5.760986e+14 133.378643
194 5.761486e+14 142.169465
195 5.761987e+14 133.813095
196 5.762487e+14 135.230174
197 5.762988e+14 130.332594
198 5.763488e+14 141.095998
199 5.763989e+14 148.701993
200 5.764489e+14 138.501982
201 5.764990e+14 139.168737
202 5.765490e+14 128.516013
203 5.765991e+14 142.186895
204 5.766491e+14 138.554106
205 5.766992e+14 139.555279
206 5.767492e+14 140.476785
207 5.767993e+14 137.782437
208 5.768493e+14 140.730723
209 5.768994e+14 122.564339
210 5.769494e+14 134.697426
211 5.769995e+14 129.266169
212 5.770495e+14 142.279587
213 5.770996e+14 139.767015
214 5.771496e+14 129.764213
215 5.771997e+14 146.164572
216 5.772497e+14 130.077041
217 5.772998e+14 134.541261
218 5.773498e+14 134.183862
219 5.773999e+14 147.820292
220 5.774499e+14 136.458911
221 5.775000e+14 133.149873
222 5.775500e+14 129.306023
223 5.776001e+14 135.042774
224 5.776501e+14 132.928021
225 5.777002e+14 151.445424
226 5.777502e+14 144.701362
227 5.778003e+14 130.784243
228 5.778503e+14 151.153076
229 5.779004e+14 126.365825
230 5.779504e+14 133.474018
231 5.780005e+14 135.566920
232 5.780505e+14 143.896317
233 5.781006e+14 148.537352
234 5.781506e+14 131.890553
235 5.782007e+14 134.467015
236 5.782507e+14 145.802682
237 5.783008e+14 125.117050
238 5.783508e+14 140.069695
239 5.784009e+14 133.773503
240 5.784509e+14 147.590411
241 5.785010e+14 144.394487
242 5.785510e+14 138.018182
243 5.786011e+14 146.847109
244 5.786511e+14 145.725650
245 5.787012e+14 133.249888
246 5.787512e+14 135.307864
247 5.788013e+14 133.566584
248 5.788513e+14 138.481606
249 5.789014e+14 142.770697
250 5.789514e+14 138.028393
251 5.790015e+14 147.815777
252 5.790515e+14 135.789100
253 5.791016e+14 142.792321
254 5.791516e+14 141.242057
255 5.792017e+14 139.225064
256 5.792517e+14 124.284742
257 5.793018e+14 143.417527
258 5.793518e+14 135.831573
259 5.794019e+14 143.876066
260 5.794519e+14 137.986130
261 5.795020e+14 128.610156
262 5.795520e+14 134.530768
263 5.796021e+14 134.825661
264 5.796521e+14 150.006005
265 5.797022e+14 148.836735
266 5.797522e+14 129.973047
267 5.798023e+14 139.847588
268 5.798523e+14 124.809629
269 5.799024e+14 134.720719
270 5.799524e+14 127.781417
271 5.800025e+14 129.325299
272 5.800525e+14 133.963447
273 5.801026e+14 144.083865
274 5.801526e+14 144.864855
275 5.802027e+14 143.326147
276 5.802527e+14 142.908760
277 5.803028e+14 143.203858
278 5.803528e+14 138.024220
279 5.804029e+14 129.213403
280 5.804529e+14 130.782525
281 5.805030e+14 127.263242
282 5.805530e+14 142.070175
283 5.806031e+14 141.537726
284 5.806531e+14 130.184950
285 5.807032e+14 136.511272
286 5.807532e+14 130.589248
287 5.808033e+14 134.541572
288 5.808533e+14 136.014017
289 5.809034e+14 126.564295
290 5.809534e+14 144.420547
291 5.810035e+14 134.303123
292 5.810535e+14 124.627985
293 5.811036e+14 131.181863
294 5.811536e+14 133.101960
295 5.812037e+14 131.712150
296 5.812537e+14 135.576089
297 5.813038e+14 138.422922
298 5.813538e+14 136.313410
299 5.814039e+14 126.575547
300 5.814539e+14 132.246008
301 5.815040e+14 135.567500
302 5.815540e+14 131.724747
303 5.816041e+14 140.278381
304 5.816541e+14 131.026138
305 5.817042e+14 136.535421
306 5.817542e+14 132.654059
307 5.818043e+14 131.638934
308 5.818543e+14 135.680801
309 5.819044e+14 131.212752
310 5.819544e+14 135.669017
311 5.820045e+14 129.216085
312 5.820545e+14 140.021352
313 5.821046e+14 134.989689
314 5.821546e+14 127.710042
315 5.822047e+14 142.428677
316 5.822547e+14 129.319344
317 5.823048e+14 126.324910
318 5.823548e+14 141.837191
319 5.824049e+14 130.883368
320 5.824549e+14 128.478894
321 5.825050e+14 130.792967
322 5.825550e+14 124.978108
323 5.826051e+14 135.734656
324 5.826551e+14 136.947469
325 5.827052e+14 128.177795
326 5.827552e+14 128.837096
327 5.828053e+14 128.830732
328 5.828553e+14 126.951909
329 5.829054e+14 124.646340
330 5.829554e+14 134.599070
331 5.830055e+14 134.787131
332 5.830555e+14 118.157116
333 5.831056e+14 116.918080
334 5.831556e+14 125.268785
335 5.832057e+14 138.750340
336 5.832557e+14 135.680776
337 5.833058e+14 124.735135
338 5.833558e+14 126.910687
339 5.834059e+14 121.871654
340 5.834559e+14 131.015900
341 5.835060e+14 124.588501
342 5.835560e+14 142.237178
343 5.836061e+14 132.753402
344 5.836561e+14 127.551585
345 5.837062e+14 125.847956
346 5.837562e+14 112.838895
347 5.838063e+14 126.656479
348 5.838563e+14 137.577616
349 5.839064e+14 137.928876
350 5.839564e+14 127.103314
351 5.840065e+14 125.605466
352 5.840565e+14 127.082723
353 5.841066e+14 130.240851
354 5.841566e+14 131.274784
355 5.842067e+14 132.050130
356 5.842567e+14 124.772836
357 5.843068e+14 121.506284
358 5.843568e+14 126.154386
359 5.844069e+14 131.920007
360 5.844569e+14 129.450151
361 5.845070e+14 127.157703
362 5.845570e+14 122.432219
363 5.846071e+14 129.262385
364 5.846571e+14 133.726776
365 5.847072e+14 122.358919
366 5.847572e+14 131.598558
367 5.848073e+14 121.124375
368 5.848573e+14 135.967987
369 5.849074e+14 129.839914
370 5.849574e+14 130.103123
371 5.850075e+14 136.628069
372 5.850575e+14 123.677877
373 5.851076e+14 124.774568
374 5.851576e+14 126.552829
375 5.852077e+14 126.201662
376 5.852577e+14 121.412076
377 5.853078e+14 131.073804
378 5.853578e+14 112.643979
379 5.854079e+14 124.638393
380 5.854579e+14 125.201997
381 5.855080e+14 130.649637
382 5.855580e+14 128.330399
383 5.856081e+14 136.969021
384 5.856581e+14 116.844825
385 5.857082e+14 128.505710
386 5.857582e+14 138.345339
387 5.858083e+14 131.127495
388 5.858583e+14 123.305215
389 5.859084e+14 127.068134
390 5.859584e+14 124.146923
391 5.860085e+14 129.296092
392 5.860585e+14 117.562973
393 5.861086e+14 117.430647
394 5.861586e+14 130.485067
395 5.862087e+14 126.566190
396 5.862587e+14 126.700589
397 5.863088e+14 126.655253
398 5.863588e+14 132.063045
399 5.864089e+14 117.690960
400 5.864589e+14 124.859356
401 5.865090e+14 129.395552
402 5.865590e+14 120.541981
403 5.866091e+14 135.318714
404 5.866591e+14 122.011811
405 5.867092e+14 134.556162
406 5.867592e+14 123.915274
407 5.868093e+14 114.038914
408 5.868593e+14 118.304927
409 5.869094e+14 129.582086
410 5.869594e+14 126.693796
411 5.870095e+14 121.230827
412 5.870595e+14 130.605075
413 5.871096e+14 124.306511
414 5.871596e+14 129.363075
415 5.872097e+14 125.455224
416 5.872597e+14 123.714958
417 5.873098e+14 118.187907
418 5.873598e+14 125.730922
419 5.874099e+14 132.743134
420 5.874599e+14 120.717227
421 5.875100e+14 122.975687
422 5.875600e+14 121.821844
423 5.876101e+14 108.944452
424 5.876601e+14 121.945366
425 5.877102e+14 118.601854
426 5.877602e+14 119.801687
427 5.878103e+14 140.908886
428 5.878603e+14 124.279532
429 5.879104e+14 116.993688
430 5.879604e+14 128.280396
431 5.880105e+14 135.788811
432 5.880605e+14 128.753165
433 5.881106e+14 125.602438
434 5.881606e+14 127.484230
435 5.882107e+14 120.352262
436 5.882607e+14 124.829996
437 5.883108e+14 130.950915
438 5.883608e+14 125.291643
439 5.884109e+14 123.804384
440 5.884609e+14 125.390904
441 5.885110e+14 128.265427
442 5.885610e+14 123.509127
443 5.886111e+14 122.682513
444 5.886611e+14 119.144848
445 5.887112e+14 127.722948
446 5.887612e+14 128.675692
447 5.888113e+14 117.251585
448 5.888613e+14 123.908625
449 5.889114e+14 122.375492
450 5.889614e+14 129.263590
451 5.890115e+14 121.824557
452 5.890615e+14 122.900610
453 5.891116e+14 132.299719
454 5.891616e+14 125.025606
455 5.892117e+14 127.583195
456 5.892617e+14 127.079789
457 5.893118e+14 124.462873
458 5.893618e+14 128.323285
459 5.894119e+14 135.105663
460 5.894619e+14 126.899637
461 5.895120e+14 130.098185
462 5.895620e+14 141.411121
463 5.896121e+14 131.588334
464 5.896621e+14 119.373619
465 5.897122e+14 124.134529
466 5.897622e+14 128.755910
467 5.898123e+14 116.583747
468 5.898623e+14 126.624865
469 5.899124e+14 128.418147
470 5.899624e+14 131.121507
471 5.900125e+14 123.335973
472 5.900625e+14 115.397048
473 5.901126e+14 125.095857
474 5.901626e+14 131.572296
475 5.902127e+14 131.864463
476 5.902627e+14 121.717234
477 5.903128e+14 125.393454
478 5.903628e+14 121.801650
479 5.904129e+14 129.351024
480 5.904629e+14 120.987278
481 5.905130e+14 124.661776
482 5.905630e+14 125.780003
483 5.906131e+14 130.914795
484 5.906631e+14 130.304939
485 5.907132e+14 132.718165
486 5.907632e+14 127.749370
487 5.908133e+14 122.568982
488 5.908633e+14 124.476688
489 5.909134e+14 133.728715
490 5.909634e+14 130.178109
491 5.910135e+14 134.913216
492 5.910635e+14 128.975379
493 5.911136e+14 126.819964
494 5.911636e+14 123.728054
495 5.912137e+14 131.573755
496 5.912637e+14 131.661031
497 5.913138e+14 133.297855
498 5.913638e+14 124.778955
499 5.914139e+14 127.378712
500 5.914639e+14 128.509109
501 5.915140e+14 136.836096
502 5.915640e+14 132.557778
503 5.916141e+14 122.253478
504 5.916641e+14 120.000692
505 5.917142e+14 127.233173
506 5.917642e+14 121.201436
507 5.918143e+14 121.845425
508 5.918643e+14 115.132332
509 5.919144e+14 133.884529
510 5.919644e+14 126.397404
511 5.920145e+14 123.313677
512 5.920645e+14 128.032480
513 5.921146e+14 118.400635
514 5.921646e+14 126.598181
515 5.922147e+14 140.144516
516 5.922647e+14 127.069735
517 5.923148e+14 133.975576
518 5.923648e+14 112.973308
519 5.924149e+14 124.560115
520 5.924649e+14 129.079403
521 5.925150e+14 117.264840
522 5.925650e+14 138.761305
523 5.926151e+14 126.703405
524 5.926651e+14 127.864393
525 5.927152e+14 122.283216
526 5.927652e+14 126.940613
527 5.928153e+14 111.906319
528 5.928653e+14 121.948485
529 5.929154e+14 128.124887
530 5.929654e+14 130.025784
531 5.930155e+14 120.479012
532 5.930655e+14 124.322848
533 5.931156e+14 130.700307
534 5.931656e+14 132.348181
535 5.932157e+14 127.351378
536 5.932657e+14 123.683553
537 5.933158e+14 118.616083
538 5.933658e+14 125.300361
539 5.934159e+14 108.722243
540 5.934659e+14 130.575737
541 5.935160e+14 123.531080
542 5.935660e+14 125.758239
543 5.936161e+14 122.336456
544 5.936661e+14 129.724748
545 5.937162e+14 128.158382
546 5.937662e+14 122.391701
547 5.938163e+14 134.771435
548 5.938663e+14 123.181620
549 5.939164e+14 130.792829
550 5.939664e+14 112.356573
551 5.940165e+14 127.444197
552 5.940665e+14 131.470376
553 5.941166e+14 129.825229
554 5.941666e+14 132.613024
555 5.942167e+14 128.156456
556 5.942667e+14 127.371146
557 5.943168e+14 136.139982
558 5.943668e+14 145.099256
559 5.944169e+14 123.315715
560 5.944669e+14 127.932704
561 5.945170e+14 125.155474
562 5.945670e+14 127.469054
563 5.946171e+14 122.764112
564 5.946671e+14 131.569521
565 5.947172e+14 125.496143
566 5.947672e+14 128.110452
567 5.948173e+14 113.635662
568 5.948673e+14 129.250933
569 5.949174e+14 127.596424
570 5.949674e+14 135.807853
571 5.950175e+14 132.942804
572 5.950675e+14 135.330093
573 5.951176e+14 130.412043
574 5.951676e+14 125.328629
575 5.952177e+14 133.424450
576 5.952677e+14 121.646945
577 5.953178e+14 124.204901
578 5.953678e+14 134.128685
579 5.954179e+14 119.982308
580 5.954679e+14 132.813258
581 5.955180e+14 133.510548
582 5.955680e+14 124.139517
583 5.956181e+14 136.615299
584 5.956681e+14 124.728059
585 5.957182e+14 128.961146
586 5.957682e+14 123.838799
587 5.958183e+14 130.350053
588 5.958683e+14 134.331391
589 5.959184e+14 128.816536
590 5.959684e+14 125.508457
591 5.960185e+14 132.454564
592 5.960685e+14 129.784400
593 5.961186e+14 128.402087
594 5.961686e+14 136.616453
595 5.962187e+14 127.636830
596 5.962687e+14 135.306983
597 5.963188e+14 126.550858
598 5.963688e+14 129.126421
599 5.964189e+14 132.692210
600 5.964689e+14 118.735902
601 5.965190e+14 137.410680
602 5.965690e+14 131.309469
603 5.966191e+14 134.194869
604 5.966691e+14 135.283330
605 5.967192e+14 127.407120
606 5.967692e+14 126.742424
607 5.968193e+14 128.367199
608 5.968693e+14 139.763015
609 5.969194e+14 133.313743
610 5.969694e+14 132.271323
611 5.970195e+14 133.157622
612 5.970695e+14 138.776939
613 5.971196e+14 133.039007
614 5.971696e+14 135.793143
615 5.972197e+14 130.975916
616 5.972697e+14 131.363430
617 5.973198e+14 130.151033
618 5.973698e+14 126.656585
619 5.974199e+14 130.238189
620 5.974699e+14 143.926666
621 5.975200e+14 133.009478
622 5.975700e+14 132.622746
623 5.976201e+14 134.953650
624 5.976701e+14 129.643690
625 5.977202e+14 129.859089
626 5.977702e+14 121.198838
627 5.978203e+14 134.924959
628 5.978703e+14 113.381828
629 5.979204e+14 133.237505
630 5.979704e+14 132.281280
631 5.980205e+14 130.875119
632 5.980705e+14 136.189369
633 5.981206e+14 135.123936
634 5.981706e+14 129.312046
635 5.982207e+14 137.899923
636 5.982707e+14 143.831006
637 5.983208e+14 134.185077
638 5.983708e+14 144.841858
639 5.984209e+14 136.083189
640 5.984709e+14 133.943734
641 5.985210e+14 122.703600
642 5.985710e+14 128.450534
643 5.986211e+14 133.085940
644 5.986711e+14 125.781048
645 5.987212e+14 139.159013
646 5.987712e+14 137.125763
647 5.988213e+14 131.094120
648 5.988713e+14 125.900945
649 5.989214e+14 139.282922
650 5.989714e+14 123.696669
651 5.990215e+14 134.734691
652 5.990715e+14 135.994515
653 5.991216e+14 135.261876
654 5.991716e+14 129.460233
655 5.992217e+14 119.621069
656 5.992717e+14 125.972518
657 5.993218e+14 143.659732
658 5.993718e+14 131.731380
659 5.994219e+14 129.774912
660 5.994719e+14 130.876812
661 5.995220e+14 145.425378
662 5.995720e+14 136.701077
663 5.996221e+14 126.211002
664 5.996721e+14 127.988742
665 5.997222e+14 129.714686
666 5.997722e+14 137.249049
667 5.998223e+14 135.937038
668 5.998723e+14 132.420250
669 5.999224e+14 140.889102
670 5.999724e+14 122.458938
671 6.000225e+14 138.010521
672 6.000725e+14 136.183291
673 6.001226e+14 135.536390
674 6.001726e+14 120.005068
675 6.002227e+14 127.969459
676 6.002727e+14 139.171551
677 6.003228e+14 141.705263
678 6.003728e+14 128.058990
679 6.004229e+14 140.549999
680 6.004729e+14 134.622052
681 6.005230e+14 132.935636
682 6.005730e+14 132.444014
683 6.006231e+14 132.099945
684 6.006731e+14 128.410022
685 6.007232e+14 137.470431
686 6.007732e+14 137.021987
687 6.008233e+14 132.929935
688 6.008733e+14 133.571044
689 6.009234e+14 136.797480
690 6.009734e+14 124.575797
691 6.010235e+14 140.528190
692 6.010735e+14 133.537925
693 6.011236e+14 132.334523
694 6.011736e+14 128.183158
695 6.012237e+14 132.495525
696 6.012737e+14 138.044996
697 6.013238e+14 140.992318
698 6.013738e+14 133.679941
699 6.014239e+14 137.288192
700 6.014739e+14 141.130319
701 6.015240e+14 136.542416
702 6.015740e+14 132.755538
703 6.016241e+14 147.259834
704 6.016741e+14 134.561951
705 6.017242e+14 136.608587
706 6.017742e+14 135.562670
707 6.018243e+14 133.962559
708 6.018743e+14 135.387875
709 6.019244e+14 133.118577
710 6.019744e+14 143.358188
711 6.020245e+14 136.453006
712 6.020745e+14 135.779163
713 6.021246e+14 133.762721
714 6.021746e+14 140.715932
715 6.022247e+14 139.720396
716 6.022747e+14 128.455645
717 6.023248e+14 133.249346
718 6.023748e+14 123.301525
719 6.024249e+14 132.677349
720 6.024750e+14 150.827683
721 6.025250e+14 126.845183
722 6.025751e+14 142.356608
723 6.026251e+14 137.731968
724 6.026752e+14 128.252148
725 6.027252e+14 137.546208
726 6.027753e+14 139.334117
727 6.028253e+14 143.082849
728 6.028754e+14 135.229097
729 6.029254e+14 128.472536
730 6.029755e+14 138.428500
731 6.030255e+14 145.941602
732 6.030756e+14 129.572424
733 6.031256e+14 141.036723
734 6.031757e+14 128.489150
735 6.032257e+14 133.880603
736 6.032758e+14 135.994917
737 6.033258e+14 144.802203
738 6.033759e+14 139.112647
739 6.034259e+14 134.380162
740 6.034760e+14 126.386278
741 6.035260e+14 128.970587
742 6.035761e+14 151.098790
743 6.036261e+14 135.344006
744 6.036762e+14 130.281519
745 6.037262e+14 144.110886
746 6.037763e+14 131.522724
747 6.038263e+14 138.818755
748 6.038764e+14 139.770265
749 6.039264e+14 131.964973
750 6.039765e+14 135.198535
751 6.040265e+14 143.259619
752 6.040766e+14 139.954517
753 6.041266e+14 134.089819
754 6.041767e+14 123.917440
755 6.042267e+14 126.307581
756 6.042768e+14 136.764367
757 6.043268e+14 131.799696
758 6.043769e+14 127.619120
759 6.044269e+14 147.778266
760 6.044770e+14 135.713274
761 6.045270e+14 131.337575
762 6.045771e+14 143.050416
763 6.046271e+14 141.834979
764 6.046772e+14 130.674766
765 6.047272e+14 129.383195
766 6.047773e+14 131.196721
767 6.048273e+14 138.663865
768 6.048774e+14 131.156349
769 6.049274e+14 133.146029
770 6.049775e+14 137.780982
771 6.050275e+14 134.948492
772 6.050776e+14 135.601236
773 6.051276e+14 135.217387
774 6.051777e+14 141.901869
775 6.052277e+14 133.764139
776 6.052778e+14 135.155515
777 6.053278e+14 129.459462
778 6.053779e+14 136.052203
779 6.054279e+14 139.626860
780 6.054780e+14 136.399679
781 6.055280e+14 140.016601
782 6.055781e+14 131.392719
783 6.056281e+14 136.815460
784 6.056782e+14 140.792107
785 6.057282e+14 133.607282
786 6.057783e+14 138.207669
787 6.058283e+14 133.743381
788 6.058784e+14 133.240081
789 6.059284e+14 140.305605
790 6.059785e+14 139.194680
791 6.060285e+14 135.615171
792 6.060786e+14 146.110577
793 6.061286e+14 134.762611
794 6.061787e+14 134.378833
795 6.062287e+14 133.165616
796 6.062788e+14 138.399501
797 6.063288e+14 144.383230
798 6.063789e+14 122.173050
799 6.064289e+14 137.024979
800 6.064790e+14 140.062608
801 6.065290e+14 134.964015
802 6.065791e+14 134.109986
803 6.066291e+14 137.536155
804 6.066792e+14 150.071289
805 6.067292e+14 134.798870
806 6.067793e+14 140.522064
807 6.068293e+14 136.088063
808 6.068794e+14 136.217447
809 6.069294e+14 136.746328
810 6.069795e+14 141.015047
811 6.070295e+14 143.294999
812 6.070796e+14 149.900743
813 6.071296e+14 150.069108
814 6.071797e+14 137.528026
815 6.072297e+14 127.529563
816 6.072798e+14 131.931096
817 6.073298e+14 136.775995
818 6.073799e+14 130.344323
819 6.074299e+14 151.783407
820 6.074800e+14 145.775638
821 6.075300e+14 132.249522
822 6.075801e+14 147.932591
823 6.076301e+14 137.674945
824 6.076802e+14 140.314019
825 6.077302e+14 133.208763
826 6.077803e+14 126.379801
827 6.078303e+14 138.948531
828 6.078804e+14 137.726346
829 6.079304e+14 125.863150
830 6.079805e+14 143.567957
831 6.080305e+14 147.924093
832 6.080806e+14 143.856217
833 6.081306e+14 139.974610
834 6.081807e+14 132.164061
835 6.082307e+14 132.320442
836 6.082808e+14 135.851533
837 6.083308e+14 139.510083
838 6.083809e+14 139.639961
839 6.084309e+14 137.663373
840 6.084810e+14 136.491467
841 6.085310e+14 139.404458
842 6.085811e+14 134.570086
843 6.086311e+14 132.960450
844 6.086812e+14 144.579642
845 6.087312e+14 143.840276
846 6.087813e+14 144.480789
847 6.088313e+14 132.937898
848 6.088814e+14 141.627611
849 6.089314e+14 140.934964
850 6.089815e+14 135.625986
851 6.090315e+14 142.513465
852 6.090816e+14 141.156809
853 6.091316e+14 142.917321
854 6.091817e+14 140.811873
855 6.092317e+14 138.457023
856 6.092818e+14 138.263431
857 6.093318e+14 134.997571
858 6.093819e+14 138.987195
859 6.094319e+14 138.832072
860 6.094820e+14 148.131890
861 6.095320e+14 145.466490
862 6.095821e+14 137.685841
863 6.096321e+14 139.520062
864 6.096822e+14 136.523468
865 6.097322e+14 148.001629
866 6.097823e+14 137.044082
867 6.098323e+14 144.936628
868 6.098824e+14 137.437032
869 6.099324e+14 147.521545
870 6.099825e+14 142.551393
871 6.100325e+14 141.032316
872 6.100826e+14 134.759623
873 6.101326e+14 138.058196
874 6.101827e+14 135.654535
875 6.102327e+14 136.553900
876 6.102828e+14 149.205548
877 6.103328e+14 146.171051
878 6.103829e+14 142.462324
879 6.104329e+14 147.304415
880 6.104830e+14 149.170432
881 6.105330e+14 137.314832
882 6.105831e+14 140.806365
883 6.106331e+14 129.440426
884 6.106832e+14 145.509755
885 6.107332e+14 144.031220
886 6.107833e+14 136.957332
887 6.108333e+14 141.960562
888 6.108834e+14 148.214206
889 6.109334e+14 147.613965
890 6.109835e+14 153.482486
891 6.110335e+14 148.798558
892 6.110836e+14 140.155021
893 6.111336e+14 139.598232
894 6.111837e+14 146.804226
895 6.112337e+14 154.591510
896 6.112838e+14 138.366293
897 6.113338e+14 139.477507
898 6.113839e+14 124.216249
899 6.114339e+14 140.573146
900 6.114840e+14 148.876739
901 6.115340e+14 136.360638
902 6.115841e+14 138.094159
903 6.116341e+14 137.411380
904 6.116842e+14 134.643093
905 6.117342e+14 144.995975
906 6.117843e+14 135.141545
907 6.118343e+14 145.809188
908 6.118844e+14 137.776216
909 6.119344e+14 144.144670
910 6.119845e+14 135.984315
911 6.120345e+14 141.368652
912 6.120846e+14 151.429885
913 6.121346e+14 152.805628
914 6.121847e+14 137.571838
915 6.122347e+14 144.940258
916 6.122848e+14 150.488643
917 6.123348e+14 148.485215
918 6.123849e+14 140.115255
919 6.124349e+14 146.462324
920 6.124850e+14 149.556609
921 6.125350e+14 135.990673
922 6.125851e+14 140.740669
923 6.126351e+14 143.269723
924 6.126852e+14 149.945508
925 6.127352e+14 142.307049
926 6.127853e+14 136.126080
927 6.128353e+14 141.303136
928 6.128854e+14 141.437874
929 6.129354e+14 153.220689
930 6.129855e+14 146.095069
931 6.130355e+14 147.350188
932 6.130856e+14 135.133914
933 6.131356e+14 151.656603
934 6.131857e+14 143.309328
935 6.132357e+14 141.184365
936 6.132858e+14 144.840772
937 6.133358e+14 140.970933
938 6.133859e+14 147.389169
939 6.134359e+14 146.085571
940 6.134860e+14 142.834134
941 6.135360e+14 136.369870
942 6.135861e+14 140.503705
943 6.136361e+14 139.089324
944 6.136862e+14 147.369728
945 6.137362e+14 148.129218
946 6.137863e+14 147.177053
947 6.138363e+14 139.529695
948 6.138864e+14 132.720770
949 6.139364e+14 158.570250
950 6.139865e+14 153.805792
951 6.140365e+14 140.812630
952 6.140866e+14 147.479359
953 6.141366e+14 142.007728
954 6.141867e+14 143.673300
955 6.142367e+14 148.296787
956 6.142868e+14 147.926155
957 6.143368e+14 150.602287
958 6.143869e+14 142.342105
959 6.144369e+14 138.297205
960 6.144870e+14 134.966965
961 6.145370e+14 149.759479
962 6.145871e+14 149.842516
963 6.146371e+14 135.194867
964 6.146872e+14 144.108088
965 6.147372e+14 144.032193
966 6.147873e+14 149.872347
967 6.148373e+14 144.120986
968 6.148874e+14 150.509332
969 6.149374e+14 141.226718
970 6.149875e+14 150.298608
971 6.150375e+14 145.385205
972 6.150876e+14 141.958494
973 6.151376e+14 140.119217
974 6.151877e+14 140.603983
975 6.152377e+14 146.307299
976 6.152878e+14 149.088252
977 6.153378e+14 146.956846
978 6.153879e+14 138.179807
979 6.154379e+14 141.831695
980 6.154880e+14 148.451610
981 6.155380e+14 146.669628
982 6.155881e+14 140.325642
983 6.156381e+14 142.885703
984 6.156882e+14 147.078548
985 6.157382e+14 143.844470
986 6.157883e+14 139.054393
987 6.158383e+14 142.987328
988 6.158884e+14 142.735755
989 6.159384e+14 145.773874
990 6.159885e+14 139.875887
991 6.160385e+14 137.763569
992 6.160886e+14 152.005824
993 6.161386e+14 138.757886
994 6.161887e+14 142.414118
995 6.162387e+14 147.212327
996 6.162888e+14 134.010367
997 6.163388e+14 143.183882
998 6.163889e+14 147.423408
999 6.164389e+14 147.628079
