# Date: 19/07/01, Author: E.Hubble
# First column is index, second column is frequency (Hz), third column is spectra (A.U.)
0 5.579821e+14 150.301588
1 5.580321e+14 150.954192
2 5.580822e+14 148.810542
3 5.581322e+14 157.652843
4 5.581823e+14 138.680602
5 5.582323e+14 150.988649
6 5.582824e+14 151.731824
7 5.583324e+14 145.298112
8 5.583825e+14 151.050948
9 5.584325e+14 147.757061
10 5.584826e+14 148.715312
11 5.585326e+14 142.816664
12 5.585827e+14 139.430943
13 5.586327e+14 140.459017
14 5.586828e+14 141.798643
15 5.587328e+14 152.772422
16 5.587829e+14 143.897563
17 5.588329e+14 139.026974
18 5.588830e+14 141.385207
19 5.589330e+14 147.237060
20 5.589831e+14 154.008296
21 5.590331e+14 151.364587
22 5.590832e+14 147.561519
23 5.591332e+14 138.098657
24 5.591833e+14 147.180196
25 5.592333e+14 149.813058
26 5.592834e+14 147.736542
27 5.593334e+14 146.757096
28 5.593835e+14 153.772472
29 5.594335e+14 133.208429
30 5.594836e+14 147.314711
31 5.595336e+14 143.484415
32 5.595837e+14 146.542667
33 5.596337e+14 146.795509
34 5.596838e+14 158.474982
35 5.597338e+14 138.429315
36 5.597839e+14 155.406685
37 5.598339e+14 147.299644
38 5.598840e+14 146.707014
39 5.599340e+14 140.606263
40 5.599841e+14 149.754683
41 5.600341e+14 151.483734
42 5.600842e+14 144.749724
43 5.601342e+14 140.127497
44 5.601843e+14 146.801475
45 5.602343e+14 146.061106
46 5.602844e+14 146.256079
47 5.603344e+14 138.262990
48 5.603845e+14 151.604241
49 5.604345e+14 148.571790
50 5.604846e+14 157.143940
51 5.605346e+14 141.053073
52 5.605847e+14 145.337586
53 5.606347e+14 144.890012
54 5.606848e+14 140.766877
55 5.607348e+14 145.266683
56 5.607849e+14 141.521766
57 5.608349e+14 159.302635
58 5.608850e+14 131.855025
59 5.609350e+14 150.115548
60 5.609851e+14 147.798904
61 5.610351e+14 147.332813
62 5.610852e+14 148.238510
63 5.611352e+14 150.746752
64 5.611853e+14 140.054987
65 5.612353e+14 137.248091
66 5.612854e+14 150.358999
67 5.613354e+14 151.603202
68 5.613855e+14 143.423787
69 5.614355e+14 151.559983
70 5.614856e+14 147.597234
71 5.615356e+14 146.963019
72 5.615857e+14 145.558173
73 5.616357e+14 155.193596
74 5.616858e+14 157.570033
75 5.617358e+14 159.192762
76 5.617859e+14 147.806859
77 5.618359e+14 148.551632
78 5.618860e+14 146.808725
79 5.619360e+14 149.841774
80 5.619861e+14 143.049019
81 5.620361e+14 153.994426
82 5.620862e+14 149.051989
83 5.621362e+14 154.396846
84 5.621863e+14 147.778630
85 5.622363e+14 155.449234
86 5.622864e+14 141.859015
87 5.623364e+14 151.109822
88 5.623865e+14 149.766138
89 5.624365e+14 141.221628
90 5.624866e+14 143.220863
91 5.625366e+14 151.807632
92 5.625867e+14 152.396077
93 5.626367e+14 153.322203
94 5.626868e+14 148.976532
95 5.627368e+14 143.196348
96 5.627869e+14 159.893199
97 5.628369e+14 157.595197
98 5.628870e+14 147.255984
99 5.629370e+14 141.314293
100 5.629871e+14 140.181082
101 5.630371e+14 150.879199
102 5.630872e+14 151.719315
103 5.631372e+14 147.281813
104 5.631873e+14 149.586950
105 5.632373e+14 151.191367
106 5.632874e+14 142.773406
107 5.633374e+14 141.899028
108 5.633875e+14 158.398568
109 5.634375e+14 144.756008
110 5.634876e+14 148.942740
111 5.635376e+14 147.780172
112 5.635877e+14 153.455822
113 5.636377e+14 152.724356
114 5.636878e+14 150.191222
115 5.637378e+14 146.523708
116 5.637879e+14 148.630497
117 5.638379e+14 143.792534
118 5.638880e+14 158.491672
119 5.639380e+14 148.859559
120 5.639881e+14 150.592477
121 5.640381e+14 152.071831
122 5.640882e+14 147.056988
123 5.641382e+14 148.263230
124 5.641883e+14 141.602748
125 5.642383e+14 149.838322
126 5.642884e+14 162.382136
127 5.643384e+14 148.251045
128 5.643885e+14 136.290455
129 5.644385e+14 152.101467
130 5.644886e+14 154.935063
131 5.645386e+14 149.466779
132 5.645887e+14 152.038685
133 5.646387e+14 147.257098
134 5.646888e+14 152.540357
135 5.647388e+14 149.146011
136 5.647889e+14 156.452162
137 5.648389e+14 149.207209
138 5.648890e+14 146.782919
139 5.649390e+14 144.717705
140 5.649891e+14 148.077494
141 5.650391e+14 146.748697
142 5.650892e+14 147.302581
143 5.651392e+14 142.972401
144 5.651893e+14 160.726918
145 5.652393e+14 164.004840
146 5.652894e+14 145.858098
147 5.653394e+14 147.838076
148 5.653895e+14 153.891641
149 5.654395e+14 154.515367
150 5.654896e+14 137.298123
151 5.655396e+14 149.937617
152 5.655897e+14 157.901502
153 5.656397e+14 141.273301
154 5.656898e+14 151.702109
155 5.657398e+14 153.969133
156 5.657899e+14 160.431394
157 5.658399e+14 156.981770
158 5.658900e+14 143.794185
159 5.659400e+14 151.404528
160 5.659901e+14 152.705903
161 5.660401e+14 143.798236
162 5.660902e+14 149.089689
163 5.661402e+14 140.534474
164 5.661903e+14 158.177226
165 5.662403e+14 151.466951
166 5.662904e+14 155.521083
167 5.663404e+14 155.020397
168 5.663905e+14 151.707549
169 5.664405e+14 151.219364
170 5.664906e+14 146.623925
171 5.665406e+14 154.076402
172 5.665907e+14 159.418732
173 5.666407e+14 147.307218
174 5.666908e+14 157.060705
175 5.667408e+14 150.251884
176 5.667909e+14 148.770303
177 5.668409e+14 155.731375
178 5.668910e+14 158.233506
179 5.669410e+14 160.136136
180 5.669911e+14 151.890281
181 5.670411e+14 155.190413
182 5.670912e+14 162.316034
183 5.671412e+14 154.166777
184 5.671913e+14 151.469411
185 5.672413e+14 145.221701
186 5.672914e+14 140.156245
187 5.673414e+14 159.455492
188 5.673915e+14 158.943755
189 5.674415e+14 159.567098
190 5.674916e+14 137.208750
191 5.675416e+14 149.332658
192 5.675917e+14 145.155200
193 5.676417e+14 155.862103
194 5.676918e+14 147.052521
195 5.677418e+14 158.207442
196 5.677919e+14 159.337078
197 5.678419e+14 156.507858
198 5.678920e+14 149.864790
199 5.679420e+14 142.294408
200 5.679921e+14 152.959914
201 5.680421e+14 154.342856
202 5.680922e+14 146.597290
203 5.681422e+14 155.739581
204 5.681923e+14 168.409915
205 5.682423e+14 163.239625
206 5.682924e+14 154.335658
207 5.683424e+14 147.100907
208 5.683925e+14 156.734100
209 5.684425e+14 156.003728
210 5.684926e+14 154.253719
211 5.685426e+14 154.712445
212 5.685927e+14 153.326193
213 5.686427e+14 152.318678
214 5.686928e+14 154.809814
215 5.687428e+14 152.990001
216 5.687929e+14 159.321354
217 5.688429e+14 164.794344
218 5.688930e+14 159.309377
219 5.689430e+14 158.474507
220 5.689931e+14 159.618349
221 5.690431e+14 153.846465
222 5.690932e+14 151.591047
223 5.691432e+14 156.466579
224 5.691933e+14 157.823193
225 5.692433e+14 158.691601
226 5.692934e+14 151.317852
227 5.693434e+14 153.033959
228 5.693935e+14 160.904625
229 5.694435e+14 153.613920
230 5.694936e+14 152.729943
231 5.695436e+14 156.060991
232 5.695937e+14 158.732619
233 5.696437e+14 144.950183
234 5.696938e+14 157.382216
235 5.697438e+14 150.277352
236 5.697939e+14 163.231625
237 5.698439e+14 149.610043
238 5.698940e+14 156.631395
239 5.699440e+14 149.189656
240 5.699941e+14 159.640948
241 5.700441e+14 156.637652
242 5.700942e+14 154.233480
243 5.701442e+14 150.097699
244 5.701943e+14 155.708303
245 5.702443e+14 154.900280
246 5.702944e+14 154.561528
247 5.703444e+14 156.708162
248 5.703945e+14 152.887148
249 5.704445e+14 158.137526
250 5.704946e+14 156.869233
251 5.705446e+14 156.304011
252 5.705947e+14 168.998549
253 5.706447e+14 165.069791
254 5.706948e+14 159.809361
255 5.707448e+14 152.773868
256 5.707949e+14 150.413717
257 5.708449e+14 147.472207
258 5.708950e+14 152.673389
259 5.709450e+14 153.644142
260 5.709951e+14 161.542234
261 5.710451e+14 160.795725
262 5.710952e+14 160.968946
263 5.711452e+14 161.030504
264 5.711953e+14 154.633848
265 5.712453e+14 149.234334
266 5.712954e+14 161.418373
267 5.713454e+14 149.913857
268 5.713955e+14 154.366136
269 5.714455e+14 158.864829
270 5.714956e+14 151.647896
271 5.715456e+14 149.022965
272 5.715957e+14 153.738132
273 5.716457e+14 169.923462
274 5.716958e+14 147.593271
275 5.717458e+14 167.216907
276 5.717959e+14 169.910741
277 5.718459e+14 154.212198
278 5.718960e+14 159.859103
279 5.719460e+14 156.320698
280 5.719961e+14 151.982159
281 5.720461e+14 141.828867
282 5.720962e+14 159.387320
283 5.721462e+14 155.818376
284 5.721963e+14 150.018846
285 5.722463e+14 158.346587
286 5.722964e+14 160.681756
287 5.723464e+14 163.802880
288 5.723965e+14 148.382639
289 5.724465e+14 156.735242
290 5.724966e+14 148.169934
291 5.725466e+14 160.307429
292 5.725967e+14 159.776289
293 5.726467e+14 158.498548
294 5.726968e+14 168.965378
295 5.727468e+14 157.087359
296 5.727969e+14 148.572823
297 5.728469e+14 148.687742
298 5.728970e+14 161.089651
299 5.729470e+14 160.401925
300 5.729971e+14 153.252339
301 5.730471e+14 154.043797
302 5.730972e+14 161.238986
303 5.731472e+14 159.307519
304 5.731973e+14 161.767978
305 5.732473e+14 153.594258
306 5.732974e+14 160.059280
307 5.733474e+14 177.895187
308 5.733975e+14 171.406875
309 5.734475e+14 160.423861
310 5.734976e+14 154.346233
311 5.735476e+14 165.288163
312 5.735977e+14 167.473479
313 5.736477e+14 156.459568
314 5.736978e+14 161.881045
315 5.737478e+14 164.367614
316 5.737979e+14 151.853945
317 5.738479e+14 161.503029
318 5.738980e+14 154.780809
319 5.739480e+14 166.685961
320 5.739981e+14 154.220200
321 5.740481e+14 168.032735
322 5.740982e+14 163.324871
323 5.741482e+14 171.093271
324 5.741983e+14 161.578130
325 5.742483e+14 164.719288
326 5.742984e+14 169.969809
327 5.743484e+14 161.235064
328 5.743985e+14 152.549749
329 5.744485e+14 161.858666
330 5.744986e+14 166.910574
331 5.745486e+14 164.644643
332 5.745987e+14 157.059834
333 5.746487e+14 160.884877
334 5.746988e+14 165.016419
335 5.747488e+14 159.532329
336 5.747989e+14 157.303334
337 5.748489e+14 153.279216
338 5.748990e+14 164.653391
339 5.749490e+14 168.236233
340 5.749991e+14 157.464131
341 5.750491e+14 166.683567
342 5.750992e+14 158.985094
343 5.751492e+14 160.601264
344 5.751993e+14 158.963079
345 5.752493e+14 158.698302
346 5.752994e+14 152.437156
347 5.753494e+14 172.722995
348 5.753995e+14 161.862886
349 5.754495e+14 167.579975
350 5.754996e+14 170.501866
351 5.755496e+14 166.815639
352 5.755997e+14 171.706359
353 5.756497e+14 156.809665
354 5.756998e+14 161.022227
355 5.757498e+14 162.357048
356 5.757999e+14 168.703564
357 5.758499e+14 160.918556
358 5.759000e+14 158.899351
359 5.759500e+14 157.233461
360 5.760001e+14 160.887186
361 5.760501e+14 166.645008
362 5.761002e+14 184.918867
363 5.761502e+14 155.221545
364 5.762003e+14 179.396834
365 5.762503e+14 168.021182
366 5.763004e+14 164.117254
367 5.763504e+14 178.203508
368 5.764005e+14 169.426367
369 5.764505e+14 168.474594
370 5.765006e+14 158.463834
371 5.765506e+14 155.400671
372 5.766007e+14 166.991639
373 5.766507e+14 171.051330
374 5.767008e+14 171.216380
375 5.767508e+14 167.782234
376 5.768009e+14 167.925993
377 5.768509e+14 169.951006
378 5.769010e+14 168.506670
379 5.769510e+14 176.085345
380 5.770011e+14 165.282488
381 5.770511e+14 166.025236
382 5.771012e+14 173.792208
383 5.771512e+14 171.401151
384 5.772013e+14 164.187934
385 5.772513e+14 166.140286
386 5.773014e+14 180.358748
387 5.773514e+14 178.590207
388 5.774015e+14 172.772549
389 5.774515e+14 171.892246
390 5.775016e+14 179.180158
391 5.775516e+14 175.394442
392 5.776017e+14 176.582243
393 5.776517e+14 171.452572
394 5.777018e+14 165.659574
395 5.777518e+14 176.860641
396 5.778019e+14 169.084146
397 5.778519e+14 165.467828
398 5.779020e+14 169.882482
399 5.779520e+14 180.622072
400 5.780021e+14 170.480413
401 5.780521e+14 170.220264
402 5.781022e+14 171.691017
403 5.781522e+14 175.878096
404 5.782023e+14 183.768421
405 5.782523e+14 166.696807
406 5.783024e+14 172.204343
407 5.783524e+14 172.542801
408 5.784025e+14 181.436370
409 5.784525e+14 171.321585
410 5.785026e+14 169.926266
411 5.785526e+14 178.620016
412 5.786027e+14 168.500993
413 5.786527e+14 179.396672
414 5.787028e+14 180.400907
415 5.787528e+14 175.128303
416 5.788029e+14 162.545574
417 5.788529e+14 181.199566
418 5.789030e+14 178.764051
419 5.789530e+14 167.656305
420 5.790031e+14 174.849949
421 5.790531e+14 175.253084
422 5.791032e+14 178.836221
423 5.791532e+14 173.185299
424 5.792033e+14 174.586363
425 5.792533e+14 178.473912
426 5.793034e+14 168.188998
427 5.793534e+14 175.646324
428 5.794035e+14 174.875852
429 5.794535e+14 176.853732
430 5.795036e+14 171.021752
431 5.795536e+14 180.034813
432 5.796037e+14 167.683687
433 5.796537e+14 164.006956
434 5.797038e+14 173.182400
435 5.797538e+14 167.009942
436 5.798039e+14 169.659703
437 5.798539e+14 175.946583
438 5.799040e+14 167.404725
439 5.799540e+14 180.465644
440 5.800041e+14 164.950554
441 5.800541e+14 166.858589
442 5.801042e+14 183.308676
443 5.801542e+14 173.850408
444 5.802043e+14 169.927268
445 5.802543e+14 182.063626
446 5.803044e+14 177.087526
447 5.803544e+14 165.877012
448 5.804045e+14 180.037552
449 5.804545e+14 168.024124
450 5.805046e+14 174.441625
451 5.805546e+14 173.129957
452 5.806047e+14 178.132540
453 5.806547e+14 178.709627
454 5.807048e+14 170.241037
455 5.807548e+14 165.431969
456 5.808049e+14 177.333253
457 5.808549e+14 176.320231
458 5.809050e+14 174.725221
459 5.809550e+14 174.211411
460 5.810051e+14 178.336718
461 5.810551e+14 178.845441
462 5.811052e+14 180.719474
463 5.811552e+14 177.090333
464 5.812053e+14 187.311548
465 5.812553e+14 179.594641
466 5.813054e+14 180.048891
467 5.813554e+14 181.464798
468 5.814055e+14 176.927923
469 5.814555e+14 183.101340
470 5.815056e+14 181.915169
471 5.815556e+14 183.864296
472 5.816057e+14 182.081274
473 5.816557e+14 189.018612
474 5.817058e+14 175.868533
475 5.817558e+14 165.430955
476 5.818059e+14 190.878931
477 5.818559e+14 177.743676
478 5.819060e+14 180.909334
479 5.819560e+14 181.919961
480 5.820061e+14 177.556738
481 5.820561e+14 172.468249
482 5.821062e+14 170.901897
483 5.821562e+14 190.852970
484 5.822063e+14 182.246009
485 5.822563e+14 176.333224
486 5.823064e+14 177.555873
487 5.823564e+14 174.119303
488 5.824065e+14 180.764113
489 5.824565e+14 167.104086
490 5.825066e+14 179.191223
491 5.825566e+14 179.621332
492 5.826067e+14 175.551859
493 5.826567e+14 177.093264
494 5.827068e+14 180.008561
495 5.827568e+14 181.310572
496 5.828069e+14 186.800384
497 5.828569e+14 174.958659
498 5.829070e+14 183.140461
499 5.829570e+14 193.073504
500 5.830071e+14 186.104036
501 5.830571e+14 181.278765
502 5.831072e+14 180.717912
503 5.831572e+14 182.739097
504 5.832073e+14 176.788847
505 5.832573e+14 191.309289
506 5.833074e+14 173.299724
507 5.833574e+14 182.102209
508 5.834075e+14 180.521730
509 5.834575e+14 182.293845
510 5.835076e+14 182.069060
511 5.835576e+14 178.554551
512 5.836077e+14 178.367798
513 5.836577e+14 172.733195
514 5.837078e+14 182.225950
515 5.837578e+14 183.670640
516 5.838079e+14 173.671329
517 5.838579e+14 177.248947
518 5.839080e+14 186.441708
519 5.839580e+14 183.937963
520 5.840081e+14 185.243938
521 5.840581e+14 175.768806
522 5.841082e+14 172.508012
523 5.841582e+14 173.305457
524 5.842083e+14 179.341430
525 5.842583e+14 177.643478
526 5.843084e+14 167.266638
527 5.843584e+14 181.829661
528 5.844085e+14 178.862357
529 5.844585e+14 183.738168
530 5.845086e+14 177.669861
531 5.845586e+14 183.878859
532 5.846087e+14 185.651429
533 5.846587e+14 186.736780
534 5.847088e+14 186.871733
535 5.847588e+14 180.723061
536 5.848089e+14 176.938075
537 5.848589e+14 175.553224
538 5.849090e+14 187.603043
539 5.849590e+14 187.218634
540 5.850091e+14 183.487278
541 5.850591e+14 187.708657
542 5.851092e+14 199.250869
543 5.851592e+14 182.220149
544 5.852093e+14 179.712944
545 5.852593e+14 175.336540
546 5.853094e+14 181.050423
547 5.853594e+14 186.920386
548 5.854095e+14 183.057393
549 5.854595e+14 178.910367
550 5.855096e+14 175.050164
551 5.855596e+14 183.442794
552 5.856097e+14 181.978338
553 5.856597e+14 185.505933
554 5.857098e+14 187.990429
555 5.857598e+14 173.919212
556 5.858099e+14 182.035557
557 5.858599e+14 173.883236
558 5.859100e+14 190.882128
559 5.859600e+14 175.486105
560 5.860101e+14 184.105452
561 5.860601e+14 178.604566
562 5.861102e+14 182.635908
563 5.861602e+14 173.258642
564 5.862103e+14 174.273447
565 5.862603e+14 182.501185
566 5.863104e+14 179.532561
567 5.863604e+14 180.712567
568 5.864105e+14 179.645267
569 5.864605e+14 183.464503
570 5.865106e+14 179.889360
571 5.865606e+14 189.945221
572 5.866107e+14 180.946298
573 5.866607e+14 186.719743
574 5.867108e+14 181.740282
575 5.867608e+14 188.189243
576 5.868109e+14 181.150836
577 5.868609e+14 184.551431
578 5.869110e+14 181.641618
579 5.869610e+14 192.581550
580 5.870111e+14 186.818950
581 5.870611e+14 187.108864
582 5.871112e+14 186.862790
583 5.871612e+14 181.848713
584 5.872113e+14 191.341292
585 5.872613e+14 178.719064
586 5.873114e+14 185.440568
587 5.873614e+14 179.206650
588 5.874115e+14 182.017431
589 5.874615e+14 178.130319
590 5.875116e+14 185.878989
591 5.875616e+14 190.177239
592 5.876117e+14 184.683643
593 5.876617e+14 181.153582
594 5.877118e+14 184.378103
595 5.877618e+14 185.185824
596 5.878119e+14 180.566389
597 5.878619e+14 177.763223
598 5.879120e+14 180.285158
599 5.879620e+14 171.869133
600 5.880121e+14 174.196130
601 5.880621e+14 190.460575
602 5.881122e+14 169.765281
603 5.881622e+14 183.296333
604 5.882123e+14 179.859761
605 5.882623e+14 181.331770
606 5.883124e+14 181.567263
607 5.883624e+14 174.944079
608 5.884125e+14 172.786186
609 5.884625e+14 192.795878
610 5.885126e+14 192.723814
611 5.885626e+14 176.464051
612 5.886127e+14 175.433288
613 5.886627e+14 180.104540
614 5.887128e+14 181.775549
615 5.887628e+14 184.057367
616 5.888129e+14 177.196363
617 5.888629e+14 173.806823
618 5.889130e+14 183.516512
619 5.889630e+14 188.037687
620 5.890131e+14 171.741140
621 5.890631e+14 177.261106
622 5.891132e+14 178.268614
623 5.891632e+14 166.711307
624 5.892133e+14 165.750380
625 5.892633e+14 181.412924
626 5.893134e+14 174.712865
627 5.893634e+14 184.452093
628 5.894135e+14 177.783673
629 5.894635e+14 176.336381
630 5.895136e+14 179.063433
631 5.895636e+14 184.059889
632 5.896137e+14 180.535311
633 5.896637e+14 172.416596
634 5.897138e+14 172.781790
635 5.897638e+14 189.402616
636 5.898139e+14 176.020709
637 5.898639e+14 179.169475
638 5.899140e+14 175.535722
639 5.899640e+14 178.521853
640 5.900141e+14 171.118973
641 5.900641e+14 174.781074
642 5.901142e+14 173.808328
643 5.901642e+14 178.738592
644 5.902143e+14 166.051416
645 5.902643e+14 171.568990
646 5.903144e+14 186.666641
647 5.903644e+14 171.175425
648 5.904145e+14 179.472713
649 5.904645e+14 174.043811
650 5.905146e+14 182.010440
651 5.905646e+14 171.957754
652 5.906147e+14 175.340376
653 5.906647e+14 178.045725
654 5.907148e+14 178.619307
655 5.907648e+14 173.557005
656 5.908149e+14 175.318071
657 5.908649e+14 181.942876
658 5.909150e+14 186.861063
659 5.909650e+14 173.163904
660 5.910151e+14 182.188910
661 5.910651e+14 169.101693
662 5.911152e+14 183.021864
663 5.911652e+14 174.465245
664 5.912153e+14 168.975369
665 5.912653e+14 171.811217
666 5.913154e+14 180.811366
667 5.913654e+14 183.340648
668 5.914155e+14 185.549612
669 5.914655e+14 194.375940
670 5.915156e+14 181.655140
671 5.915656e+14 177.911449
672 5.916157e+14 182.876334
673 5.916657e+14 179.185885
674 5.917158e+14 170.354578
675 5.917658e+14 166.638304
676 5.918159e+14 180.413920
677 5.918659e+14 164.464257
678 5.919160e+14 176.500494
679 5.919660e+14 169.229209
680 5.920161e+14 176.750024
681 5.920661e+14 185.008902
682 5.921162e+14 166.243327
683 5.921662e+14 175.214925
684 5.922163e+14 176.496426
685 5.922663e+14 176.486574
686 5.923164e+14 177.597480
687 5.923664e+14 183.491488
688 5.924165e+14 173.348164
689 5.924665e+14 165.750252
690 5.925166e+14 176.698546
691 5.925666e+14 173.200545
692 5.926167e+14 172.710336
693 5.926667e+14 179.340159
694 5.927168e+14 183.195910
695 5.927668e+14 169.286743
696 5.928169e+14 172.398655
697 5.928669e+14 182.064515
698 5.929170e+14 172.158915
699 5.929670e+14 173.486123
700 5.930171e+14 175.902406
701 5.930671e+14 174.254769
702 5.931172e+14 185.914016
703 5.931672e+14 180.024729
704 5.932173e+14 181.897745
705 5.932673e+14 173.253769
706 5.933174e+14 167.969454
707 5.933674e+14 182.127824
708 5.934175e+14 179.138528
709 5.934675e+14 183.392626
710 5.935176e+14 194.340421
711 5.935676e+14 178.731154
712 5.936177e+14 191.358428
713 5.936677e+14 173.696214
714 5.937178e+14 177.686512
715 5.937678e+14 184.910782
716 5.938179e+14 170.245174
717 5.938679e+14 193.236857
718 5.939180e+14 156.795994
719 5.939680e+14 175.335469
720 5.940181e+14 170.866944
721 5.940681e+14 175.824269
722 5.941182e+14 180.337724
723 5.941682e+14 170.611058
724 5.942183e+14 168.180247
725 5.942683e+14 177.796448
726 5.943184e+14 173.016568
727 5.943684e+14 175.050455
728 5.944185e+14 181.822858
729 5.944685e+14 169.075307
730 5.945186e+14 178.594635
731 5.945686e+14 179.343106
732 5.946187e+14 168.048471
733 5.946687e+14 164.555826
734 5.947188e+14 169.533340
735 5.947688e+14 171.971432
736 5.948189e+14 175.405562
737 5.948689e+14 163.249387
738 5.949190e+14 174.664065
739 5.949690e+14 185.253888
740 5.950191e+14 172.750667
741 5.950691e+14 172.125288
742 5.951192e+14 174.940015
743 5.951692e+14 164.194658
744 5.952193e+14 177.138351
745 5.952693e+14 166.395481
746 5.953194e+14 178.099763
747 5.953694e+14 170.720947
748 5.954195e+14 161.418457
749 5.954695e+14 170.652620
750 5.955196e+14 180.750247
751 5.955696e+14 188.041526
752 5.956197e+14 188.117825
753 5.956697e+14 178.516293
754 5.957198e+14 187.985521
755 5.957698e+14 174.021880
756 5.958199e+14 167.615647
757 5.958699e+14 173.922682
758 5.959200e+14 177.946868
759 5.959700e+14 165.705533
760 5.960201e+14 174.447815
761 5.960701e+14 170.533978
762 5.961202e+14 170.046515
763 5.961702e+14 169.317264
764 5.962203e+14 171.324658
765 5.962703e+14 177.844164
766 5.963204e+14 169.387483
767 5.963704e+14 165.245595
768 5.964205e+14 171.899326
769 5.964705e+14 173.444179
770 5.965206e+14 162.559710
771 5.965706e+14 188.147761
772 5.966207e+14 179.899518
773 5.966707e+14 175.986864
774 5.967208e+14 170.002749
775 5.967708e+14 176.021170
776 5.968209e+14 167.018381
777 5.968709e+14 171.688654
778 5.969210e+14 172.676697
779 5.969710e+14 168.798655
780 5.970211e+14 177.017283
781 5.970711e+14 165.239629
782 5.971212e+14 163.334435
783 5.971712e+14 186.000919
784 5.972213e+14 171.041370
785 5.972713e+14 173.102500
786 5.973214e+14 174.644029
787 5.973714e+14 174.177621
788 5.974215e+14 176.322945
789 5.974715e+14 165.611889
790 5.975216e+14 165.937058
791 5.975716e+14 175.371082
792 5.976217e+14 175.355335
793 5.976717e+14 165.288453
794 5.977218e+14 174.119435
795 5.977718e+14 172.554021
796 5.978219e+14 172.752356
797 5.978719e+14 181.611322
798 5.979220e+14 172.012504
799 5.979720e+14 169.578816
800 5.980221e+14 182.795268
801 5.980721e+14 166.824047
802 5.981222e+14 181.759383
803 5.981722e+14 173.869899
804 5.982223e+14 178.844517
805 5.982723e+14 172.923981
806 5.983224e+14 178.827823
807 5.983724e+14 186.018950
808 5.984225e+14 174.501736
809 5.984725e+14 178.729480
810 5.985226e+14 171.790951
811 5.985726e+14 176.753605
812 5.986227e+14 173.240986
813 5.986727e+14 183.648837
814 5.987228e+14 177.951980
815 5.987728e+14 171.156699
816 5.988229e+14 177.202327
817 5.988729e+14 173.003683
818 5.989230e+14 167.262033
819 5.989730e+14 169.037803
820 5.990231e+14 176.678338
821 5.990731e+14 180.007658
822 5.991232e+14 171.905699
823 5.991732e+14 182.163545
824 5.992233e+14 184.884144
825 5.992733e+14 182.399722
826 5.993234e+14 174.209805
827 5.993734e+14 169.456251
828 5.994235e+14 172.307413
829 5.994735e+14 178.445002
830 5.995236e+14 175.987498
831 5.995736e+14 169.774470
832 5.996237e+14 170.826056
833 5.996737e+14 177.554986
834 5.997238e+14 177.557257
835 5.997739e+14 181.778253
836 5.998239e+14 175.685267
837 5.998740e+14 167.478514
838 5.999240e+14 167.820035
839 5.999741e+14 180.325745
840 6.000241e+14 179.324562
841 6.000742e+14 176.832143
842 6.001242e+14 172.869309
843 6.001743e+14 165.468779
844 6.002243e+14 174.110222
845 6.002744e+14 171.448163
846 6.003244e+14 177.462195
847 6.003745e+14 171.388863
848 6.004245e+14 169.794355
849 6.004746e+14 175.143531
850 6.005246e+14 185.845262
851 6.005747e+14 168.293596
852 6.006247e+14 172.027046
853 6.006748e+14 169.353329
854 6.007248e+14 160.875129
855 6.007749e+14 177.190362
856 6.008249e+14 178.995234
857 6.008750e+14 170.497031
858 6.009250e+14 173.232753
859 6.009751e+14 180.024636
860 6.010251e+14 179.566249
861 6.010752e+14 171.837769
862 6.011252e+14 191.455387
863 6.011753e+14 182.933986
864 6.012253e+14 173.430263
865 6.012754e+14 170.873558
866 6.013254e+14 176.807037
867 6.013755e+14 176.746746
868 6.014255e+14 170.259980
869 6.014756e+14 171.937964
870 6.015256e+14 183.494733
871 6.015757e+14 176.537705
872 6.016257e+14 171.688053
873 6.016758e+14 177.718857
874 6.017258e+14 174.458921
875 6.017759e+14 169.978761
876 6.018259e+14 168.544535
877 6.018760e+14 176.672898
878 6.019260e+14 171.292607
879 6.019761e+14 168.569711
880 6.020261e+14 166.288711
881 6.020762e+14 173.654837
882 6.021262e+14 164.461986
883 6.021763e+14 171.505568
884 6.022263e+14 173.705516
885 6.022764e+14 178.531071
886 6.023264e+14 179.987623
887 6.023765e+14 173.551283
888 6.024265e+14 174.039352
889 6.024766e+14 172.023716
890 6.025266e+14 179.810053
891 6.025767e+14 179.501061
892 6.026267e+14 173.310983
893 6.026768e+14 171.581870
894 6.027268e+14 173.443935
895 6.027769e+14 170.093697
896 6.028269e+14 176.384251
897 6.028770e+14 174.881291
898 6.029270e+14 171.161996
899 6.029771e+14 173.113627
900 6.030271e+14 171.432857
901 6.030772e+14 166.701459
902 6.031272e+14 180.320368
903 6.031773e+14 172.443967
904 6.032273e+14 180.745857
905 6.032774e+14 183.126005
906 6.033274e+14 173.188435
907 6.033775e+14 172.591893
908 6.034275e+14 174.412752
909 6.034776e+14 169.699521
910 6.035276e+14 175.725104
911 6.035777e+14 177.260757
912 6.036277e+14 182.179202
913 6.036778e+14 172.128011
914 6.037278e+14 177.525318
915 6.037779e+14 178.960987
916 6.038279e+14 169.702984
917 6.038780e+14 175.639561
918 6.039280e+14 178.574538
919 6.039781e+14 192.984956
920 6.040281e+14 167.248795
921 6.040782e+14 179.460501
922 6.041282e+14 177.438927
923 6.041783e+14 179.960119
924 6.042283e+14 172.760773
925 6.042784e+14 169.197384
926 6.043284e+14 181.849831
927 6.043785e+14 178.689334
928 6.044285e+14 177.230518
929 6.044786e+14 171.223638
930 6.045286e+14 172.955317
931 6.045787e+14 173.996590
932 6.046287e+14 178.883635
933 6.046788e+14 165.874530
934 6.047288e+14 170.669870
935 6.047789e+14 162.540727
936 6.048289e+14 175.113781
937 6.048790e+14 178.982879
938 6.049290e+14 175.838661
939 6.049791e+14 172.063271
940 6.050291e+14 175.116324
941 6.050792e+14 179.989757
942 6.051292e+14 177.124687
943 6.051793e+14 175.441441
944 6.052293e+14 167.129443
945 6.052794e+14 176.514705
946 6.053294e+14 172.691509
947 6.053795e+14 171.190117
948 6.054295e+14 174.449116
949 6.054796e+14 177.979391
950 6.055296e+14 168.081442
951 6.055797e+14 184.074547
952 6.056297e+14 166.767629
953 6.056798e+14 167.162396
954 6.057298e+14 179.379232
955 6.057799e+14 172.407234
956 6.058299e+14 170.191157
957 6.058800e+14 172.199639
958 6.059300e+14 191.953353
959 6.059801e+14 179.133523
960 6.060301e+14 185.323907
961 6.060802e+14 179.732785
962 6.061302e+14 169.437226
963 6.061803e+14 182.946611
964 6.062303e+14 179.148047
965 6.062804e+14 169.369651
966 6.063304e+14 176.472335
967 6.063805e+14 170.213498
968 6.064305e+14 168.178686
969 6.064806e+14 167.950019
970 6.065306e+14 181.822228
971 6.065807e+14 173.549649
972 6.066307e+14 175.182938
973 6.066808e+14 167.765220
974 6.067308e+14 167.823440
975 6.067809e+14 177.236671
976 6.068309e+14 174.724813
977 6.068810e+14 177.885856
978 6.069310e+14 175.764448
979 6.069811e+14 181.026150
980 6.070311e+14 170.431683
981 6.070812e+14 179.397033
982 6.071312e+14 180.308644
983 6.071813e+14 172.836052
984 6.072313e+14 167.989683
985 6.072814e+14 189.878649
986 6.073314e+14 167.042535
987 6.073815e+14 174.499659
988 6.074315e+14 164.685987
989 6.074816e+14 182.915744
990 6.075316e+14 170.279626
991 6.075817e+14 172.755366
992 6.076317e+14 178.653737
993 6.076818e+14 166.451794
994 6.077318e+14 177.867150
995 6.077819e+14 175.959288
996 6.078319e+14 174.834663
997 6.078820e+14 168.734152
998 6.079320e+14 185.194036
999 6.079821e+14 181.045085
