# Date: 19/07/01, Author: E.Hubble
# First column is index, second column is frequency (Hz), third column is spectra (A.U.)
0 5.702996e+14 127.449947
1 5.703497e+14 141.811962
2 5.703997e+14 145.668277
3 5.704498e+14 145.389270
4 5.704998e+14 136.711914
5 5.705499e+14 142.130628
6 5.705999e+14 144.951643
7 5.706500e+14 145.154018
8 5.707000e+14 142.772332
9 5.707501e+14 152.505044
10 5.708001e+14 147.940156
11 5.708502e+14 141.490642
12 5.709002e+14 136.812013
13 5.709503e+14 143.761692
14 5.710003e+14 144.615235
15 5.710504e+14 152.817115
16 5.711004e+14 149.476362
17 5.711505e+14 154.330122
18 5.712005e+14 142.181409
19 5.712506e+14 154.624764
20 5.713006e+14 140.028220
21 5.713507e+14 140.086728
22 5.714007e+14 141.678709
23 5.714508e+14 151.722209
24 5.715008e+14 139.034463
25 5.715509e+14 140.356571
26 5.716009e+14 133.564320
27 5.716510e+14 148.358677
28 5.717010e+14 133.834896
29 5.717511e+14 141.042640
30 5.718011e+14 136.601329
31 5.718512e+14 133.688712
32 5.719012e+14 138.330782
33 5.719513e+14 146.791453
34 5.720013e+14 146.331428
35 5.720514e+14 153.438560
36 5.721014e+14 137.245529
37 5.721515e+14 144.925850
38 5.722015e+14 148.873671
39 5.722516e+14 138.826884
40 5.723016e+14 137.240370
41 5.723517e+14 139.774680
42 5.724017e+14 136.620698
43 5.724518e+14 147.696653
44 5.725018e+14 138.646905
45 5.725519e+14 138.221798
46 5.726019e+14 131.355247
47 5.726520e+14 136.669920
48 5.727020e+14 138.112963
49 5.727521e+14 133.137443
50 5.728021e+14 140.542853
51 5.728522e+14 131.040160
52 5.729022e+14 138.049139
53 5.729523e+14 135.804050
54 5.730023e+14 133.041374
55 5.730524e+14 142.027393
56 5.731024e+14 134.492209
57 5.731525e+14 148.338083
58 5.732025e+14 143.291740
59 5.732526e+14 138.981616
60 5.733026e+14 144.030912
61 5.733527e+14 135.654048
62 5.734027e+14 131.079604
63 5.734528e+14 146.804043
64 5.735028e+14 130.243358
65 5.735529e+14 134.149367
66 5.736029e+14 136.635373
67 5.736530e+14 133.032134
68 5.737030e+14 137.055026
69 5.737531e+14 145.139751
70 5.738031e+14 143.036065
71 5.738532e+14 150.715010
72 5.739032e+14 146.448279
73 5.739533e+14 139.697204
74 5.740033e+14 135.818329
75 5.740534e+14 141.704137
76 5.741034e+14 141.893535
77 5.741535e+14 135.723634
78 5.742035e+14 139.793430
79 5.742536e+14 141.783984
80 5.743036e+14 133.802338
81 5.743537e+14 136.700025
82 5.744037e+14 143.353169
83 5.744538e+14 140.497849
84 5.745038e+14 135.360880
85 5.745539e+14 142.679496
86 5.746039e+14 132.854036
87 5.746540e+14 138.717338
88 5.747040e+14 141.424886
89 5.747541e+14 131.882103
90 5.748041e+14 140.749377
91 5.748542e+14 147.607467
92 5.749042e+14 132.086705
93 5.749543e+14 132.965972
94 5.750043e+14 128.662070
95 5.750544e+14 129.537762
96 5.751044e+14 131.825091
97 5.751545e+14 141.793025
98 5.752045e+14 135.298595
99 5.752546e+14 140.082756
100 5.753046e+14 133.753914
101 5.753547e+14 132.847445
102 5.754047e+14 134.332112
103 5.754548e+14 125.064722
104 5.755048e+14 135.917520
105 5.755549e+14 138.571873
106 5.756049e+14 140.079883
107 5.756550e+14 137.884280
108 5.757050e+14 145.703070
109 5.757551e+14 138.184406
110 5.758051e+14 134.888491
111 5.758552e+14 135.848841
112 5.759052e+14 135.097151
113 5.759553e+14 137.039171
114 5.760053e+14 130.171397
115 5.760554e+14 121.943753
116 5.761054e+14 145.674010
117 5.761555e+14 143.362549
118 5.762055e+14 137.629888
119 5.762556e+14 138.961574
120 5.763056e+14 141.172634
121 5.763557e+14 136.004709
122 5.764057e+14 145.728578
123 5.764558e+14 126.640614
124 5.765058e+14 137.247500
125 5.765559e+14 142.478606
126 5.766059e+14 136.312816
127 5.766560e+14 146.294078
128 5.767060e+14 145.320115
129 5.767561e+14 130.556452
130 5.768061e+14 140.684570
131 5.768562e+14 145.572696
132 5.769062e+14 124.776235
133 5.769563e+14 142.072994
134 5.770063e+14 128.291835
135 5.770564e+14 131.389664
136 5.771064e+14 144.714840
137 5.771565e+14 139.759436
138 5.772065e+14 133.941286
139 5.772566e+14 142.466762
140 5.773066e+14 138.034099
141 5.773567e+14 135.026533
142 5.774067e+14 140.676664
143 5.774568e+14 132.098759
144 5.775068e+14 130.634074
145 5.775569e+14 139.295132
146 5.776069e+14 135.322229
147 5.776570e+14 137.543208
148 5.777070e+14 141.449067
149 5.777571e+14 140.195749
150 5.778071e+14 133.338282
151 5.778572e+14 139.815080
152 5.779072e+14 137.249541
153 5.779573e+14 129.493053
154 5.780073e+14 148.996212
155 5.780574e+14 133.115120
156 5.781074e+14 152.504631
157 5.781575e+14 143.882044
158 5.782075e+14 128.048456
159 5.782576e+14 137.846447
160 5.783076e+14 130.015030
161 5.783577e+14 142.621094
162 5.784077e+14 133.952401
163 5.784578e+14 135.079827
164 5.785078e+14 141.832628
165 5.785579e+14 136.478644
166 5.786079e+14 135.966295
167 5.786580e+14 138.571669
168 5.787080e+14 130.108768
169 5.787581e+14 133.273890
170 5.788081e+14 135.805384
171 5.788582e+14 137.047172
172 5.789082e+14 142.489812
173 5.789583e+14 141.184625
174 5.790083e+14 131.013358
175 5.790584e+14 133.299030
176 5.791084e+14 146.390639
177 5.791585e+14 131.941226
178 5.792085e+14 144.940132
179 5.792586e+14 132.985096
180 5.793086e+14 142.789968
181 5.793587e+14 131.940858
182 5.794087e+14 143.077678
183 5.794588e+14 142.067076
184 5.795088e+14 121.301143
185 5.795589e+14 139.306300
186 5.796089e+14 146.962525
187 5.796590e+14 128.739951
188 5.797090e+14 139.401159
189 5.797591e+14 145.592326
190 5.798091e+14 137.421975
191 5.798592e+14 139.577488
192 5.799092e+14 140.392752
193 5.799593e+14 142.681006
194 5.800093e+14 139.432283
195 5.800594e+14 137.612408
196 5.801094e+14 144.312849
197 5.801595e+14 137.935798
198 5.802095e+14 141.134331
199 5.802596e+14 136.474388
200 5.803096e+14 135.913329
201 5.803597e+14 133.153871
202 5.804097e+14 132.530229
203 5.804598e+14 137.300780
204 5.805098e+14 143.670085
205 5.805599e+14 138.938219
206 5.806099e+14 133.714383
207 5.806600e+14 131.899028
208 5.807100e+14 134.953266
209 5.807601e+14 134.018943
210 5.808101e+14 137.789032
211 5.808602e+14 133.294423
212 5.809102e+14 122.152800
213 5.809603e+14 132.604274
214 5.810103e+14 146.468570
215 5.810604e+14 137.519264
216 5.811104e+14 137.185887
217 5.811605e+14 136.282768
218 5.812105e+14 131.888007
219 5.812606e+14 146.389282
220 5.813106e+14 131.625947
221 5.813607e+14 137.938717
222 5.814107e+14 136.131963
223 5.814608e+14 135.152066
224 5.815108e+14 134.394823
225 5.815609e+14 133.675428
226 5.816109e+14 131.415472
227 5.816610e+14 137.799440
228 5.817110e+14 139.537021
229 5.817611e+14 139.467114
230 5.818111e+14 128.213046
231 5.818612e+14 142.086063
232 5.819112e+14 132.033222
233 5.819613e+14 136.670589
234 5.820113e+14 128.577672
235 5.820614e+14 142.220388
236 5.821114e+14 139.150721
237 5.821615e+14 141.194883
238 5.822115e+14 133.437449
239 5.822616e+14 143.917527
240 5.823116e+14 140.139813
241 5.823617e+14 141.824479
242 5.824117e+14 138.886736
243 5.824618e+14 137.484062
244 5.825118e+14 137.551679
245 5.825619e+14 142.625296
246 5.826119e+14 136.584119
247 5.826620e+14 135.769513
248 5.827120e+14 126.286627
249 5.827621e+14 132.877941
250 5.828121e+14 142.749152
251 5.828622e+14 141.809227
252 5.829122e+14 142.159641
253 5.829623e+14 133.874036
254 5.830123e+14 130.439532
255 5.830624e+14 118.234564
256 5.831124e+14 130.929928
257 5.831625e+14 134.645391
258 5.832125e+14 134.507042
259 5.832626e+14 134.997711
260 5.833126e+14 124.575857
261 5.833627e+14 137.425374
262 5.834127e+14 127.607666
263 5.834628e+14 135.313171
264 5.835128e+14 132.243037
265 5.835629e+14 129.809768
266 5.836129e+14 135.635621
267 5.836630e+14 133.875961
268 5.837130e+14 140.040557
269 5.837631e+14 129.305074
270 5.838131e+14 131.260992
271 5.838632e+14 136.808006
272 5.839132e+14 129.224105
273 5.839633e+14 133.461453
274 5.840133e+14 147.796957
275 5.840634e+14 132.197562
276 5.841134e+14 131.063973
277 5.841635e+14 129.160253
278 5.842135e+14 131.472581
279 5.842636e+14 139.428078
280 5.843136e+14 139.073832
281 5.843637e+14 137.624700
282 5.844137e+14 128.514571
283 5.844638e+14 129.054399
284 5.845138e+14 135.834450
285 5.845639e+14 139.669237
286 5.846139e+14 133.247557
287 5.846640e+14 127.590625
288 5.847140e+14 132.565997
289 5.847641e+14 132.930947
290 5.848141e+14 136.227203
291 5.848642e+14 139.226006
292 5.849142e+14 126.100497
293 5.849643e+14 132.737869
294 5.850143e+14 130.095421
295 5.850644e+14 135.531162
296 5.851144e+14 132.214257
297 5.851645e+14 131.824600
298 5.852145e+14 134.494336
299 5.852646e+14 139.268589
300 5.853146e+14 134.159200
301 5.853647e+14 126.853213
302 5.854147e+14 139.337193
303 5.854648e+14 136.855034
304 5.855148e+14 132.692897
305 5.855649e+14 133.021011
306 5.856149e+14 133.123858
307 5.856650e+14 132.656423
308 5.857150e+14 130.160861
309 5.857651e+14 131.852826
310 5.858151e+14 134.358758
311 5.858652e+14 131.564227
312 5.859152e+14 116.470122
313 5.859653e+14 143.774492
314 5.860153e+14 136.557057
315 5.860654e+14 126.632875
316 5.861154e+14 133.978388
317 5.861655e+14 132.182139
318 5.862155e+14 128.195265
319 5.862656e+14 133.336882
320 5.863156e+14 134.695349
321 5.863657e+14 125.478462
322 5.864157e+14 130.535726
323 5.864658e+14 127.341321
324 5.865158e+14 145.448935
325 5.865659e+14 130.059365
326 5.866159e+14 127.770948
327 5.866660e+14 136.766098
328 5.867160e+14 133.888574
329 5.867661e+14 134.897482
330 5.868161e+14 139.907054
331 5.868662e+14 131.486243
332 5.869162e+14 137.750843
333 5.869663e+14 134.727997
334 5.870163e+14 135.271072
335 5.870664e+14 136.766572
336 5.871164e+14 137.014686
337 5.871665e+14 128.253909
338 5.872165e+14 133.001125
339 5.872666e+14 138.433326
340 5.873166e+14 138.406984
341 5.873667e+14 136.598496
342 5.874167e+14 134.789758
343 5.874668e+14 131.906918
344 5.875168e+14 125.667391
345 5.875669e+14 148.273854
346 5.876169e+14 121.380466
347 5.876670e+14 137.501682
348 5.877170e+14 115.150618
349 5.877671e+14 140.741885
350 5.878171e+14 129.970863
351 5.878672e+14 124.017789
352 5.879172e+14 133.379861
353 5.879673e+14 134.337297
354 5.880173e+14 138.446146
355 5.880674e+14 132.631973
356 5.881174e+14 129.340353
357 5.881675e+14 113.690852
358 5.882175e+14 129.731373
359 5.882676e+14 135.543803
360 5.883176e+14 135.351414
361 5.883677e+14 126.800403
362 5.884177e+14 133.596213
363 5.884678e+14 138.190533
364 5.885178e+14 122.624312
365 5.885679e+14 126.803132
366 5.886179e+14 121.019295
367 5.886680e+14 131.261804
368 5.887180e+14 122.383934
369 5.887681e+14 123.056667
370 5.888181e+14 127.929736
371 5.888682e+14 129.161620
372 5.889182e+14 130.789828
373 5.889683e+14 139.827087
374 5.890183e+14 137.840935
375 5.890684e+14 129.046768
376 5.891184e+14 136.422440
377 5.891685e+14 133.533251
378 5.892185e+14 143.079870
379 5.892686e+14 125.022992
380 5.893186e+14 138.916534
381 5.893687e+14 136.878780
382 5.894187e+14 134.365914
383 5.894688e+14 133.951415
384 5.895188e+14 124.573830
385 5.895689e+14 124.843788
386 5.896189e+14 130.915189
387 5.896690e+14 127.158891
388 5.897190e+14 131.755218
389 5.897691e+14 137.892406
390 5.898191e+14 131.152197
391 5.898692e+14 132.300220
392 5.899192e+14 143.841349
393 5.899693e+14 147.646714
394 5.900193e+14 129.521644
395 5.900694e+14 132.152600
396 5.901194e+14 132.061546
397 5.901695e+14 129.212880
398 5.902195e+14 132.656530
399 5.902696e+14 130.339348
400 5.903196e+14 144.577686
401 5.903697e+14 130.584072
402 5.904197e+14 131.492523
403 5.904698e+14 137.351056
404 5.905198e+14 126.303461
405 5.905699e+14 126.254963
406 5.906199e+14 125.912851
407 5.906700e+14 136.483370
408 5.907200e+14 137.759634
409 5.907701e+14 130.941794
410 5.908201e+14 131.477097
411 5.908702e+14 133.960502
412 5.909202e+14 125.875227
413 5.909703e+14 135.827728
414 5.910203e+14 134.262738
415 5.910704e+14 129.750810
416 5.911204e+14 134.753647
417 5.911705e+14 143.419197
418 5.912205e+14 138.271308
419 5.912706e+14 121.357330
420 5.913206e+14 130.155161
421 5.913707e+14 134.895271
422 5.914207e+14 143.641817
423 5.914708e+14 127.234819
424 5.915208e+14 140.235350
425 5.915709e+14 136.331295
426 5.916209e+14 123.226912
427 5.916710e+14 135.584685
428 5.917210e+14 146.077257
429 5.917711e+14 134.611999
430 5.918211e+14 138.719744
431 5.918712e+14 129.186006
432 5.919212e+14 129.354269
433 5.919713e+14 134.799197
434 5.920213e+14 135.332675
435 5.920714e+14 140.672195
436 5.921214e+14 141.510710
437 5.921715e+14 134.797803
438 5.922215e+14 139.631410
439 5.922716e+14 132.925206
440 5.923216e+14 125.803392
441 5.923717e+14 141.601184
442 5.924217e+14 149.060727
443 5.924718e+14 143.311285
444 5.925218e+14 140.794028
445 5.925719e+14 133.372422
446 5.926219e+14 123.263011
447 5.926720e+14 137.981273
448 5.927220e+14 131.497323
449 5.927721e+14 136.379454
450 5.928221e+14 121.458639
451 5.928722e+14 142.544756
452 5.929222e+14 143.005676
453 5.929723e+14 138.306880
454 5.930223e+14 134.910698
455 5.930724e+14 136.717632
456 5.931224e+14 128.660487
457 5.931725e+14 135.892751
458 5.932225e+14 142.171493
459 5.932726e+14 134.328210
460 5.933226e+14 135.191176
461 5.933727e+14 145.707334
462 5.934227e+14 140.368481
463 5.934728e+14 129.069311
464 5.935228e+14 137.976466
465 5.935729e+14 131.268834
466 5.936229e+14 130.505868
467 5.936730e+14 137.007147
468 5.937230e+14 133.774373
469 5.937731e+14 134.375023
470 5.938231e+14 130.240474
471 5.938732e+14 139.553754
472 5.939232e+14 150.566817
473 5.939733e+14 135.751584
474 5.940233e+14 128.182298
475 5.940734e+14 132.383373
476 5.941234e+14 148.089717
477 5.941735e+14 137.436095
478 5.942235e+14 133.856657
479 5.942736e+14 134.396418
480 5.943236e+14 144.732205
481 5.943737e+14 147.924449
482 5.944237e+14 131.524259
483 5.944738e+14 128.180436
484 5.945238e+14 122.959640
485 5.945739e+14 139.735764
486 5.946239e+14 132.800119
487 5.946740e+14 133.380653
488 5.947240e+14 135.952159
489 5.947741e+14 133.890995
490 5.948241e+14 136.968740
491 5.948742e+14 138.805491
492 5.949242e+14 138.132034
493 5.949743e+14 147.847290
494 5.950243e+14 144.230614
495 5.950744e+14 141.082091
496 5.951244e+14 144.598680
497 5.951745e+14 130.839668
498 5.952245e+14 134.145759
499 5.952746e+14 136.539770
500 5.953246e+14 139.648990
501 5.953747e+14 141.799162
502 5.954247e+14 130.268568
503 5.954748e+14 142.653121
504 5.955248e+14 138.459806
505 5.955749e+14 151.704872
506 5.956249e+14 141.501680
507 5.956750e+14 142.039820
508 5.957250e+14 136.363488
509 5.957751e+14 142.473675
510 5.958251e+14 154.845172
511 5.958752e+14 146.269330
512 5.959252e+14 137.842275
513 5.959753e+14 142.300807
514 5.960253e+14 146.246984
515 5.960754e+14 140.619066
516 5.961254e+14 139.707075
517 5.961755e+14 142.939048
518 5.962255e+14 150.219703
519 5.962756e+14 152.477463
520 5.963256e+14 140.795704
521 5.963757e+14 141.301513
522 5.964257e+14 135.620772
523 5.964758e+14 158.130621
524 5.965258e+14 147.097740
525 5.965759e+14 150.336902
526 5.966259e+14 149.222770
527 5.966760e+14 145.272504
528 5.967260e+14 157.014212
529 5.967761e+14 152.238473
530 5.968261e+14 161.111468
531 5.968762e+14 153.626101
532 5.969262e+14 141.325269
533 5.969763e+14 144.900746
534 5.970263e+14 148.140157
535 5.970764e+14 142.522701
536 5.971264e+14 136.605116
537 5.971765e+14 148.687033
538 5.972265e+14 144.158130
539 5.972766e+14 149.807997
540 5.973266e+14 137.517625
541 5.973767e+14 154.657120
542 5.974267e+14 149.519967
543 5.974768e+14 162.932741
544 5.975268e+14 146.029399
545 5.975769e+14 145.722101
546 5.976269e+14 153.554960
547 5.976770e+14 146.156116
548 5.977270e+14 146.375310
549 5.977771e+14 153.536726
550 5.978271e+14 132.512648
551 5.978772e+14 143.880959
552 5.979272e+14 153.410152
553 5.979773e+14 152.775071
554 5.980273e+14 150.695640
555 5.980774e+14 149.923224
556 5.981274e+14 151.233739
557 5.981775e+14 147.571775
558 5.982275e+14 149.942114
559 5.982776e+14 148.007176
560 5.983276e+14 159.718132
561 5.983777e+14 140.590552
562 5.984277e+14 139.714442
563 5.984778e+14 161.740715
564 5.985278e+14 144.456079
565 5.985779e+14 152.521622
566 5.986279e+14 146.611036
567 5.986780e+14 160.473946
568 5.987280e+14 157.694752
569 5.987781e+14 143.642625
570 5.988281e+14 150.351482
571 5.988782e+14 146.508981
572 5.989282e+14 152.356312
573 5.989783e+14 150.856742
574 5.990283e+14 149.020991
575 5.990784e+14 155.769049
576 5.991284e+14 138.580674
577 5.991785e+14 147.819076
578 5.992285e+14 146.789591
579 5.992786e+14 159.539037
580 5.993286e+14 157.183434
581 5.993787e+14 144.352588
582 5.994287e+14 148.616418
583 5.994788e+14 154.136050
584 5.995288e+14 143.978704
585 5.995789e+14 154.011787
586 5.996289e+14 154.663638
587 5.996790e+14 145.325232
588 5.997290e+14 152.909095
589 5.997791e+14 156.941675
590 5.998291e+14 154.876413
591 5.998792e+14 151.292891
592 5.999292e+14 153.184025
593 5.999793e+14 152.145708
594 6.000293e+14 150.457036
595 6.000794e+14 147.453774
596 6.001294e+14 152.866419
597 6.001795e+14 151.782783
598 6.002295e+14 162.367262
599 6.002796e+14 156.222728
600 6.003296e+14 151.644219
601 6.003797e+14 157.590334
602 6.004297e+14 163.259851
603 6.004798e+14 150.913828
604 6.005298e+14 161.811168
605 6.005799e+14 153.555235
606 6.006299e+14 143.875656
607 6.006800e+14 156.389429
608 6.007300e+14 147.590834
609 6.007801e+14 151.700732
610 6.008301e+14 146.475886
611 6.008802e+14 158.304054
612 6.009302e+14 160.406218
613 6.009803e+14 154.196881
614 6.010303e+14 152.625939
615 6.010804e+14 154.010533
616 6.011304e+14 146.849164
617 6.011805e+14 160.378850
618 6.012305e+14 161.360110
619 6.012806e+14 147.308593
620 6.013306e+14 152.305923
621 6.013807e+14 153.243210
622 6.014307e+14 148.382635
623 6.014808e+14 149.353338
624 6.015308e+14 153.289293
625 6.015809e+14 151.280939
626 6.016309e+14 158.066111
627 6.016810e+14 157.812773
628 6.017310e+14 149.839708
629 6.017811e+14 154.993249
630 6.018312e+14 154.618749
631 6.018812e+14 146.423917
632 6.019313e+14 148.435723
633 6.019813e+14 155.426289
634 6.020314e+14 151.424767
635 6.020814e+14 144.353434
636 6.021315e+14 154.946313
637 6.021815e+14 148.929296
638 6.022316e+14 151.525731
639 6.022816e+14 148.516282
640 6.023317e+14 158.436354
641 6.023817e+14 151.351558
642 6.024318e+14 156.096860
643 6.024818e+14 159.824660
644 6.025319e+14 147.375597
645 6.025819e+14 158.131865
646 6.026320e+14 147.185604
647 6.026820e+14 162.774163
648 6.027321e+14 145.012398
649 6.027821e+14 163.717614
650 6.028322e+14 157.432728
651 6.028822e+14 153.858221
652 6.029323e+14 156.259733
653 6.029823e+14 148.849722
654 6.030324e+14 147.035343
655 6.030824e+14 139.201504
656 6.031325e+14 135.755914
657 6.031825e+14 150.167247
658 6.032326e+14 150.897980
659 6.032826e+14 149.138341
660 6.033327e+14 151.182516
661 6.033827e+14 149.733433
662 6.034328e+14 150.108694
663 6.034828e+14 152.598596
664 6.035329e+14 146.107614
665 6.035829e+14 153.448854
666 6.036330e+14 155.211054
667 6.036830e+14 153.757588
668 6.037331e+14 151.122706
669 6.037831e+14 147.570556
670 6.038332e+14 160.543412
671 6.038832e+14 154.803687
672 6.039333e+14 148.764372
673 6.039833e+14 152.121413
674 6.040334e+14 144.991284
675 6.040834e+14 151.162728
676 6.041335e+14 154.471920
677 6.041835e+14 146.426374
678 6.042336e+14 150.223878
679 6.042836e+14 146.238443
680 6.043337e+14 149.094765
681 6.043837e+14 151.012748
682 6.044338e+14 145.534348
683 6.044838e+14 145.095589
684 6.045339e+14 144.155973
685 6.045839e+14 155.425102
686 6.046340e+14 158.682743
687 6.046840e+14 138.997025
688 6.047341e+14 148.731736
689 6.047841e+14 145.445651
690 6.048342e+14 149.898214
691 6.048842e+14 147.253425
692 6.049343e+14 146.605129
693 6.049843e+14 136.307552
694 6.050344e+14 139.996036
695 6.050844e+14 140.465590
696 6.051345e+14 148.001098
697 6.051845e+14 131.831546
698 6.052346e+14 148.839477
699 6.052846e+14 139.714577
700 6.053347e+14 140.517477
701 6.053847e+14 143.802792
702 6.054348e+14 140.710669
703 6.054848e+14 132.405636
704 6.055349e+14 145.069632
705 6.055849e+14 152.250091
706 6.056350e+14 143.067005
707 6.056850e+14 137.256007
708 6.057351e+14 141.694290
709 6.057851e+14 155.653338
710 6.058352e+14 139.312469
711 6.058852e+14 137.223883
712 6.059353e+14 136.973200
713 6.059853e+14 146.087984
714 6.060354e+14 137.846775
715 6.060854e+14 143.994346
716 6.061355e+14 140.580924
717 6.061855e+14 136.867006
718 6.062356e+14 132.169049
719 6.062856e+14 133.606984
720 6.063357e+14 133.760275
721 6.063857e+14 139.899077
722 6.064358e+14 145.186284
723 6.064858e+14 136.320819
724 6.065359e+14 131.604563
725 6.065859e+14 135.173796
726 6.066360e+14 152.918539
727 6.066860e+14 139.830954
728 6.067361e+14 138.209412
729 6.067861e+14 144.608408
730 6.068362e+14 141.535297
731 6.068862e+14 139.575657
732 6.069363e+14 137.645020
733 6.069863e+14 143.769637
734 6.070364e+14 136.248949
735 6.070864e+14 138.384473
736 6.071365e+14 124.643989
737 6.071865e+14 138.682478
738 6.072366e+14 136.916835
739 6.072866e+14 134.022458
740 6.073367e+14 144.609283
741 6.073867e+14 143.029062
742 6.074368e+14 132.915053
743 6.074868e+14 134.199776
744 6.075369e+14 141.246945
745 6.075869e+14 129.952326
746 6.076370e+14 136.111966
747 6.076870e+14 130.175635
748 6.077371e+14 125.306215
749 6.077871e+14 131.078957
750 6.078372e+14 134.831933
751 6.078872e+14 137.741964
752 6.079373e+14 127.992936
753 6.079873e+14 140.070492
754 6.080374e+14 134.762626
755 6.080874e+14 139.798755
756 6.081375e+14 127.984630
757 6.081875e+14 127.257067
758 6.082376e+14 133.669638
759 6.082876e+14 132.422965
760 6.083377e+14 129.680964
761 6.083877e+14 129.303483
762 6.084378e+14 128.349346
763 6.084878e+14 132.902702
764 6.085379e+14 137.016039
765 6.085879e+14 124.545654
766 6.086380e+14 118.689902
767 6.086880e+14 134.297285
768 6.087381e+14 128.253190
769 6.087881e+14 119.257676
770 6.088382e+14 119.642645
771 6.088882e+14 132.219101
772 6.089383e+14 123.175081
773 6.089883e+14 125.521636
774 6.090384e+14 138.185740
775 6.090884e+14 117.017048
776 6.091385e+14 131.228729
777 6.091885e+14 129.223549
778 6.092386e+14 124.605564
779 6.092886e+14 129.835113
780 6.093387e+14 115.751091
781 6.093887e+14 134.732153
782 6.094388e+14 121.473434
783 6.094888e+14 133.451089
784 6.095389e+14 124.625986
785 6.095889e+14 123.158217
786 6.096390e+14 135.753345
787 6.096890e+14 127.804659
788 6.097391e+14 128.335117
789 6.097891e+14 122.002222
790 6.098392e+14 126.234181
791 6.098892e+14 132.410040
792 6.099393e+14 133.299986
793 6.099893e+14 127.955226
794 6.100394e+14 123.044657
795 6.100894e+14 119.921808
796 6.101395e+14 121.140820
797 6.101895e+14 118.749521
798 6.102396e+14 121.281080
799 6.102896e+14 124.360519
800 6.103397e+14 122.157122
801 6.103897e+14 128.623036
802 6.104398e+14 124.108711
803 6.104898e+14 128.958349
804 6.105399e+14 135.044035
805 6.105899e+14 128.052474
806 6.106400e+14 110.468447
807 6.106900e+14 132.583161
808 6.107401e+14 121.225464
809 6.107901e+14 112.117661
810 6.108402e+14 121.617762
811 6.108902e+14 133.814934
812 6.109403e+14 123.377868
813 6.109903e+14 130.548262
814 6.110404e+14 116.428947
815 6.110904e+14 113.700974
816 6.111405e+14 118.255086
817 6.111905e+14 121.189594
818 6.112406e+14 121.043570
819 6.112906e+14 111.001638
820 6.113407e+14 109.619447
821 6.113907e+14 120.212477
822 6.114408e+14 118.716264
823 6.114908e+14 113.826107
824 6.115409e+14 124.291007
825 6.115909e+14 128.929938
826 6.116410e+14 127.413117
827 6.116910e+14 125.676918
828 6.117411e+14 110.186539
829 6.117911e+14 125.825076
830 6.118412e+14 115.264757
831 6.118912e+14 128.272665
832 6.119413e+14 120.594962
833 6.119913e+14 114.756089
834 6.120414e+14 132.527088
835 6.120914e+14 117.171437
836 6.121415e+14 122.606539
837 6.121915e+14 128.936355
838 6.122416e+14 124.110507
839 6.122916e+14 133.065238
840 6.123417e+14 122.169050
841 6.123917e+14 127.493733
842 6.124418e+14 113.197136
843 6.124918e+14 117.001246
844 6.125419e+14 120.238793
845 6.125919e+14 134.881409
846 6.126420e+14 113.546395
847 6.126920e+14 113.806200
848 6.127421e+14 121.082019
849 6.127921e+14 119.982359
850 6.128422e+14 117.948430
851 6.128922e+14 114.161461
852 6.129423e+14 130.084904
853 6.129923e+14 115.557666
854 6.130424e+14 106.789730
855 6.130924e+14 110.322440
856 6.131425e+14 114.842435
857 6.131925e+14 118.537822
858 6.132426e+14 122.698939
859 6.132926e+14 124.223108
860 6.133427e+14 110.333956
861 6.133927e+14 126.138307
862 6.134428e+14 120.078913
863 6.134928e+14 121.042789
864 6.135429e+14 116.872933
865 6.135929e+14 119.810410
866 6.136430e+14 111.122272
867 6.136930e+14 115.264514
868 6.137431e+14 120.202072
869 6.137931e+14 118.857516
870 6.138432e+14 116.257436
871 6.138932e+14 121.514981
872 6.139433e+14 104.724900
873 6.139933e+14 115.700465
874 6.140434e+14 114.750575
875 6.140934e+14 118.815212
876 6.141435e+14 123.795738
877 6.141935e+14 115.825587
878 6.142436e+14 119.458851
879 6.142936e+14 119.215684
880 6.143437e+14 114.348857
881 6.143937e+14 116.360394
882 6.144438e+14 125.159064
883 6.144938e+14 114.268848
884 6.145439e+14 120.851757
885 6.145939e+14 118.508381
886 6.146440e+14 128.409829
887 6.146940e+14 117.709904
888 6.147441e+14 113.317006
889 6.147941e+14 118.606510
890 6.148442e+14 109.529092
891 6.148942e+14 121.245769
892 6.149443e+14 108.839030
893 6.149943e+14 120.412364
894 6.150444e+14 116.427590
895 6.150944e+14 122.164337
896 6.151445e+14 112.031449
897 6.151945e+14 124.085786
898 6.152446e+14 118.919774
899 6.152946e+14 117.206326
900 6.153447e+14 118.907573
901 6.153947e+14 119.681460
902 6.154448e+14 127.170964
903 6.154948e+14 115.231572
904 6.155449e+14 124.651124
905 6.155949e+14 122.038466
906 6.156450e+14 119.323396
907 6.156950e+14 117.203631
908 6.157451e+14 116.591631
909 6.157951e+14 118.855312
910 6.158452e+14 107.722905
911 6.158952e+14 118.544335
912 6.159453e+14 119.341477
913 6.159953e+14 111.856583
914 6.160454e+14 111.632587
915 6.160954e+14 115.845819
916 6.161455e+14 129.687920
917 6.161955e+14 116.807442
918 6.162456e+14 111.488451
919 6.162956e+14 117.617540
920 6.163457e+14 116.261431
921 6.163957e+14 118.021068
922 6.164458e+14 113.266335
923 6.164958e+14 113.977917
924 6.165459e+14 125.338794
925 6.165959e+14 117.799233
926 6.166460e+14 116.542212
927 6.166960e+14 126.573726
928 6.167461e+14 113.195731
929 6.167961e+14 110.268419
930 6.168462e+14 123.198913
931 6.168962e+14 112.835300
932 6.169463e+14 107.698291
933 6.169963e+14 109.883934
934 6.170464e+14 107.572852
935 6.170964e+14 117.782358
936 6.171465e+14 110.348293
937 6.171965e+14 102.174388
938 6.172466e+14 112.235355
939 6.172966e+14 112.402440
940 6.173467e+14 116.006919
941 6.173967e+14 110.322969
942 6.174468e+14 116.380724
943 6.174968e+14 97.696959
944 6.175469e+14 101.627995
945 6.175969e+14 122.969364
946 6.176470e+14 114.112414
947 6.176970e+14 111.200668
948 6.177471e+14 117.073167
949 6.177971e+14 113.904724
950 6.178472e+14 130.052478
951 6.178972e+14 113.033859
952 6.179473e+14 117.297968
953 6.179973e+14 111.683417
954 6.180474e+14 112.361514
955 6.180974e+14 114.221636
956 6.181475e+14 118.863675
957 6.181975e+14 119.350874
958 6.182476e+14 122.361187
959 6.182976e+14 126.475192
960 6.183477e+14 126.013923
961 6.183977e+14 121.734702
962 6.184478e+14 127.135989
963 6.184978e+14 115.476207
964 6.185479e+14 121.789413
965 6.185979e+14 111.664715
966 6.186480e+14 119.872740
967 6.186980e+14 113.569254
968 6.187481e+14 107.617667
969 6.187981e+14 114.399877
970 6.188482e+14 120.698900
971 6.188982e+14 120.806190
972 6.189483e+14 111.268443
973 6.189983e+14 118.716465
974 6.190484e+14 117.214266
975 6.190984e+14 114.863003
976 6.191485e+14 116.085221
977 6.191985e+14 111.489564
978 6.192486e+14 112.212181
979 6.192986e+14 119.815673
980 6.193487e+14 115.443079
981 6.193987e+14 116.131171
982 6.194488e+14 124.214946
983 6.194988e+14 107.160853
984 6.195489e+14 107.451639
985 6.195989e+14 113.571050
986 6.196490e+14 127.257368
987 6.196990e+14 118.111810
988 6.197491e+14 113.163516
989 6.197991e+14 121.019326
990 6.198492e+14 117.972402
991 6.198992e+14 117.037150
992 6.199493e+14 118.241229
993 6.199993e+14 114.069672
994 6.200494e+14 108.384646
995 6.200994e+14 106.642880
996 6.201495e+14 115.445721
997 6.201995e+14 119.234600
998 6.202496e+14 116.978063
999 6.202996e+14 107.332984
