# Date: 19/07/01, Author: E.Hubble
# First column is index, second column is frequency (Hz), third column is spectra (A.U.)
0 5.686240e+14 126.030487
1 5.686741e+14 126.332664
2 5.687241e+14 127.396653
3 5.687742e+14 132.216949
4 5.688242e+14 132.153182
5 5.688743e+14 124.315908
6 5.689243e+14 129.534783
7 5.689744e+14 137.895754
8 5.690244e+14 134.034626
9 5.690745e+14 131.724293
10 5.691245e+14 134.096792
11 5.691746e+14 125.963268
12 5.692246e+14 128.006581
13 5.692747e+14 129.665766
14 5.693247e+14 130.803566
15 5.693748e+14 131.069643
16 5.694248e+14 131.538387
17 5.694749e+14 136.316655
18 5.695249e+14 121.648551
19 5.695750e+14 127.051825
20 5.696250e+14 129.499100
21 5.696751e+14 136.959200
22 5.697251e+14 129.532144
23 5.697752e+14 132.336165
24 5.698252e+14 137.982844
25 5.698753e+14 134.590983
26 5.699253e+14 131.960486
27 5.699754e+14 132.600510
28 5.700254e+14 125.780533
29 5.700755e+14 135.204691
30 5.701255e+14 117.106419
31 5.701756e+14 123.980156
32 5.702256e+14 133.059043
33 5.702757e+14 119.809314
34 5.703257e+14 133.177788
35 5.703758e+14 133.071085
36 5.704258e+14 125.672687
37 5.704759e+14 120.612204
38 5.705259e+14 128.049362
39 5.705760e+14 119.010451
40 5.706260e+14 128.944162
41 5.706761e+14 124.538800
42 5.707261e+14 121.185412
43 5.707762e+14 120.521485
44 5.708262e+14 132.092095
45 5.708763e+14 117.893207
46 5.709263e+14 134.626884
47 5.709764e+14 126.643025
48 5.710264e+14 117.103336
49 5.710765e+14 139.543527
50 5.711265e+14 121.051490
51 5.711766e+14 125.206269
52 5.712266e+14 131.246393
53 5.712767e+14 141.473575
54 5.713267e+14 117.013479
55 5.713768e+14 119.411765
56 5.714268e+14 135.605703
57 5.714769e+14 124.340664
58 5.715269e+14 126.019136
59 5.715770e+14 129.924566
60 5.716270e+14 118.641488
61 5.716771e+14 130.512031
62 5.717271e+14 127.513420
63 5.717772e+14 141.824582
64 5.718272e+14 123.973941
65 5.718773e+14 130.945124
66 5.719273e+14 117.362419
67 5.719774e+14 141.613522
68 5.720274e+14 131.259573
69 5.720775e+14 126.141436
70 5.721275e+14 137.149039
71 5.721776e+14 138.946897
72 5.722276e+14 124.100204
73 5.722777e+14 127.389039
74 5.723277e+14 125.658133
75 5.723778e+14 133.801487
76 5.724278e+14 129.137000
77 5.724779e+14 132.851145
78 5.725279e+14 130.831509
79 5.725780e+14 132.466070
80 5.726280e+14 140.230185
81 5.726781e+14 121.397980
82 5.727281e+14 125.429567
83 5.727782e+14 129.313742
84 5.728282e+14 130.053443
85 5.728783e+14 143.302856
86 5.729283e+14 140.631215
87 5.729784e+14 132.511670
88 5.730284e+14 130.768461
89 5.730785e+14 125.568760
90 5.731285e+14 133.603502
91 5.731786e+14 121.016668
92 5.732286e+14 130.920667
93 5.732787e+14 132.280576
94 5.733287e+14 116.844835
95 5.733788e+14 117.502639
96 5.734288e+14 133.224362
97 5.734789e+14 129.869244
98 5.735289e+14 125.145665
99 5.735790e+14 129.061943
100 5.736290e+14 126.941456
101 5.736791e+14 137.918670
102 5.737291e+14 127.997622
103 5.737792e+14 137.156475
104 5.738292e+14 136.219173
105 5.738793e+14 130.487788
106 5.739293e+14 134.917909
107 5.739794e+14 131.612541
108 5.740294e+14 129.466639
109 5.740795e+14 139.807598
110 5.741295e+14 133.865471
111 5.741796e+14 130.494487
112 5.742296e+14 137.100219
113 5.742797e+14 129.299476
114 5.743297e+14 127.958580
115 5.743798e+14 130.093326
116 5.744298e+14 141.579354
117 5.744799e+14 126.526624
118 5.745299e+14 130.456003
119 5.745800e+14 127.616496
120 5.746300e+14 120.426278
121 5.746801e+14 127.128549
122 5.747301e+14 120.791917
123 5.747802e+14 139.441631
124 5.748302e+14 135.299460
125 5.748803e+14 125.080806
126 5.749303e+14 117.103567
127 5.749804e+14 133.656436
128 5.750304e+14 132.106048
129 5.750805e+14 132.020209
130 5.751305e+14 135.661302
131 5.751806e+14 131.355424
132 5.752306e+14 134.082184
133 5.752807e+14 130.684620
134 5.753307e+14 122.860658
135 5.753808e+14 123.874869
136 5.754308e+14 127.848814
137 5.754809e+14 132.451021
138 5.755309e+14 128.098971
139 5.755810e+14 131.284013
140 5.756310e+14 122.474952
141 5.756811e+14 129.070830
142 5.757311e+14 128.311068
143 5.757812e+14 138.746530
144 5.758312e+14 121.483891
145 5.758813e+14 135.912670
146 5.759313e+14 131.680887
147 5.759814e+14 125.761421
148 5.760314e+14 135.386646
149 5.760815e+14 135.158145
150 5.761315e+14 137.636158
151 5.761816e+14 126.422193
152 5.762316e+14 130.174166
153 5.762817e+14 130.471940
154 5.763317e+14 136.963139
155 5.763818e+14 134.583794
156 5.764318e+14 131.310126
157 5.764819e+14 120.526560
158 5.765319e+14 131.146570
159 5.765820e+14 131.452736
160 5.766320e+14 142.395709
161 5.766821e+14 134.092568
162 5.767321e+14 138.497373
163 5.767822e+14 135.848146
164 5.768322e+14 142.222858
165 5.768823e+14 137.236110
166 5.769323e+14 137.217929
167 5.769824e+14 119.765796
168 5.770324e+14 131.430217
169 5.770825e+14 140.542220
170 5.771325e+14 134.278352
171 5.771826e+14 139.920964
172 5.772326e+14 136.991355
173 5.772827e+14 143.381650
174 5.773327e+14 144.704976
175 5.773828e+14 132.810448
176 5.774328e+14 132.854543
177 5.774829e+14 138.507665
178 5.775329e+14 124.753928
179 5.775830e+14 137.510283
180 5.776330e+14 146.648417
181 5.776831e+14 133.984521
182 5.777331e+14 144.286028
183 5.777832e+14 143.603723
184 5.778332e+14 132.575299
185 5.778833e+14 133.158782
186 5.779333e+14 129.495212
187 5.779834e+14 134.485895
188 5.780334e+14 137.676144
189 5.780835e+14 143.788147
190 5.781335e+14 139.733859
191 5.781836e+14 129.423606
192 5.782336e+14 136.780420
193 5.782837e+14 136.883142
194 5.783337e+14 134.546895
195 5.783838e+14 140.496263
196 5.784338e+14 143.991614
197 5.784839e+14 131.735728
198 5.785339e+14 136.025918
199 5.785840e+14 129.789329
200 5.786340e+14 138.267222
201 5.786841e+14 131.875932
202 5.787341e+14 145.725341
203 5.787842e+14 134.800062
204 5.788342e+14 134.255834
205 5.788843e+14 143.549873
206 5.789343e+14 124.004069
207 5.789844e+14 149.131722
208 5.790344e+14 145.325014
209 5.790845e+14 141.645695
210 5.791345e+14 150.599027
211 5.791846e+14 132.714501
212 5.792346e+14 136.633120
213 5.792847e+14 139.236449
214 5.793347e+14 137.097113
215 5.793848e+14 136.608247
216 5.794348e+14 138.752724
217 5.794849e+14 138.265061
218 5.795349e+14 140.296448
219 5.795850e+14 151.136213
220 5.796350e+14 142.265676
221 5.796851e+14 143.330242
222 5.797351e+14 131.338973
223 5.797852e+14 145.086173
224 5.798352e+14 130.464247
225 5.798853e+14 142.113463
226 5.799353e+14 148.985636
227 5.799854e+14 150.329720
228 5.800354e+14 138.239937
229 5.800855e+14 146.936723
230 5.801355e+14 142.138400
231 5.801856e+14 148.660478
232 5.802356e+14 144.845706
233 5.802857e+14 139.201241
234 5.803357e+14 139.143145
235 5.803858e+14 150.341713
236 5.804358e+14 137.901287
237 5.804859e+14 146.089182
238 5.805359e+14 149.779180
239 5.805860e+14 153.585429
240 5.806360e+14 146.702758
241 5.806861e+14 145.067272
242 5.807361e+14 148.491009
243 5.807862e+14 155.354335
244 5.808362e+14 157.422437
245 5.808863e+14 142.102078
246 5.809363e+14 153.968953
247 5.809864e+14 157.592634
248 5.810364e+14 148.216332
249 5.810865e+14 149.769533
250 5.811365e+14 144.858919
251 5.811866e+14 141.124547
252 5.812366e+14 152.466142
253 5.812867e+14 145.794452
254 5.813367e+14 151.767448
255 5.813868e+14 155.145024
256 5.814368e+14 151.880235
257 5.814869e+14 137.475670
258 5.815369e+14 144.222369
259 5.815870e+14 149.130133
260 5.816370e+14 156.456783
261 5.816871e+14 143.558548
262 5.817371e+14 146.418590
263 5.817872e+14 154.061082
264 5.818372e+14 154.069350
265 5.818873e+14 156.816163
266 5.819373e+14 150.930636
267 5.819874e+14 150.743503
268 5.820374e+14 152.412471
269 5.820875e+14 158.300617
270 5.821375e+14 165.427006
271 5.821876e+14 147.686948
272 5.822376e+14 161.961029
273 5.822877e+14 139.934958
274 5.823377e+14 149.300435
275 5.823878e+14 157.260998
276 5.824378e+14 156.262196
277 5.824879e+14 144.128499
278 5.825379e+14 153.365190
279 5.825880e+14 156.130468
280 5.826380e+14 144.917447
281 5.826881e+14 154.937258
282 5.827381e+14 157.795534
283 5.827882e+14 146.707346
284 5.828382e+14 153.565125
285 5.828883e+14 154.497896
286 5.829383e+14 144.047861
287 5.829884e+14 146.899187
288 5.830384e+14 145.566836
289 5.830885e+14 159.726585
290 5.831385e+14 157.046063
291 5.831886e+14 147.743105
292 5.832386e+14 158.163787
293 5.832887e+14 160.331513
294 5.833387e+14 149.263513
295 5.833888e+14 149.953997
296 5.834388e+14 154.078419
297 5.834889e+14 150.892530
298 5.835389e+14 152.514962
299 5.835890e+14 153.800257
300 5.836390e+14 152.724196
301 5.836891e+14 154.513731
302 5.837391e+14 153.962415
303 5.837892e+14 157.368629
304 5.838392e+14 146.306654
305 5.838893e+14 149.837323
306 5.839393e+14 151.348297
307 5.839894e+14 157.409974
308 5.840394e+14 152.022252
309 5.840895e+14 159.714674
310 5.841395e+14 153.430003
311 5.841896e+14 157.433467
312 5.842396e+14 144.598838
313 5.842897e+14 153.465911
314 5.843397e+14 142.535466
315 5.843898e+14 146.835352
316 5.844398e+14 148.964668
317 5.844899e+14 157.223656
318 5.845399e+14 151.236870
319 5.845900e+14 169.094761
320 5.846400e+14 155.423630
321 5.846901e+14 152.944152
322 5.847401e+14 160.546728
323 5.847902e+14 147.079387
324 5.848402e+14 153.604261
325 5.848903e+14 156.499190
326 5.849403e+14 151.755213
327 5.849904e+14 151.944353
328 5.850404e+14 157.542247
329 5.850905e+14 165.421927
330 5.851405e+14 160.503578
331 5.851906e+14 152.953147
332 5.852406e+14 164.527274
333 5.852907e+14 152.854048
334 5.853407e+14 151.391565
335 5.853908e+14 152.260839
336 5.854408e+14 157.091379
337 5.854909e+14 150.848459
338 5.855409e+14 154.865825
339 5.855910e+14 152.731832
340 5.856410e+14 146.678946
341 5.856911e+14 163.394635
342 5.857411e+14 152.059748
343 5.857912e+14 160.572153
344 5.858412e+14 160.969610
345 5.858913e+14 150.635585
346 5.859413e+14 154.146716
347 5.859914e+14 164.541675
348 5.860414e+14 153.863947
349 5.860915e+14 150.622817
350 5.861415e+14 155.688681
351 5.861916e+14 163.717929
352 5.862416e+14 141.685163
353 5.862917e+14 155.730563
354 5.863417e+14 159.851989
355 5.863918e+14 142.970082
356 5.864418e+14 150.537072
357 5.864919e+14 148.072584
358 5.865419e+14 158.272722
359 5.865920e+14 159.493490
360 5.866420e+14 143.647786
361 5.866921e+14 140.694431
362 5.867421e+14 162.621829
363 5.867922e+14 151.546397
364 5.868422e+14 153.401138
365 5.868923e+14 134.663685
366 5.869423e+14 145.708983
367 5.869924e+14 152.595116
368 5.870424e+14 147.344690
369 5.870925e+14 156.356674
370 5.871425e+14 149.585033
371 5.871926e+14 135.253822
372 5.872426e+14 156.455339
373 5.872927e+14 145.514012
374 5.873427e+14 149.268946
375 5.873928e+14 153.212574
376 5.874428e+14 144.263995
377 5.874929e+14 151.042051
378 5.875429e+14 147.798196
379 5.875930e+14 141.653507
380 5.876430e+14 142.659573
381 5.876931e+14 143.531406
382 5.877431e+14 147.245250
383 5.877932e+14 162.312733
384 5.878432e+14 153.252338
385 5.878933e+14 149.711693
386 5.879433e+14 147.800246
387 5.879934e+14 147.808726
388 5.880434e+14 140.158686
389 5.880935e+14 125.822120
390 5.881435e+14 142.479093
391 5.881936e+14 150.370740
392 5.882436e+14 143.799881
393 5.882937e+14 146.859588
394 5.883437e+14 146.116334
395 5.883938e+14 156.666225
396 5.884438e+14 149.731505
397 5.884939e+14 147.988470
398 5.885439e+14 146.062814
399 5.885940e+14 142.541854
400 5.886440e+14 143.416357
401 5.886941e+14 139.088637
402 5.887441e+14 142.811510
403 5.887942e+14 153.428809
404 5.888442e+14 139.180707
405 5.888943e+14 146.549674
406 5.889443e+14 142.968179
407 5.889944e+14 147.247584
408 5.890444e+14 141.792280
409 5.890945e+14 130.141188
410 5.891445e+14 140.515575
411 5.891946e+14 133.165602
412 5.892446e+14 137.492749
413 5.892947e+14 139.875558
414 5.893447e+14 132.946940
415 5.893948e+14 136.038168
416 5.894448e+14 139.115835
417 5.894949e+14 143.107494
418 5.895449e+14 139.723239
419 5.895950e+14 136.129840
420 5.896450e+14 139.551809
421 5.896951e+14 121.967178
422 5.897451e+14 143.522213
423 5.897952e+14 141.845503
424 5.898452e+14 132.060079
425 5.898953e+14 136.280339
426 5.899453e+14 137.616194
427 5.899954e+14 127.899009
428 5.900454e+14 132.966897
429 5.900955e+14 137.830649
430 5.901455e+14 135.797221
431 5.901956e+14 141.050677
432 5.902456e+14 134.138873
433 5.902957e+14 138.950212
434 5.903457e+14 139.505719
435 5.903958e+14 132.338431
436 5.904458e+14 124.876194
437 5.904959e+14 130.910061
438 5.905459e+14 138.937120
439 5.905960e+14 131.389350
440 5.906460e+14 137.381110
441 5.906961e+14 137.574797
442 5.907461e+14 136.358417
443 5.907962e+14 125.226043
444 5.908462e+14 125.861326
445 5.908963e+14 145.268448
446 5.909463e+14 129.616426
447 5.909964e+14 140.675739
448 5.910464e+14 123.357784
449 5.910965e+14 129.181798
450 5.911465e+14 127.022884
451 5.911966e+14 136.336709
452 5.912466e+14 138.158513
453 5.912967e+14 133.602003
454 5.913467e+14 121.600017
455 5.913968e+14 126.622305
456 5.914468e+14 132.752136
457 5.914969e+14 133.941594
458 5.915469e+14 130.185298
459 5.915970e+14 131.822353
460 5.916470e+14 125.562068
461 5.916971e+14 130.612673
462 5.917471e+14 117.293996
463 5.917972e+14 129.602066
464 5.918472e+14 132.175181
465 5.918973e+14 133.903333
466 5.919473e+14 130.818753
467 5.919974e+14 134.336419
468 5.920474e+14 131.429895
469 5.920975e+14 142.917422
470 5.921475e+14 133.263602
471 5.921976e+14 129.041146
472 5.922476e+14 126.266898
473 5.922977e+14 133.267281
474 5.923477e+14 127.625211
475 5.923978e+14 126.659927
476 5.924478e+14 136.148154
477 5.924979e+14 125.609039
478 5.925479e+14 132.008417
479 5.925980e+14 130.918029
480 5.926480e+14 134.309880
481 5.926981e+14 131.703199
482 5.927481e+14 130.631799
483 5.927982e+14 133.233958
484 5.928482e+14 127.321017
485 5.928983e+14 132.401923
486 5.929483e+14 129.308842
487 5.929984e+14 115.623236
488 5.930484e+14 120.798893
489 5.930985e+14 112.732273
490 5.931485e+14 114.270785
491 5.931986e+14 118.523047
492 5.932486e+14 128.701554
493 5.932987e+14 127.737875
494 5.933487e+14 125.928156
495 5.933988e+14 133.490254
496 5.934488e+14 133.212909
497 5.934989e+14 120.695970
498 5.935489e+14 129.623976
499 5.935990e+14 128.215216
500 5.936490e+14 125.934326
501 5.936991e+14 127.979553
502 5.937491e+14 115.346384
503 5.937992e+14 127.118242
504 5.938492e+14 124.639287
505 5.938993e+14 121.852656
506 5.939493e+14 130.819776
507 5.939994e+14 118.815621
508 5.940494e+14 119.623610
509 5.940995e+14 123.216613
510 5.941495e+14 120.246183
511 5.941996e+14 126.607688
512 5.942496e+14 120.121353
513 5.942997e+14 133.848872
514 5.943497e+14 124.958504
515 5.943998e+14 121.263341
516 5.944498e+14 124.856025
517 5.944999e+14 126.742981
518 5.945499e+14 118.055155
519 5.946000e+14 125.297774
520 5.946500e+14 121.144287
521 5.947001e+14 121.555270
522 5.947501e+14 116.906599
523 5.948002e+14 128.176868
524 5.948502e+14 118.355732
525 5.949003e+14 117.703694
526 5.949503e+14 126.765532
527 5.950004e+14 126.222286
528 5.950504e+14 117.001792
529 5.951005e+14 119.960893
530 5.951505e+14 130.708763
531 5.952006e+14 127.456005
532 5.952506e+14 132.781005
533 5.953007e+14 122.244181
534 5.953507e+14 125.967573
535 5.954008e+14 127.194351
536 5.954508e+14 127.517549
537 5.955009e+14 124.125676
538 5.955509e+14 130.029842
539 5.956010e+14 124.540536
540 5.956510e+14 134.108413
541 5.957011e+14 114.912782
542 5.957511e+14 116.588871
543 5.958012e+14 120.600514
544 5.958512e+14 134.300976
545 5.959013e+14 128.778020
546 5.959513e+14 121.951974
547 5.960014e+14 115.268313
548 5.960514e+14 112.788501
549 5.961015e+14 119.088477
550 5.961515e+14 122.129368
551 5.962016e+14 115.984155
552 5.962516e+14 118.194067
553 5.963017e+14 118.483713
554 5.963517e+14 116.334921
555 5.964018e+14 122.160182
556 5.964518e+14 114.778499
557 5.965019e+14 123.266945
558 5.965519e+14 123.565107
559 5.966020e+14 118.638193
560 5.966520e+14 116.795842
561 5.967021e+14 123.252301
562 5.967521e+14 121.865533
563 5.968022e+14 110.441889
564 5.968522e+14 121.817623
565 5.969023e+14 120.153567
566 5.969523e+14 121.735070
567 5.970024e+14 135.787756
568 5.970524e+14 127.694986
569 5.971025e+14 111.370545
570 5.971525e+14 115.357289
571 5.972026e+14 107.952968
572 5.972526e+14 120.239005
573 5.973027e+14 111.137484
574 5.973527e+14 119.320467
575 5.974028e+14 119.291592
576 5.974528e+14 119.993075
577 5.975029e+14 119.434252
578 5.975529e+14 120.115587
579 5.976030e+14 121.692648
580 5.976530e+14 120.044843
581 5.977031e+14 121.316024
582 5.977531e+14 118.212830
583 5.978032e+14 120.965192
584 5.978532e+14 122.121075
585 5.979033e+14 122.631449
586 5.979533e+14 122.083332
587 5.980034e+14 120.667683
588 5.980534e+14 118.869881
589 5.981035e+14 126.865910
590 5.981535e+14 118.728992
591 5.982036e+14 123.498627
592 5.982536e+14 117.122886
593 5.983037e+14 117.873063
594 5.983537e+14 122.426544
595 5.984038e+14 114.377407
596 5.984538e+14 113.945775
597 5.985039e+14 107.800534
598 5.985539e+14 111.971911
599 5.986040e+14 108.338390
600 5.986540e+14 119.329544
601 5.987041e+14 128.804412
602 5.987541e+14 114.823132
603 5.988042e+14 115.443032
604 5.988542e+14 115.746664
605 5.989043e+14 124.263997
606 5.989543e+14 115.142937
607 5.990044e+14 121.070523
608 5.990544e+14 109.064032
609 5.991045e+14 127.050983
610 5.991545e+14 111.269224
611 5.992046e+14 120.542924
612 5.992546e+14 110.199869
613 5.993047e+14 110.333282
614 5.993547e+14 121.429446
615 5.994048e+14 119.080112
616 5.994548e+14 128.516207
617 5.995049e+14 111.936717
618 5.995549e+14 123.307232
619 5.996050e+14 124.235046
620 5.996550e+14 115.822096
621 5.997051e+14 115.913813
622 5.997551e+14 108.191927
623 5.998052e+14 113.194921
624 5.998552e+14 106.727637
625 5.999053e+14 117.051555
626 5.999553e+14 119.823213
627 6.000054e+14 129.238666
628 6.000554e+14 116.059576
629 6.001055e+14 126.636351
630 6.001555e+14 120.479951
631 6.002056e+14 129.252071
632 6.002556e+14 111.518078
633 6.003057e+14 116.611739
634 6.003557e+14 113.857450
635 6.004058e+14 123.088738
636 6.004558e+14 117.909879
637 6.005059e+14 118.195147
638 6.005559e+14 116.239431
639 6.006060e+14 118.961967
640 6.006560e+14 113.762912
641 6.007061e+14 118.080396
642 6.007561e+14 123.448602
643 6.008062e+14 113.710002
644 6.008562e+14 119.640112
645 6.009063e+14 122.587208
646 6.009563e+14 105.870494
647 6.010064e+14 109.376659
648 6.010564e+14 106.348192
649 6.011065e+14 114.174643
650 6.011565e+14 118.118521
651 6.012066e+14 116.152493
652 6.012566e+14 118.705236
653 6.013067e+14 121.497083
654 6.013567e+14 113.262594
655 6.014068e+14 127.860433
656 6.014568e+14 110.627389
657 6.015069e+14 129.575501
658 6.015569e+14 111.551274
659 6.016070e+14 114.618322
660 6.016570e+14 124.053959
661 6.017071e+14 118.268917
662 6.017571e+14 118.310659
663 6.018072e+14 119.700035
664 6.018572e+14 123.350037
665 6.019073e+14 125.240305
666 6.019573e+14 122.262101
667 6.020074e+14 128.945941
668 6.020574e+14 121.026614
669 6.021075e+14 109.493917
670 6.021575e+14 109.116764
671 6.022076e+14 118.976196
672 6.022576e+14 123.953492
673 6.023077e+14 118.350909
674 6.023577e+14 123.447571
675 6.024078e+14 121.624818
676 6.024578e+14 110.078748
677 6.025079e+14 112.173477
678 6.025579e+14 109.404867
679 6.026080e+14 129.248453
680 6.026580e+14 119.274197
681 6.027081e+14 113.967716
682 6.027581e+14 122.655999
683 6.028082e+14 121.398876
684 6.028582e+14 106.545126
685 6.029083e+14 118.195391
686 6.029583e+14 106.408551
687 6.030084e+14 121.059221
688 6.030584e+14 118.343114
689 6.031085e+14 120.364763
690 6.031585e+14 115.959639
691 6.032086e+14 114.461559
692 6.032586e+14 118.644323
693 6.033087e+14 121.688805
694 6.033587e+14 130.938291
695 6.034088e+14 115.130260
696 6.034588e+14 114.840504
697 6.035089e+14 104.499964
698 6.035589e+14 114.738166
699 6.036090e+14 118.491328
700 6.036590e+14 117.971702
701 6.037091e+14 115.914725
702 6.037591e+14 119.201788
703 6.038092e+14 113.610428
704 6.038592e+14 120.935049
705 6.039093e+14 114.280236
706 6.039593e+14 114.812411
707 6.040094e+14 115.381625
708 6.040594e+14 129.109959
709 6.041095e+14 113.459007
710 6.041595e+14 122.998453
711 6.042096e+14 114.575936
712 6.042596e+14 122.829314
713 6.043097e+14 126.067172
714 6.043597e+14 118.951451
715 6.044098e+14 108.138178
716 6.044598e+14 108.805608
717 6.045099e+14 112.695666
718 6.045599e+14 109.442934
719 6.046100e+14 115.612791
720 6.046600e+14 115.442222
721 6.047101e+14 111.532466
722 6.047601e+14 115.191665
723 6.048102e+14 126.214072
724 6.048602e+14 121.402468
725 6.049103e+14 117.300102
726 6.049603e+14 120.820436
727 6.050104e+14 110.366379
728 6.050604e+14 108.190165
729 6.051105e+14 117.210530
730 6.051605e+14 115.409130
731 6.052106e+14 112.462709
732 6.052606e+14 108.226303
733 6.053107e+14 119.034753
734 6.053607e+14 122.089844
735 6.054108e+14 106.978762
736 6.054608e+14 125.066182
737 6.055109e+14 121.539664
738 6.055609e+14 124.893657
739 6.056110e+14 125.150494
740 6.056610e+14 112.772961
741 6.057111e+14 119.250045
742 6.057611e+14 109.850225
743 6.058112e+14 114.051510
744 6.058612e+14 104.145118
745 6.059113e+14 110.673645
746 6.059613e+14 121.522554
747 6.060114e+14 116.858256
748 6.060614e+14 112.393215
749 6.061115e+14 125.041111
750 6.061615e+14 103.661928
751 6.062116e+14 119.276811
752 6.062616e+14 101.653993
753 6.063117e+14 111.814263
754 6.063617e+14 116.739087
755 6.064118e+14 111.785191
756 6.064618e+14 118.511792
757 6.065119e+14 118.760147
758 6.065619e+14 117.765081
759 6.066120e+14 113.867278
760 6.066620e+14 122.456454
761 6.067121e+14 111.126184
762 6.067621e+14 116.596997
763 6.068122e+14 108.122582
764 6.068622e+14 120.389808
765 6.069123e+14 105.508401
766 6.069623e+14 118.922752
767 6.070124e+14 111.582948
768 6.070624e+14 119.929128
769 6.071125e+14 115.371800
770 6.071625e+14 120.989065
771 6.072126e+14 118.591310
772 6.072626e+14 117.502062
773 6.073127e+14 125.610288
774 6.073627e+14 115.317136
775 6.074128e+14 111.698973
776 6.074628e+14 116.408454
777 6.075129e+14 123.004340
778 6.075629e+14 109.833784
779 6.076130e+14 112.211084
780 6.076630e+14 114.272059
781 6.077131e+14 112.813914
782 6.077631e+14 117.155527
783 6.078132e+14 113.925917
784 6.078632e+14 127.166086
785 6.079133e+14 106.986669
786 6.079633e+14 116.754186
787 6.080134e+14 108.635399
788 6.080634e+14 124.052705
789 6.081135e+14 118.771757
790 6.081635e+14 111.387850
791 6.082136e+14 113.801065
792 6.082636e+14 106.359258
793 6.083137e+14 115.215606
794 6.083637e+14 116.562460
795 6.084138e+14 117.486768
796 6.084638e+14 116.026244
797 6.085139e+14 116.141270
798 6.085639e+14 120.314798
799 6.086140e+14 114.117493
800 6.086640e+14 107.525724
801 6.087141e+14 112.985975
802 6.087641e+14 119.198597
803 6.088142e+14 125.925222
804 6.088642e+14 114.195312
805 6.089143e+14 108.584739
806 6.089643e+14 111.830978
807 6.090144e+14 108.887798
808 6.090644e+14 112.455539
809 6.091145e+14 116.923572
810 6.091645e+14 108.194472
811 6.092146e+14 114.444044
812 6.092646e+14 120.922242
813 6.093147e+14 120.913713
814 6.093647e+14 118.145621
815 6.094148e+14 123.854297
816 6.094648e+14 109.972974
817 6.095149e+14 110.047321
818 6.095649e+14 112.371310
819 6.096150e+14 113.492048
820 6.096650e+14 116.385358
821 6.097151e+14 118.726886
822 6.097651e+14 113.368625
823 6.098152e+14 115.586717
824 6.098652e+14 108.442531
825 6.099153e+14 114.039724
826 6.099653e+14 120.964323
827 6.100154e+14 126.491609
828 6.100654e+14 113.488257
829 6.101155e+14 130.509220
830 6.101655e+14 99.378228
831 6.102156e+14 125.780183
832 6.102656e+14 114.027230
833 6.103157e+14 116.458710
834 6.103657e+14 113.862602
835 6.104158e+14 108.502373
836 6.104658e+14 116.792258
837 6.105159e+14 123.438853
838 6.105659e+14 115.826128
839 6.106160e+14 123.125037
840 6.106660e+14 118.670686
841 6.107161e+14 119.637094
842 6.107661e+14 116.165845
843 6.108162e+14 105.669604
844 6.108662e+14 118.514882
845 6.109163e+14 119.518852
846 6.109663e+14 115.502438
847 6.110164e+14 108.255706
848 6.110664e+14 123.275339
849 6.111165e+14 113.945367
850 6.111665e+14 125.060986
851 6.112166e+14 107.564640
852 6.112666e+14 119.125306
853 6.113167e+14 106.377680
854 6.113667e+14 115.513325
855 6.114168e+14 116.070640
856 6.114668e+14 99.248397
857 6.115169e+14 116.237549
858 6.115669e+14 106.708678
859 6.116170e+14 106.876692
860 6.116670e+14 124.266982
861 6.117171e+14 108.645395
862 6.117671e+14 103.635928
863 6.118172e+14 112.218721
864 6.118672e+14 111.303733
865 6.119173e+14 110.147103
866 6.119673e+14 114.475268
867 6.120174e+14 112.770189
868 6.120674e+14 119.881271
869 6.121175e+14 105.452517
870 6.121675e+14 116.748433
871 6.122176e+14 103.819700
872 6.122676e+14 116.844225
873 6.123177e+14 116.622803
874 6.123677e+14 120.624529
875 6.124178e+14 104.454817
876 6.124678e+14 110.688090
877 6.125179e+14 115.295386
878 6.125679e+14 97.893548
879 6.126180e+14 109.189601
880 6.126680e+14 105.075456
881 6.127181e+14 120.303134
882 6.127681e+14 109.777050
883 6.128182e+14 120.569709
884 6.128682e+14 112.016474
885 6.129183e+14 121.077336
886 6.129683e+14 118.935824
887 6.130184e+14 105.377906
888 6.130684e+14 119.731089
889 6.131185e+14 120.478441
890 6.131685e+14 118.617225
891 6.132186e+14 111.527158
892 6.132686e+14 122.859809
893 6.133187e+14 124.958411
894 6.133687e+14 121.140657
895 6.134188e+14 103.575734
896 6.134688e+14 114.285032
897 6.135189e+14 105.267907
898 6.135689e+14 110.703583
899 6.136190e+14 118.177821
900 6.136690e+14 112.605155
901 6.137191e+14 108.174140
902 6.137691e+14 109.730973
903 6.138192e+14 119.966043
904 6.138692e+14 111.595085
905 6.139193e+14 106.281986
906 6.139693e+14 118.137616
907 6.140194e+14 108.491362
908 6.140694e+14 111.070094
909 6.141195e+14 111.413956
910 6.141695e+14 117.066270
911 6.142196e+14 118.161163
912 6.142696e+14 119.222545
913 6.143197e+14 109.420224
914 6.143697e+14 115.288290
915 6.144198e+14 120.265388
916 6.144698e+14 114.210409
917 6.145199e+14 114.676530
918 6.145699e+14 109.655884
919 6.146200e+14 115.865246
920 6.146700e+14 121.230489
921 6.147201e+14 103.610872
922 6.147701e+14 103.945597
923 6.148202e+14 112.351169
924 6.148702e+14 122.057813
925 6.149203e+14 118.828335
926 6.149703e+14 110.246934
927 6.150204e+14 104.761082
928 6.150704e+14 103.376167
929 6.151205e+14 111.758239
930 6.151705e+14 123.838536
931 6.152206e+14 116.716364
932 6.152706e+14 99.479261
933 6.153207e+14 116.785057
934 6.153707e+14 117.345539
935 6.154208e+14 101.130031
936 6.154708e+14 115.164653
937 6.155209e+14 116.451345
938 6.155709e+14 117.008475
939 6.156210e+14 121.096008
940 6.156710e+14 117.237183
941 6.157211e+14 112.223130
942 6.157711e+14 116.483254
943 6.158212e+14 111.943624
944 6.158712e+14 117.951076
945 6.159213e+14 115.224089
946 6.159713e+14 113.536367
947 6.160214e+14 118.668372
948 6.160714e+14 117.455314
949 6.161215e+14 111.001113
950 6.161715e+14 120.954335
951 6.162216e+14 107.403348
952 6.162716e+14 109.218181
953 6.163217e+14 126.255734
954 6.163717e+14 108.553176
955 6.164218e+14 115.033762
956 6.164718e+14 111.181747
957 6.165219e+14 116.553651
958 6.165719e+14 106.348010
959 6.166220e+14 97.494803
960 6.166720e+14 117.358276
961 6.167221e+14 111.914500
962 6.167721e+14 111.079920
963 6.168222e+14 117.588844
964 6.168722e+14 107.636899
965 6.169223e+14 106.172138
966 6.169724e+14 109.483696
967 6.170224e+14 108.068477
968 6.170725e+14 101.456523
969 6.171225e+14 116.541632
970 6.171726e+14 115.845787
971 6.172226e+14 118.139423
972 6.172727e+14 119.857586
973 6.173227e+14 112.839531
974 6.173728e+14 106.947940
975 6.174228e+14 118.257955
976 6.174729e+14 108.213728
977 6.175229e+14 102.728560
978 6.175730e+14 117.396234
979 6.176230e+14 120.488564
980 6.176731e+14 108.339045
981 6.177231e+14 122.565874
982 6.177732e+14 112.387615
983 6.178232e+14 107.668681
984 6.178733e+14 99.967257
985 6.179233e+14 108.521228
986 6.179734e+14 110.856873
987 6.180234e+14 111.187647
988 6.180735e+14 124.859722
989 6.181235e+14 115.848049
990 6.181736e+14 116.487738
991 6.182236e+14 114.918710
992 6.182737e+14 107.328674
993 6.183237e+14 117.071964
994 6.183738e+14 105.729830
995 6.184238e+14 111.049478
996 6.184739e+14 111.409595
997 6.185239e+14 111.235087
998 6.185740e+14 115.779798
999 6.186240e+14 107.240905
