# Date: 19/07/01, Author: E.Hubble
# First column is index, second column is frequency (Hz), third column is spectra (A.U.)
0 5.754524e+14 140.877232
1 5.755025e+14 149.621983
2 5.755525e+14 145.357615
3 5.756026e+14 147.670187
4 5.756526e+14 138.327051
5 5.757027e+14 147.145725
6 5.757527e+14 140.405212
7 5.758028e+14 145.818559
8 5.758528e+14 132.917777
9 5.759029e+14 140.589452
10 5.759529e+14 140.903014
11 5.760030e+14 143.614696
12 5.760530e+14 148.395590
13 5.761031e+14 143.442618
14 5.761531e+14 152.649368
15 5.762032e+14 148.423377
16 5.762532e+14 136.634294
17 5.763033e+14 143.048557
18 5.763533e+14 141.883028
19 5.764034e+14 164.678907
20 5.764534e+14 156.559746
21 5.765035e+14 143.276985
22 5.765535e+14 151.926561
23 5.766036e+14 143.458202
24 5.766536e+14 142.244834
25 5.767037e+14 147.930416
26 5.767537e+14 153.740748
27 5.768038e+14 137.440839
28 5.768538e+14 145.162350
29 5.769039e+14 130.484398
30 5.769539e+14 147.870907
31 5.770040e+14 150.493752
32 5.770540e+14 141.995862
33 5.771041e+14 139.428270
34 5.771541e+14 137.097510
35 5.772042e+14 152.868467
36 5.772542e+14 144.465235
37 5.773043e+14 148.845155
38 5.773543e+14 140.506680
39 5.774044e+14 139.133925
40 5.774544e+14 139.687309
41 5.775045e+14 136.903666
42 5.775545e+14 150.079840
43 5.776046e+14 139.252391
44 5.776546e+14 145.550581
45 5.777047e+14 146.214224
46 5.777547e+14 146.869865
47 5.778048e+14 140.981879
48 5.778548e+14 143.058605
49 5.779049e+14 161.227639
50 5.779549e+14 143.769794
51 5.780050e+14 148.352450
52 5.780550e+14 152.912953
53 5.781051e+14 125.246815
54 5.781551e+14 144.817925
55 5.782052e+14 156.667307
56 5.782552e+14 143.393765
57 5.783053e+14 145.737408
58 5.783553e+14 137.043797
59 5.784054e+14 146.128054
60 5.784554e+14 150.282447
61 5.785055e+14 152.378594
62 5.785555e+14 156.157920
63 5.786056e+14 158.483827
64 5.786556e+14 152.599917
65 5.787057e+14 149.402090
66 5.787557e+14 145.754774
67 5.788058e+14 152.757073
68 5.788558e+14 150.299414
69 5.789059e+14 150.418805
70 5.789559e+14 145.264429
71 5.790060e+14 148.295246
72 5.790560e+14 153.772931
73 5.791061e+14 139.256654
74 5.791561e+14 158.552969
75 5.792062e+14 155.210007
76 5.792562e+14 161.220913
77 5.793063e+14 150.180286
78 5.793563e+14 140.679867
79 5.794064e+14 153.104145
80 5.794564e+14 151.637213
81 5.795065e+14 149.381172
82 5.795565e+14 146.446518
83 5.796066e+14 140.469811
84 5.796566e+14 161.885235
85 5.797067e+14 149.657245
86 5.797567e+14 146.089664
87 5.798068e+14 151.032364
88 5.798568e+14 139.845068
89 5.799069e+14 152.000076
90 5.799569e+14 143.436989
91 5.800070e+14 142.364943
92 5.800570e+14 140.576332
93 5.801071e+14 151.387652
94 5.801571e+14 143.575931
95 5.802072e+14 142.708838
96 5.802572e+14 144.203002
97 5.803073e+14 143.563691
98 5.803573e+14 149.643863
99 5.804074e+14 152.658395
100 5.804574e+14 140.822721
101 5.805075e+14 150.486974
102 5.805575e+14 160.896854
103 5.806076e+14 159.357132
104 5.806576e+14 154.221964
105 5.807077e+14 144.481772
106 5.807577e+14 143.143880
107 5.808078e+14 148.285180
108 5.808578e+14 135.397951
109 5.809079e+14 143.762683
110 5.809579e+14 151.006452
111 5.810080e+14 145.514141
112 5.810580e+14 155.023356
113 5.811081e+14 147.967798
114 5.811581e+14 148.703380
115 5.812082e+14 156.757203
116 5.812582e+14 151.104712
117 5.813083e+14 151.448467
118 5.813583e+14 146.503222
119 5.814084e+14 155.173918
120 5.814584e+14 142.915817
121 5.815085e+14 155.002348
122 5.815585e+14 144.410207
123 5.816086e+14 150.860934
124 5.816586e+14 152.939925
125 5.817087e+14 143.659637
126 5.817587e+14 145.271891
127 5.818088e+14 142.682437
128 5.818588e+14 151.076273
129 5.819089e+14 144.905337
130 5.819589e+14 153.557851
131 5.820090e+14 156.444050
132 5.820590e+14 142.939727
133 5.821091e+14 145.762373
134 5.821591e+14 153.596188
135 5.822092e+14 154.844384
136 5.822592e+14 142.826535
137 5.823093e+14 148.906715
138 5.823593e+14 156.116786
139 5.824094e+14 146.908117
140 5.824594e+14 143.955539
141 5.825095e+14 149.103799
142 5.825595e+14 149.573401
143 5.826096e+14 154.387373
144 5.826596e+14 144.928094
145 5.827097e+14 150.669355
146 5.827597e+14 149.491129
147 5.828098e+14 147.413576
148 5.828598e+14 151.406234
149 5.829099e+14 154.711747
150 5.829599e+14 141.973518
151 5.830100e+14 163.187825
152 5.830600e+14 150.615934
153 5.831101e+14 155.178430
154 5.831601e+14 149.025635
155 5.832102e+14 156.016744
156 5.832602e+14 149.694852
157 5.833103e+14 156.011633
158 5.833603e+14 153.638941
159 5.834104e+14 151.505459
160 5.834604e+14 141.118107
161 5.835105e+14 156.214992
162 5.835605e+14 155.328138
163 5.836106e+14 146.945649
164 5.836606e+14 157.643930
165 5.837107e+14 153.661794
166 5.837607e+14 157.035875
167 5.838108e+14 150.261690
168 5.838608e+14 155.840938
169 5.839109e+14 149.711005
170 5.839609e+14 145.564231
171 5.840110e+14 148.593378
172 5.840610e+14 147.902186
173 5.841111e+14 163.309063
174 5.841611e+14 144.386075
175 5.842112e+14 156.067377
176 5.842612e+14 158.533526
177 5.843113e+14 158.589417
178 5.843613e+14 153.463157
179 5.844114e+14 159.681363
180 5.844614e+14 156.079794
181 5.845115e+14 147.943262
182 5.845615e+14 147.410767
183 5.846116e+14 155.523955
184 5.846616e+14 148.436556
185 5.847117e+14 154.659712
186 5.847617e+14 158.691072
187 5.848118e+14 148.344088
188 5.848618e+14 134.717172
189 5.849119e+14 161.735653
190 5.849619e+14 158.316211
191 5.850120e+14 149.595072
192 5.850620e+14 161.372031
193 5.851121e+14 145.712344
194 5.851621e+14 162.185657
195 5.852122e+14 147.683990
196 5.852622e+14 154.063685
197 5.853123e+14 155.131416
198 5.853623e+14 149.912049
199 5.854124e+14 156.919740
200 5.854624e+14 147.331780
201 5.855125e+14 147.791165
202 5.855625e+14 151.130000
203 5.856126e+14 154.856839
204 5.856626e+14 153.848563
205 5.857127e+14 148.467674
206 5.857627e+14 150.019692
207 5.858128e+14 152.683721
208 5.858628e+14 148.251768
209 5.859129e+14 150.102850
210 5.859629e+14 161.583931
211 5.860130e+14 147.428994
212 5.860630e+14 152.212678
213 5.861131e+14 142.314846
214 5.861631e+14 154.032746
215 5.862132e+14 157.047086
216 5.862632e+14 148.392013
217 5.863133e+14 161.789731
218 5.863633e+14 155.377081
219 5.864134e+14 152.323627
220 5.864634e+14 162.476170
221 5.865135e+14 155.836491
222 5.865635e+14 159.119969
223 5.866136e+14 149.557743
224 5.866636e+14 151.176810
225 5.867137e+14 154.074464
226 5.867637e+14 161.863880
227 5.868138e+14 153.015375
228 5.868638e+14 163.282490
229 5.869139e+14 150.188643
230 5.869639e+14 159.562959
231 5.870140e+14 154.256002
232 5.870640e+14 160.462276
233 5.871141e+14 153.648447
234 5.871641e+14 153.028753
235 5.872142e+14 153.282165
236 5.872642e+14 155.437110
237 5.873143e+14 156.678551
238 5.873643e+14 161.245344
239 5.874144e+14 151.296135
240 5.874644e+14 155.990574
241 5.875145e+14 148.706577
242 5.875645e+14 151.740835
243 5.876146e+14 151.831662
244 5.876646e+14 153.420312
245 5.877147e+14 152.863918
246 5.877647e+14 159.165349
247 5.878148e+14 162.268373
248 5.878648e+14 147.845041
249 5.879149e+14 156.109207
250 5.879649e+14 156.189748
251 5.880150e+14 160.264573
252 5.880650e+14 155.255060
253 5.881151e+14 162.729084
254 5.881651e+14 155.279877
255 5.882152e+14 150.153417
256 5.882652e+14 158.358534
257 5.883153e+14 157.699039
258 5.883653e+14 155.642679
259 5.884154e+14 160.000046
260 5.884654e+14 153.422897
261 5.885155e+14 160.001121
262 5.885655e+14 170.072130
263 5.886156e+14 159.000012
264 5.886656e+14 153.400808
265 5.887157e+14 161.145198
266 5.887657e+14 174.174942
267 5.888158e+14 148.504634
268 5.888658e+14 158.720492
269 5.889159e+14 157.659282
270 5.889659e+14 153.231031
271 5.890160e+14 144.973090
272 5.890660e+14 152.523620
273 5.891161e+14 165.300597
274 5.891661e+14 150.030018
275 5.892162e+14 156.127631
276 5.892662e+14 150.910518
277 5.893163e+14 151.678782
278 5.893663e+14 162.314935
279 5.894164e+14 156.952964
280 5.894664e+14 152.480083
281 5.895165e+14 149.943888
282 5.895665e+14 151.056247
283 5.896166e+14 172.140744
284 5.896666e+14 143.491847
285 5.897167e+14 161.374740
286 5.897667e+14 154.946690
287 5.898168e+14 162.389844
288 5.898668e+14 152.936921
289 5.899169e+14 159.992392
290 5.899669e+14 167.437372
291 5.900170e+14 153.421410
292 5.900670e+14 162.461871
293 5.901171e+14 158.120461
294 5.901671e+14 154.396668
295 5.902172e+14 154.994443
296 5.902672e+14 161.099906
297 5.903173e+14 161.840399
298 5.903673e+14 150.182313
299 5.904174e+14 158.771515
300 5.904674e+14 153.773654
301 5.905175e+14 154.974617
302 5.905675e+14 160.106332
303 5.906176e+14 158.016523
304 5.906676e+14 154.020498
305 5.907177e+14 152.118854
306 5.907677e+14 166.432620
307 5.908178e+14 173.147665
308 5.908678e+14 164.073165
309 5.909179e+14 165.961369
310 5.909679e+14 149.404872
311 5.910180e+14 158.553972
312 5.910680e+14 152.499963
313 5.911181e+14 157.083936
314 5.911681e+14 166.900794
315 5.912182e+14 156.583711
316 5.912682e+14 147.010183
317 5.913183e+14 164.280587
318 5.913683e+14 150.326465
319 5.914184e+14 151.493151
320 5.914684e+14 158.987192
321 5.915185e+14 161.829049
322 5.915685e+14 154.471397
323 5.916186e+14 162.495871
324 5.916686e+14 154.096503
325 5.917187e+14 159.059720
326 5.917687e+14 156.378296
327 5.918188e+14 154.784710
328 5.918688e+14 150.740803
329 5.919189e+14 156.439483
330 5.919689e+14 176.505443
331 5.920190e+14 150.221901
332 5.920690e+14 172.955892
333 5.921191e+14 162.064875
334 5.921691e+14 153.835549
335 5.922192e+14 148.021274
336 5.922692e+14 162.504900
337 5.923193e+14 151.302192
338 5.923693e+14 161.933032
339 5.924194e+14 159.916417
340 5.924694e+14 157.732384
341 5.925195e+14 157.226760
342 5.925695e+14 154.952249
343 5.926196e+14 156.201602
344 5.926696e+14 156.078502
345 5.927197e+14 164.991813
346 5.927697e+14 161.466897
347 5.928198e+14 162.307028
348 5.928698e+14 158.976053
349 5.929199e+14 153.450117
350 5.929699e+14 157.638034
351 5.930200e+14 157.338450
352 5.930700e+14 169.693139
353 5.931201e+14 164.262881
354 5.931701e+14 168.389094
355 5.932202e+14 167.423295
356 5.932702e+14 158.807860
357 5.933203e+14 160.314292
358 5.933703e+14 155.976297
359 5.934204e+14 161.185797
360 5.934704e+14 157.501575
361 5.935205e+14 174.971354
362 5.935705e+14 174.499860
363 5.936206e+14 162.569020
364 5.936706e+14 156.185342
365 5.937207e+14 170.373028
366 5.937707e+14 171.418977
367 5.938208e+14 164.838553
368 5.938708e+14 166.023548
369 5.939209e+14 162.434797
370 5.939709e+14 162.628677
371 5.940210e+14 170.723508
372 5.940710e+14 171.660112
373 5.941211e+14 167.806836
374 5.941711e+14 172.855943
375 5.942212e+14 167.120279
376 5.942712e+14 159.139646
377 5.943213e+14 159.644163
378 5.943713e+14 171.831358
379 5.944214e+14 150.103494
380 5.944714e+14 173.316313
381 5.945215e+14 172.480814
382 5.945715e+14 157.386438
383 5.946216e+14 169.598314
384 5.946716e+14 170.047171
385 5.947217e+14 172.712477
386 5.947717e+14 168.410269
387 5.948218e+14 168.456866
388 5.948718e+14 170.220603
389 5.949219e+14 171.907303
390 5.949719e+14 169.297468
391 5.950220e+14 165.522305
392 5.950720e+14 162.541109
393 5.951221e+14 175.076230
394 5.951721e+14 178.047656
395 5.952222e+14 183.943819
396 5.952722e+14 175.342232
397 5.953223e+14 179.187507
398 5.953723e+14 172.497307
399 5.954224e+14 166.533999
400 5.954724e+14 173.661145
401 5.955225e+14 178.942999
402 5.955725e+14 168.624167
403 5.956226e+14 177.937752
404 5.956726e+14 170.999460
405 5.957227e+14 179.657286
406 5.957727e+14 184.707742
407 5.958228e+14 167.022767
408 5.958728e+14 168.003090
409 5.959229e+14 178.178000
410 5.959729e+14 183.344730
411 5.960230e+14 167.996846
412 5.960730e+14 172.466997
413 5.961231e+14 173.733968
414 5.961731e+14 176.052996
415 5.962232e+14 184.994452
416 5.962732e+14 185.297873
417 5.963233e+14 187.779776
418 5.963733e+14 182.980274
419 5.964234e+14 193.592152
420 5.964734e+14 176.743095
421 5.965235e+14 177.574534
422 5.965736e+14 195.753129
423 5.966236e+14 176.173317
424 5.966737e+14 181.305405
425 5.967237e+14 183.263228
426 5.967738e+14 192.331547
427 5.968238e+14 201.881657
428 5.968739e+14 173.966508
429 5.969239e+14 193.615148
430 5.969740e+14 172.295948
431 5.970240e+14 188.529181
432 5.970741e+14 183.801464
433 5.971241e+14 185.667459
434 5.971742e+14 193.590388
435 5.972242e+14 190.159684
436 5.972743e+14 184.466552
437 5.973243e+14 183.836823
438 5.973744e+14 202.397472
439 5.974244e+14 181.686945
440 5.974745e+14 203.358872
441 5.975245e+14 193.981877
442 5.975746e+14 200.093670
443 5.976246e+14 188.620881
444 5.976747e+14 186.246291
445 5.977247e+14 195.311819
446 5.977748e+14 190.878692
447 5.978248e+14 194.703114
448 5.978749e+14 201.310048
449 5.979249e+14 186.633105
450 5.979750e+14 205.933706
451 5.980250e+14 194.088855
452 5.980751e+14 192.715779
453 5.981251e+14 199.332593
454 5.981752e+14 201.594563
455 5.982252e+14 208.223971
456 5.982753e+14 202.947185
457 5.983253e+14 194.951699
458 5.983754e+14 197.688062
459 5.984254e+14 188.995385
460 5.984755e+14 196.943835
461 5.985255e+14 200.544281
462 5.985756e+14 196.114970
463 5.986256e+14 198.401811
464 5.986757e+14 192.640855
465 5.987257e+14 192.461595
466 5.987758e+14 192.345460
467 5.988258e+14 202.002424
468 5.988759e+14 185.718147
469 5.989259e+14 182.933742
470 5.989760e+14 192.104781
471 5.990260e+14 203.983907
472 5.990761e+14 189.002754
473 5.991261e+14 199.659650
474 5.991762e+14 184.373442
475 5.992262e+14 189.243388
476 5.992763e+14 196.549907
477 5.993263e+14 189.124633
478 5.993764e+14 192.161112
479 5.994264e+14 185.700532
480 5.994765e+14 200.169835
481 5.995265e+14 192.383492
482 5.995766e+14 193.763793
483 5.996266e+14 189.525556
484 5.996767e+14 192.739186
485 5.997267e+14 185.185196
486 5.997768e+14 202.940854
487 5.998268e+14 189.106380
488 5.998769e+14 193.791234
489 5.999269e+14 210.059989
490 5.999770e+14 192.513316
491 6.000270e+14 190.691858
492 6.000771e+14 190.200930
493 6.001271e+14 195.263978
494 6.001772e+14 193.226308
495 6.002272e+14 192.030242
496 6.002773e+14 189.837198
497 6.003273e+14 191.463754
498 6.003774e+14 195.002364
499 6.004274e+14 181.028564
500 6.004775e+14 189.555931
501 6.005275e+14 186.371155
502 6.005776e+14 200.479307
503 6.006276e+14 184.160541
504 6.006777e+14 194.358380
505 6.007277e+14 180.588931
506 6.007778e+14 176.763360
507 6.008278e+14 189.169126
508 6.008779e+14 176.430334
509 6.009279e+14 179.809694
510 6.009780e+14 175.076687
511 6.010280e+14 189.020188
512 6.010781e+14 179.073188
513 6.011281e+14 181.909197
514 6.011782e+14 179.187281
515 6.012282e+14 179.795454
516 6.012783e+14 175.718898
517 6.013283e+14 179.767018
518 6.013784e+14 181.056445
519 6.014284e+14 190.912637
520 6.014785e+14 184.965812
521 6.015285e+14 185.776277
522 6.015786e+14 174.356339
523 6.016286e+14 180.409240
524 6.016787e+14 184.937100
525 6.017287e+14 178.409084
526 6.017788e+14 181.439008
527 6.018288e+14 184.134151
528 6.018789e+14 177.409448
529 6.019289e+14 176.155406
530 6.019790e+14 175.653325
531 6.020290e+14 176.055999
532 6.020791e+14 174.513003
533 6.021291e+14 193.490592
534 6.021792e+14 177.132422
535 6.022292e+14 171.596040
536 6.022793e+14 176.167919
537 6.023293e+14 177.925984
538 6.023794e+14 167.893131
539 6.024294e+14 184.190539
540 6.024795e+14 176.892406
541 6.025295e+14 180.650744
542 6.025796e+14 164.876603
543 6.026296e+14 172.717339
544 6.026797e+14 171.834624
545 6.027297e+14 190.462252
546 6.027798e+14 172.431670
547 6.028298e+14 169.145653
548 6.028799e+14 167.451816
549 6.029299e+14 175.638317
550 6.029800e+14 164.428231
551 6.030300e+14 179.697817
552 6.030801e+14 175.292312
553 6.031301e+14 177.814117
554 6.031802e+14 169.341009
555 6.032302e+14 178.630995
556 6.032803e+14 172.544623
557 6.033303e+14 162.748172
558 6.033804e+14 168.078797
559 6.034304e+14 167.790278
560 6.034805e+14 165.715093
561 6.035305e+14 174.421541
562 6.035806e+14 179.031618
563 6.036306e+14 169.785937
564 6.036807e+14 170.395913
565 6.037307e+14 171.266052
566 6.037808e+14 170.769535
567 6.038308e+14 170.033240
568 6.038809e+14 159.255153
569 6.039309e+14 171.422179
570 6.039810e+14 154.218300
571 6.040310e+14 170.407641
572 6.040811e+14 165.256518
573 6.041311e+14 172.171318
574 6.041812e+14 175.717263
575 6.042312e+14 182.586421
576 6.042813e+14 168.857541
577 6.043313e+14 175.391813
578 6.043814e+14 163.387146
579 6.044314e+14 184.723215
580 6.044815e+14 178.128944
581 6.045315e+14 173.097238
582 6.045816e+14 168.135918
583 6.046316e+14 178.136355
584 6.046817e+14 166.374587
585 6.047317e+14 175.740557
586 6.047818e+14 174.202085
587 6.048318e+14 171.003076
588 6.048819e+14 160.107146
589 6.049319e+14 165.920622
590 6.049820e+14 173.401005
591 6.050320e+14 171.012321
592 6.050821e+14 178.328201
593 6.051321e+14 180.251373
594 6.051822e+14 170.747230
595 6.052322e+14 177.449931
596 6.052823e+14 170.703142
597 6.053323e+14 173.406163
598 6.053824e+14 166.374570
599 6.054324e+14 173.276830
600 6.054825e+14 173.414559
601 6.055325e+14 165.556428
602 6.055826e+14 163.134608
603 6.056326e+14 163.221132
604 6.056827e+14 163.929658
605 6.057327e+14 174.999350
606 6.057828e+14 165.704369
607 6.058328e+14 169.663051
608 6.058829e+14 177.193709
609 6.059329e+14 163.401121
610 6.059830e+14 173.509229
611 6.060330e+14 174.692822
612 6.060831e+14 170.854183
613 6.061331e+14 172.523467
614 6.061832e+14 175.183134
615 6.062332e+14 170.846772
616 6.062833e+14 161.549684
617 6.063333e+14 170.146366
618 6.063834e+14 177.766721
619 6.064334e+14 167.821536
620 6.064835e+14 159.673755
621 6.065335e+14 173.351415
622 6.065836e+14 167.566763
623 6.066336e+14 170.739146
624 6.066837e+14 177.317608
625 6.067337e+14 175.550304
626 6.067838e+14 158.328992
627 6.068338e+14 173.659690
628 6.068839e+14 181.111020
629 6.069339e+14 172.394354
630 6.069840e+14 174.012688
631 6.070340e+14 168.199650
632 6.070841e+14 172.357059
633 6.071341e+14 174.077844
634 6.071842e+14 179.938401
635 6.072342e+14 171.061452
636 6.072843e+14 167.405513
637 6.073343e+14 179.296745
638 6.073844e+14 181.490045
639 6.074344e+14 171.607117
640 6.074845e+14 176.176810
641 6.075345e+14 169.728634
642 6.075846e+14 168.769615
643 6.076346e+14 163.601867
644 6.076847e+14 178.314800
645 6.077347e+14 177.956799
646 6.077848e+14 169.079306
647 6.078348e+14 173.391891
648 6.078849e+14 176.956779
649 6.079349e+14 176.729459
650 6.079850e+14 170.722715
651 6.080350e+14 180.098477
652 6.080851e+14 169.138861
653 6.081351e+14 166.087272
654 6.081852e+14 180.304541
655 6.082352e+14 172.910516
656 6.082853e+14 170.410320
657 6.083353e+14 174.676401
658 6.083854e+14 166.648770
659 6.084354e+14 180.059724
660 6.084855e+14 163.199282
661 6.085355e+14 180.098317
662 6.085856e+14 179.710089
663 6.086356e+14 173.581041
664 6.086857e+14 172.221529
665 6.087357e+14 165.897971
666 6.087858e+14 188.064620
667 6.088358e+14 171.994799
668 6.088859e+14 173.321968
669 6.089359e+14 173.048258
670 6.089860e+14 183.244941
671 6.090360e+14 177.836294
672 6.090861e+14 168.779319
673 6.091361e+14 177.746324
674 6.091862e+14 165.122986
675 6.092362e+14 174.956116
676 6.092863e+14 176.242023
677 6.093363e+14 181.449191
678 6.093864e+14 174.029669
679 6.094364e+14 173.757934
680 6.094865e+14 168.641766
681 6.095365e+14 181.526131
682 6.095866e+14 183.475300
683 6.096366e+14 178.383304
684 6.096867e+14 165.313185
685 6.097367e+14 167.063994
686 6.097868e+14 163.790830
687 6.098368e+14 186.046843
688 6.098869e+14 170.184216
689 6.099369e+14 172.348387
690 6.099870e+14 169.024989
691 6.100370e+14 185.821248
692 6.100871e+14 178.185900
693 6.101371e+14 169.863610
694 6.101872e+14 166.271248
695 6.102372e+14 184.079784
696 6.102873e+14 174.411892
697 6.103373e+14 173.641139
698 6.103874e+14 184.027051
699 6.104374e+14 167.753666
700 6.104875e+14 166.071906
701 6.105375e+14 171.555521
702 6.105876e+14 171.947718
703 6.106376e+14 168.923367
704 6.106877e+14 182.966948
705 6.107377e+14 176.036717
706 6.107878e+14 186.896155
707 6.108378e+14 177.310544
708 6.108879e+14 186.489724
709 6.109379e+14 183.530051
710 6.109880e+14 175.721643
711 6.110380e+14 158.919256
712 6.110881e+14 170.450020
713 6.111381e+14 174.795189
714 6.111882e+14 178.299748
715 6.112382e+14 172.646681
716 6.112883e+14 173.684553
717 6.113383e+14 168.292776
718 6.113884e+14 180.895182
719 6.114384e+14 174.662654
720 6.114885e+14 175.839992
721 6.115385e+14 176.948187
722 6.115886e+14 175.233908
723 6.116386e+14 174.390864
724 6.116887e+14 174.229108
725 6.117387e+14 175.755522
726 6.117888e+14 174.314941
727 6.118388e+14 181.641168
728 6.118889e+14 177.653561
729 6.119389e+14 178.441010
730 6.119890e+14 181.745762
731 6.120390e+14 173.726788
732 6.120891e+14 171.283951
733 6.121391e+14 183.146388
734 6.121892e+14 186.580040
735 6.122392e+14 181.594081
736 6.122893e+14 176.248523
737 6.123393e+14 175.927671
738 6.123894e+14 178.519178
739 6.124394e+14 165.794129
740 6.124895e+14 176.934821
741 6.125395e+14 181.032161
742 6.125896e+14 165.910814
743 6.126396e+14 175.098172
744 6.126897e+14 181.323629
745 6.127397e+14 181.283988
746 6.127898e+14 173.516973
747 6.128398e+14 167.504601
748 6.128899e+14 178.320669
749 6.129399e+14 174.898571
750 6.129900e+14 172.958187
751 6.130400e+14 174.482855
752 6.130901e+14 178.564357
753 6.131401e+14 180.794486
754 6.131902e+14 175.527585
755 6.132402e+14 183.295231
756 6.132903e+14 182.784026
757 6.133403e+14 175.634440
758 6.133904e+14 184.542319
759 6.134404e+14 175.682548
760 6.134905e+14 173.108117
761 6.135405e+14 185.144104
762 6.135906e+14 191.648920
763 6.136406e+14 184.197406
764 6.136907e+14 192.320598
765 6.137407e+14 173.582442
766 6.137908e+14 172.220434
767 6.138408e+14 169.362438
768 6.138909e+14 176.205794
769 6.139409e+14 178.102676
770 6.139910e+14 170.754775
771 6.140410e+14 175.095677
772 6.140911e+14 181.666350
773 6.141411e+14 189.499978
774 6.141912e+14 176.843269
775 6.142412e+14 181.858107
776 6.142913e+14 175.815789
777 6.143413e+14 191.513483
778 6.143914e+14 179.677710
779 6.144414e+14 170.049290
780 6.144915e+14 176.870563
781 6.145415e+14 175.427029
782 6.145916e+14 185.916127
783 6.146416e+14 181.663613
784 6.146917e+14 170.357740
785 6.147417e+14 179.141915
786 6.147918e+14 170.790818
787 6.148418e+14 183.833771
788 6.148919e+14 180.716871
789 6.149419e+14 184.566744
790 6.149920e+14 172.596676
791 6.150420e+14 181.123518
792 6.150921e+14 191.364967
793 6.151421e+14 174.368245
794 6.151922e+14 171.019338
795 6.152422e+14 184.602641
796 6.152923e+14 187.279055
797 6.153423e+14 185.370728
798 6.153924e+14 184.897294
799 6.154424e+14 190.267647
800 6.154925e+14 179.351484
801 6.155425e+14 184.478487
802 6.155926e+14 184.422214
803 6.156426e+14 187.367119
804 6.156927e+14 176.982220
805 6.157427e+14 186.943427
806 6.157928e+14 181.987274
807 6.158428e+14 181.484648
808 6.158929e+14 173.452693
809 6.159429e+14 180.114595
810 6.159930e+14 186.234776
811 6.160430e+14 191.295812
812 6.160931e+14 182.341583
813 6.161431e+14 195.873361
814 6.161932e+14 188.568337
815 6.162432e+14 186.082546
816 6.162933e+14 182.267788
817 6.163433e+14 180.584294
818 6.163934e+14 184.415374
819 6.164434e+14 182.958225
820 6.164935e+14 182.613308
821 6.165435e+14 180.950101
822 6.165936e+14 185.028967
823 6.166436e+14 173.606674
824 6.166937e+14 180.111367
825 6.167437e+14 181.138917
826 6.167938e+14 181.416585
827 6.168438e+14 176.200805
828 6.168939e+14 181.327474
829 6.169439e+14 175.823808
830 6.169940e+14 193.695818
831 6.170440e+14 187.041996
832 6.170941e+14 167.051572
833 6.171441e+14 179.550342
834 6.171942e+14 174.110205
835 6.172442e+14 194.281905
836 6.172943e+14 183.603196
837 6.173443e+14 179.608626
838 6.173944e+14 179.527867
839 6.174444e+14 188.460942
840 6.174945e+14 180.718283
841 6.175445e+14 181.749574
842 6.175946e+14 187.712237
843 6.176446e+14 189.181991
844 6.176947e+14 186.870016
845 6.177447e+14 187.889401
846 6.177948e+14 177.684862
847 6.178448e+14 187.649838
848 6.178949e+14 179.261862
849 6.179449e+14 189.059951
850 6.179950e+14 194.602012
851 6.180450e+14 183.233996
852 6.180951e+14 169.746181
853 6.181451e+14 188.394542
854 6.181952e+14 177.923521
855 6.182452e+14 186.857707
856 6.182953e+14 190.332706
857 6.183453e+14 187.531254
858 6.183954e+14 186.031221
859 6.184454e+14 190.819518
860 6.184955e+14 173.862005
861 6.185455e+14 188.342146
862 6.185956e+14 173.326224
863 6.186456e+14 191.806604
864 6.186957e+14 189.592460
865 6.187457e+14 181.527513
866 6.187958e+14 185.225900
867 6.188458e+14 184.440304
868 6.188959e+14 193.215396
869 6.189459e+14 184.349998
870 6.189960e+14 195.860845
871 6.190460e+14 191.542086
872 6.190961e+14 184.132278
873 6.191461e+14 188.890583
874 6.191962e+14 177.813183
875 6.192462e+14 179.362962
876 6.192963e+14 185.393354
877 6.193463e+14 186.215619
878 6.193964e+14 186.997079
879 6.194464e+14 175.086217
880 6.194965e+14 186.667130
881 6.195465e+14 177.529384
882 6.195966e+14 170.889105
883 6.196466e+14 183.272689
884 6.196967e+14 185.422722
885 6.197467e+14 180.948951
886 6.197968e+14 192.907772
887 6.198468e+14 184.164305
888 6.198969e+14 177.966072
889 6.199469e+14 185.002521
890 6.199970e+14 186.835669
891 6.200470e+14 190.754386
892 6.200971e+14 188.504992
893 6.201471e+14 185.537473
894 6.201972e+14 188.878520
895 6.202472e+14 184.237446
896 6.202973e+14 185.413323
897 6.203473e+14 194.705576
898 6.203974e+14 192.622900
899 6.204474e+14 191.328466
900 6.204975e+14 197.251679
901 6.205475e+14 197.841181
902 6.205976e+14 181.151140
903 6.206476e+14 174.202632
904 6.206977e+14 181.182733
905 6.207477e+14 174.190329
906 6.207978e+14 175.696096
907 6.208478e+14 185.272353
908 6.208979e+14 184.322215
909 6.209479e+14 183.946992
910 6.209980e+14 182.723890
911 6.210480e+14 180.880531
912 6.210981e+14 187.067878
913 6.211481e+14 185.522034
914 6.211982e+14 191.706667
915 6.212482e+14 182.940693
916 6.212983e+14 189.591312
917 6.213483e+14 185.523561
918 6.213984e+14 184.572389
919 6.214484e+14 187.694840
920 6.214985e+14 177.603104
921 6.215485e+14 195.214282
922 6.215986e+14 179.634624
923 6.216486e+14 180.082401
924 6.216987e+14 190.305722
925 6.217487e+14 177.601219
926 6.217988e+14 178.114567
927 6.218488e+14 190.555630
928 6.218989e+14 191.501924
929 6.219489e+14 186.024545
930 6.219990e+14 190.068913
931 6.220490e+14 187.245135
932 6.220991e+14 182.618155
933 6.221491e+14 189.588204
934 6.221992e+14 184.914535
935 6.222492e+14 182.847893
936 6.222993e+14 181.698741
937 6.223493e+14 194.713454
938 6.223994e+14 177.875983
939 6.224494e+14 187.916979
940 6.224995e+14 178.512152
941 6.225495e+14 183.523781
942 6.225996e+14 184.961746
943 6.226496e+14 187.332918
944 6.226997e+14 190.418363
945 6.227497e+14 194.118754
946 6.227998e+14 200.176567
947 6.228498e+14 195.929641
948 6.228999e+14 185.760623
949 6.229499e+14 195.170218
950 6.230000e+14 177.067172
951 6.230500e+14 181.163084
952 6.231001e+14 194.583397
953 6.231501e+14 176.668140
954 6.232002e+14 188.246253
955 6.232502e+14 177.116390
956 6.233003e+14 189.628551
957 6.233503e+14 198.042793
958 6.234004e+14 178.196841
959 6.234504e+14 186.714586
960 6.235005e+14 190.668225
961 6.235505e+14 186.732684
962 6.236006e+14 187.094773
963 6.236506e+14 189.869588
964 6.237007e+14 189.403853
965 6.237507e+14 184.653120
966 6.238008e+14 183.114990
967 6.238508e+14 187.386750
968 6.239009e+14 189.182114
969 6.239509e+14 197.101874
970 6.240010e+14 197.311030
971 6.240510e+14 181.001390
972 6.241011e+14 188.687812
973 6.241511e+14 196.502791
974 6.242012e+14 184.309116
975 6.242512e+14 186.748292
976 6.243013e+14 188.714804
977 6.243513e+14 192.574191
978 6.244014e+14 195.021846
979 6.244514e+14 186.388182
980 6.245015e+14 185.882886
981 6.245515e+14 191.195204
982 6.246016e+14 189.528240
983 6.246516e+14 191.190501
984 6.247017e+14 185.879102
985 6.247517e+14 194.308490
986 6.248018e+14 189.071539
987 6.248518e+14 175.742393
988 6.249019e+14 186.761716
989 6.249519e+14 187.408773
990 6.250020e+14 197.294898
991 6.250520e+14 188.681090
992 6.251021e+14 193.381409
993 6.251521e+14 184.088046
994 6.252022e+14 193.316479
995 6.252522e+14 194.424151
996 6.253023e+14 188.591947
997 6.253523e+14 182.702184
998 6.254024e+14 186.406982
999 6.254524e+14 196.947110
