# Date: 19/07/01, Author: E.Hubble
# First column is index, second column is frequency (Hz), third column is spectra (A.U.)
0 5.610621e+14 130.406027
1 5.611121e+14 133.012092
2 5.611622e+14 129.055894
3 5.612122e+14 129.548062
4 5.612623e+14 121.027730
5 5.613123e+14 138.203192
6 5.613624e+14 128.486528
7 5.614124e+14 130.298050
8 5.614625e+14 122.644784
9 5.615125e+14 130.687394
10 5.615626e+14 137.095286
11 5.616126e+14 126.228991
12 5.616627e+14 128.791659
13 5.617127e+14 117.680462
14 5.617628e+14 123.804130
15 5.618128e+14 124.267595
16 5.618629e+14 128.687988
17 5.619129e+14 132.472284
18 5.619630e+14 124.591411
19 5.620130e+14 126.471511
20 5.620631e+14 120.168102
21 5.621131e+14 119.832879
22 5.621632e+14 126.962074
23 5.622132e+14 126.955772
24 5.622633e+14 121.812840
25 5.623133e+14 128.424510
26 5.623634e+14 135.116938
27 5.624134e+14 127.815237
28 5.624635e+14 136.685163
29 5.625135e+14 129.560861
30 5.625636e+14 130.457788
31 5.626136e+14 119.912397
32 5.626637e+14 125.023367
33 5.627137e+14 131.244572
34 5.627638e+14 129.126225
35 5.628138e+14 125.098617
36 5.628639e+14 118.724760
37 5.629139e+14 139.974743
38 5.629640e+14 133.454510
39 5.630140e+14 116.808673
40 5.630641e+14 139.487915
41 5.631141e+14 126.545256
42 5.631642e+14 132.009213
43 5.632142e+14 125.334314
44 5.632643e+14 121.669585
45 5.633143e+14 130.308436
46 5.633644e+14 136.147062
47 5.634144e+14 134.640534
48 5.634645e+14 117.186040
49 5.635145e+14 123.765703
50 5.635646e+14 124.658112
51 5.636146e+14 139.628437
52 5.636647e+14 118.024710
53 5.637147e+14 124.784493
54 5.637648e+14 123.968019
55 5.638148e+14 127.902774
56 5.638649e+14 132.320954
57 5.639149e+14 139.164448
58 5.639650e+14 117.532045
59 5.640150e+14 127.299574
60 5.640651e+14 128.785610
61 5.641151e+14 137.794320
62 5.641652e+14 131.857510
63 5.642152e+14 125.070600
64 5.642653e+14 126.341210
65 5.643153e+14 122.843998
66 5.643654e+14 126.743270
67 5.644154e+14 116.103912
68 5.644655e+14 119.035676
69 5.645155e+14 125.117511
70 5.645656e+14 121.106591
71 5.646156e+14 134.894143
72 5.646657e+14 133.958984
73 5.647157e+14 126.427940
74 5.647658e+14 125.297070
75 5.648158e+14 125.148491
76 5.648659e+14 128.146703
77 5.649159e+14 129.115303
78 5.649660e+14 136.742579
79 5.650160e+14 135.383972
80 5.650661e+14 129.644756
81 5.651161e+14 134.290251
82 5.651662e+14 129.567051
83 5.652162e+14 125.572421
84 5.652663e+14 132.404045
85 5.653163e+14 132.677865
86 5.653664e+14 134.232835
87 5.654164e+14 118.958281
88 5.654665e+14 138.197442
89 5.655165e+14 114.456057
90 5.655666e+14 127.004788
91 5.656166e+14 129.119640
92 5.656667e+14 117.525893
93 5.657167e+14 131.678325
94 5.657668e+14 127.031598
95 5.658168e+14 136.532237
96 5.658669e+14 141.148034
97 5.659169e+14 133.849222
98 5.659670e+14 130.709424
99 5.660170e+14 132.182939
100 5.660671e+14 113.778347
101 5.661171e+14 118.487436
102 5.661672e+14 127.422828
103 5.662172e+14 137.749839
104 5.662673e+14 126.908855
105 5.663173e+14 128.605977
106 5.663674e+14 125.773441
107 5.664174e+14 122.538883
108 5.664675e+14 123.767807
109 5.665175e+14 124.124864
110 5.665676e+14 127.418778
111 5.666176e+14 117.187611
112 5.666677e+14 133.773041
113 5.667177e+14 134.067425
114 5.667678e+14 130.124609
115 5.668178e+14 125.218457
116 5.668679e+14 125.343875
117 5.669179e+14 130.787313
118 5.669680e+14 122.980731
119 5.670180e+14 129.492178
120 5.670681e+14 128.423447
121 5.671181e+14 133.322235
122 5.671682e+14 125.522630
123 5.672182e+14 128.026414
124 5.672683e+14 128.188475
125 5.673183e+14 114.791505
126 5.673684e+14 125.242256
127 5.674184e+14 135.881860
128 5.674685e+14 131.410999
129 5.675185e+14 122.785565
130 5.675686e+14 136.261415
131 5.676186e+14 122.298851
132 5.676687e+14 120.090661
133 5.677187e+14 132.134054
134 5.677688e+14 131.629427
135 5.678188e+14 132.493670
136 5.678689e+14 135.202304
137 5.679189e+14 122.916199
138 5.679690e+14 118.787056
139 5.680190e+14 132.012851
140 5.680691e+14 123.608369
141 5.681191e+14 135.118489
142 5.681692e+14 129.320366
143 5.682192e+14 124.754461
144 5.682693e+14 118.521484
145 5.683193e+14 126.767269
146 5.683694e+14 131.731423
147 5.684194e+14 118.426835
148 5.684695e+14 127.845542
149 5.685195e+14 130.744927
150 5.685696e+14 126.903364
151 5.686196e+14 137.014487
152 5.686697e+14 127.254174
153 5.687197e+14 127.802052
154 5.687698e+14 123.043969
155 5.688198e+14 135.293202
156 5.688699e+14 136.612827
157 5.689199e+14 131.719850
158 5.689700e+14 119.873077
159 5.690200e+14 132.184300
160 5.690701e+14 130.272708
161 5.691201e+14 131.209834
162 5.691702e+14 134.701978
163 5.692202e+14 133.293631
164 5.692703e+14 128.514596
165 5.693203e+14 119.078256
166 5.693704e+14 127.809770
167 5.694204e+14 132.071945
168 5.694705e+14 125.543850
169 5.695205e+14 129.551943
170 5.695706e+14 132.969755
171 5.696206e+14 132.962354
172 5.696707e+14 122.240613
173 5.697207e+14 132.243805
174 5.697708e+14 127.017791
175 5.698208e+14 126.432215
176 5.698709e+14 121.643445
177 5.699209e+14 129.500086
178 5.699710e+14 124.105663
179 5.700210e+14 132.356752
180 5.700711e+14 132.394781
181 5.701211e+14 135.159505
182 5.701712e+14 125.542232
183 5.702212e+14 120.579681
184 5.702713e+14 117.712460
185 5.703213e+14 118.695555
186 5.703714e+14 132.627758
187 5.704214e+14 127.246667
188 5.704715e+14 126.391328
189 5.705215e+14 118.535854
190 5.705716e+14 135.543607
191 5.706216e+14 126.326633
192 5.706717e+14 121.205584
193 5.707217e+14 122.064844
194 5.707718e+14 131.851454
195 5.708218e+14 112.003073
196 5.708719e+14 129.698741
197 5.709219e+14 132.599581
198 5.709720e+14 127.273530
199 5.710220e+14 122.027382
200 5.710721e+14 131.841449
201 5.711221e+14 123.723489
202 5.711722e+14 122.252578
203 5.712222e+14 125.138811
204 5.712723e+14 125.030918
205 5.713223e+14 123.521217
206 5.713724e+14 129.112302
207 5.714225e+14 121.472683
208 5.714725e+14 124.980879
209 5.715226e+14 134.496818
210 5.715726e+14 126.195218
211 5.716227e+14 121.382316
212 5.716727e+14 127.326228
213 5.717228e+14 120.878328
214 5.717728e+14 126.650634
215 5.718229e+14 127.085516
216 5.718729e+14 120.650654
217 5.719230e+14 119.224218
218 5.719730e+14 121.429292
219 5.720231e+14 124.051514
220 5.720731e+14 123.348792
221 5.721232e+14 122.197519
222 5.721732e+14 128.233811
223 5.722233e+14 135.588541
224 5.722733e+14 128.057681
225 5.723234e+14 120.715669
226 5.723734e+14 136.880356
227 5.724235e+14 125.498282
228 5.724735e+14 131.823747
229 5.725236e+14 120.552018
230 5.725736e+14 134.078830
231 5.726237e+14 116.442160
232 5.726737e+14 121.584933
233 5.727238e+14 135.686709
234 5.727738e+14 135.913262
235 5.728239e+14 130.254189
236 5.728739e+14 123.813393
237 5.729240e+14 117.878451
238 5.729740e+14 128.991873
239 5.730241e+14 133.438721
240 5.730741e+14 137.803937
241 5.731242e+14 120.321313
242 5.731742e+14 131.558830
243 5.732243e+14 129.886200
244 5.732743e+14 131.399593
245 5.733244e+14 128.523956
246 5.733744e+14 120.296381
247 5.734245e+14 127.133630
248 5.734745e+14 121.051255
249 5.735246e+14 127.218521
250 5.735746e+14 123.300583
251 5.736247e+14 127.303911
252 5.736747e+14 129.350034
253 5.737248e+14 129.791622
254 5.737748e+14 131.997818
255 5.738249e+14 134.439677
256 5.738749e+14 124.104108
257 5.739250e+14 134.520203
258 5.739750e+14 139.409796
259 5.740251e+14 119.083061
260 5.740751e+14 126.204352
261 5.741252e+14 119.034941
262 5.741752e+14 121.280541
263 5.742253e+14 121.532563
264 5.742753e+14 124.827945
265 5.743254e+14 131.313544
266 5.743754e+14 125.581031
267 5.744255e+14 117.648014
268 5.744755e+14 119.606726
269 5.745256e+14 133.529503
270 5.745756e+14 137.198916
271 5.746257e+14 126.371955
272 5.746757e+14 131.018959
273 5.747258e+14 132.088168
274 5.747758e+14 121.777857
275 5.748259e+14 127.830916
276 5.748759e+14 137.320308
277 5.749260e+14 122.871525
278 5.749760e+14 128.723626
279 5.750261e+14 129.103119
280 5.750761e+14 121.635138
281 5.751262e+14 123.434796
282 5.751762e+14 119.252187
283 5.752263e+14 130.028620
284 5.752763e+14 131.990779
285 5.753264e+14 133.497830
286 5.753764e+14 131.091214
287 5.754265e+14 140.911821
288 5.754765e+14 127.238599
289 5.755266e+14 119.074008
290 5.755766e+14 135.697894
291 5.756267e+14 116.735669
292 5.756767e+14 131.574037
293 5.757268e+14 127.413208
294 5.757768e+14 119.085862
295 5.758269e+14 131.889511
296 5.758769e+14 127.415152
297 5.759270e+14 130.574793
298 5.759770e+14 131.758822
299 5.760271e+14 119.238972
300 5.760771e+14 130.521942
301 5.761272e+14 129.211629
302 5.761772e+14 129.434675
303 5.762273e+14 128.787319
304 5.762773e+14 130.294303
305 5.763274e+14 125.536982
306 5.763774e+14 134.603362
307 5.764275e+14 134.650035
308 5.764775e+14 137.049155
309 5.765276e+14 134.970300
310 5.765776e+14 121.871831
311 5.766277e+14 138.217007
312 5.766777e+14 128.355164
313 5.767278e+14 124.062020
314 5.767778e+14 132.278561
315 5.768279e+14 131.055115
316 5.768779e+14 143.257729
317 5.769280e+14 135.383247
318 5.769780e+14 134.462547
319 5.770281e+14 143.163541
320 5.770781e+14 126.391942
321 5.771282e+14 123.575932
322 5.771782e+14 117.654272
323 5.772283e+14 130.244679
324 5.772783e+14 132.777653
325 5.773284e+14 130.465840
326 5.773784e+14 130.192083
327 5.774285e+14 127.035928
328 5.774785e+14 126.818072
329 5.775286e+14 126.861872
330 5.775786e+14 121.530363
331 5.776287e+14 126.031274
332 5.776787e+14 120.312303
333 5.777288e+14 132.874434
334 5.777788e+14 127.864176
335 5.778289e+14 121.598715
336 5.778789e+14 133.739856
337 5.779290e+14 126.674448
338 5.779790e+14 126.388703
339 5.780291e+14 119.518501
340 5.780791e+14 130.075014
341 5.781292e+14 143.880745
342 5.781792e+14 131.925353
343 5.782293e+14 129.585560
344 5.782793e+14 124.878334
345 5.783294e+14 123.113768
346 5.783794e+14 129.021696
347 5.784295e+14 129.189060
348 5.784795e+14 122.361635
349 5.785296e+14 118.538287
350 5.785796e+14 137.179587
351 5.786297e+14 129.414322
352 5.786797e+14 128.417262
353 5.787298e+14 128.401568
354 5.787798e+14 132.388579
355 5.788299e+14 129.242118
356 5.788799e+14 134.591925
357 5.789300e+14 131.080923
358 5.789800e+14 124.325017
359 5.790301e+14 125.030523
360 5.790801e+14 123.407949
361 5.791302e+14 123.344932
362 5.791802e+14 137.022412
363 5.792303e+14 126.132223
364 5.792803e+14 129.417828
365 5.793304e+14 125.205003
366 5.793804e+14 137.029968
367 5.794305e+14 129.589152
368 5.794805e+14 125.219116
369 5.795306e+14 123.851638
370 5.795806e+14 124.755404
371 5.796307e+14 118.787785
372 5.796807e+14 126.034284
373 5.797308e+14 127.929459
374 5.797808e+14 125.760822
375 5.798309e+14 123.393181
376 5.798809e+14 129.832150
377 5.799310e+14 127.358886
378 5.799810e+14 128.111235
379 5.800311e+14 128.635042
380 5.800811e+14 136.512670
381 5.801312e+14 131.887867
382 5.801812e+14 127.845459
383 5.802313e+14 125.266296
384 5.802813e+14 133.590847
385 5.803314e+14 133.808562
386 5.803814e+14 124.034279
387 5.804315e+14 128.980989
388 5.804815e+14 124.801624
389 5.805316e+14 129.568901
390 5.805816e+14 122.277999
391 5.806317e+14 127.487938
392 5.806817e+14 134.320397
393 5.807318e+14 124.675649
394 5.807818e+14 129.245254
395 5.808319e+14 127.447473
396 5.808819e+14 129.209206
397 5.809320e+14 124.170912
398 5.809820e+14 139.906484
399 5.810321e+14 133.011831
400 5.810821e+14 124.631578
401 5.811322e+14 121.482249
402 5.811822e+14 129.259968
403 5.812323e+14 128.037548
404 5.812823e+14 130.708778
405 5.813324e+14 120.031102
406 5.813824e+14 127.623772
407 5.814325e+14 124.701081
408 5.814825e+14 128.371034
409 5.815326e+14 125.387544
410 5.815826e+14 124.692633
411 5.816327e+14 127.889829
412 5.816827e+14 122.699532
413 5.817328e+14 131.280717
414 5.817828e+14 129.878625
415 5.818329e+14 140.902330
416 5.818829e+14 139.838501
417 5.819330e+14 127.910461
418 5.819830e+14 133.706933
419 5.820331e+14 138.543000
420 5.820831e+14 142.481189
421 5.821332e+14 127.800314
422 5.821832e+14 128.272371
423 5.822333e+14 141.171725
424 5.822833e+14 120.121989
425 5.823334e+14 132.918622
426 5.823834e+14 127.368075
427 5.824335e+14 136.776884
428 5.824835e+14 122.438445
429 5.825336e+14 133.604246
430 5.825836e+14 133.606383
431 5.826337e+14 127.801236
432 5.826837e+14 123.082720
433 5.827338e+14 128.023300
434 5.827838e+14 123.303484
435 5.828339e+14 133.437692
436 5.828839e+14 140.278446
437 5.829340e+14 133.443099
438 5.829840e+14 126.664085
439 5.830341e+14 131.113029
440 5.830841e+14 128.022299
441 5.831342e+14 117.030663
442 5.831842e+14 123.421621
443 5.832343e+14 134.464484
444 5.832843e+14 140.229663
445 5.833344e+14 129.540964
446 5.833844e+14 120.031910
447 5.834345e+14 128.671405
448 5.834845e+14 133.295766
449 5.835346e+14 126.524939
450 5.835846e+14 130.746716
451 5.836347e+14 124.062297
452 5.836847e+14 133.014557
453 5.837348e+14 135.587714
454 5.837848e+14 138.160395
455 5.838349e+14 134.978069
456 5.838849e+14 126.220909
457 5.839350e+14 130.744567
458 5.839850e+14 130.497101
459 5.840351e+14 135.646983
460 5.840851e+14 129.000265
461 5.841352e+14 125.573933
462 5.841852e+14 142.231341
463 5.842353e+14 135.021328
464 5.842853e+14 133.567643
465 5.843354e+14 130.754666
466 5.843854e+14 133.397728
467 5.844355e+14 123.305782
468 5.844855e+14 138.248823
469 5.845356e+14 137.300837
470 5.845856e+14 137.595959
471 5.846357e+14 127.157635
472 5.846857e+14 138.284345
473 5.847358e+14 131.798725
474 5.847858e+14 136.689939
475 5.848359e+14 142.211348
476 5.848859e+14 131.869698
477 5.849360e+14 126.531239
478 5.849860e+14 134.510966
479 5.850361e+14 135.985808
480 5.850861e+14 141.950292
481 5.851362e+14 143.313424
482 5.851862e+14 130.569182
483 5.852363e+14 132.401982
484 5.852863e+14 129.594568
485 5.853364e+14 136.939353
486 5.853864e+14 137.147064
487 5.854365e+14 127.913783
488 5.854865e+14 138.888146
489 5.855366e+14 132.236167
490 5.855866e+14 130.969463
491 5.856367e+14 132.955745
492 5.856867e+14 133.714672
493 5.857368e+14 129.414725
494 5.857868e+14 134.102569
495 5.858369e+14 136.662703
496 5.858869e+14 137.441357
497 5.859370e+14 142.720652
498 5.859870e+14 143.493843
499 5.860371e+14 133.983357
500 5.860871e+14 132.496245
501 5.861372e+14 139.132309
502 5.861872e+14 131.735508
503 5.862373e+14 136.583347
504 5.862873e+14 128.868524
505 5.863374e+14 129.584060
506 5.863874e+14 141.249747
507 5.864375e+14 142.490047
508 5.864875e+14 134.456602
509 5.865376e+14 143.423519
510 5.865876e+14 140.342251
511 5.866377e+14 141.306643
512 5.866877e+14 137.246855
513 5.867378e+14 135.110571
514 5.867878e+14 146.872697
515 5.868379e+14 134.894962
516 5.868879e+14 141.005990
517 5.869380e+14 137.927225
518 5.869880e+14 135.131317
519 5.870381e+14 138.998016
520 5.870881e+14 133.696526
521 5.871382e+14 146.770213
522 5.871882e+14 142.247506
523 5.872383e+14 135.474520
524 5.872883e+14 136.089264
525 5.873384e+14 152.228923
526 5.873884e+14 128.796807
527 5.874385e+14 144.761941
528 5.874885e+14 135.904469
529 5.875386e+14 137.948407
530 5.875886e+14 148.852226
531 5.876387e+14 144.844407
532 5.876887e+14 138.781254
533 5.877388e+14 149.607917
534 5.877888e+14 135.874636
535 5.878389e+14 137.812915
536 5.878889e+14 148.480383
537 5.879390e+14 148.280332
538 5.879890e+14 146.399025
539 5.880391e+14 152.864266
540 5.880891e+14 149.129611
541 5.881392e+14 146.157703
542 5.881892e+14 140.408486
543 5.882393e+14 148.919563
544 5.882893e+14 148.448521
545 5.883394e+14 148.710457
546 5.883894e+14 138.159467
547 5.884395e+14 152.151697
548 5.884895e+14 141.012669
549 5.885396e+14 148.948119
550 5.885896e+14 146.612244
551 5.886397e+14 141.996291
552 5.886897e+14 150.217906
553 5.887398e+14 159.064969
554 5.887898e+14 145.948934
555 5.888399e+14 152.652259
556 5.888899e+14 145.422275
557 5.889400e+14 141.810625
558 5.889900e+14 137.847009
559 5.890401e+14 143.222700
560 5.890901e+14 149.129447
561 5.891402e+14 149.829877
562 5.891902e+14 160.196151
563 5.892403e+14 146.214461
564 5.892903e+14 149.930563
565 5.893404e+14 145.354457
566 5.893904e+14 150.839991
567 5.894405e+14 156.615495
568 5.894905e+14 142.210409
569 5.895406e+14 145.613454
570 5.895906e+14 160.334922
571 5.896407e+14 152.830533
572 5.896907e+14 155.179283
573 5.897408e+14 151.277630
574 5.897908e+14 149.444980
575 5.898409e+14 153.794751
576 5.898909e+14 153.419815
577 5.899410e+14 155.025375
578 5.899910e+14 151.301383
579 5.900411e+14 140.333106
580 5.900911e+14 155.020134
581 5.901412e+14 151.150736
582 5.901912e+14 152.052859
583 5.902413e+14 143.142342
584 5.902913e+14 145.865354
585 5.903414e+14 145.022637
586 5.903914e+14 154.447691
587 5.904415e+14 154.524283
588 5.904915e+14 169.486091
589 5.905416e+14 153.497537
590 5.905916e+14 135.908036
591 5.906417e+14 149.035529
592 5.906917e+14 149.045427
593 5.907418e+14 159.047214
594 5.907918e+14 153.847042
595 5.908419e+14 148.236116
596 5.908919e+14 151.660186
597 5.909420e+14 155.309413
598 5.909920e+14 157.797472
599 5.910421e+14 156.200349
600 5.910921e+14 159.342535
601 5.911422e+14 153.693858
602 5.911922e+14 139.308373
603 5.912423e+14 145.095117
604 5.912923e+14 160.313763
605 5.913424e+14 172.186040
606 5.913924e+14 148.641736
607 5.914425e+14 152.455886
608 5.914925e+14 151.360351
609 5.915426e+14 158.606790
610 5.915926e+14 141.298849
611 5.916427e+14 156.421319
612 5.916927e+14 155.466844
613 5.917428e+14 158.887010
614 5.917928e+14 148.824648
615 5.918429e+14 161.949568
616 5.918929e+14 146.785120
617 5.919430e+14 144.374230
618 5.919930e+14 147.357380
619 5.920431e+14 162.234328
620 5.920931e+14 150.505677
621 5.921432e+14 158.663649
622 5.921932e+14 158.580895
623 5.922433e+14 150.825671
624 5.922933e+14 149.552453
625 5.923434e+14 154.444128
626 5.923934e+14 154.960084
627 5.924435e+14 158.436221
628 5.924935e+14 151.904850
629 5.925436e+14 151.944757
630 5.925936e+14 161.311417
631 5.926437e+14 152.597087
632 5.926937e+14 157.570865
633 5.927438e+14 142.414286
634 5.927938e+14 149.316492
635 5.928439e+14 155.775926
636 5.928939e+14 148.596684
637 5.929440e+14 147.841895
638 5.929940e+14 150.474490
639 5.930441e+14 155.031381
640 5.930941e+14 144.799477
641 5.931442e+14 153.489614
642 5.931942e+14 148.832072
643 5.932443e+14 152.171328
644 5.932943e+14 156.225578
645 5.933444e+14 144.399369
646 5.933944e+14 152.106924
647 5.934445e+14 143.493944
648 5.934945e+14 147.349649
649 5.935446e+14 144.296880
650 5.935946e+14 158.401509
651 5.936447e+14 159.529381
652 5.936947e+14 152.872735
653 5.937448e+14 157.958476
654 5.937948e+14 150.638176
655 5.938449e+14 149.223723
656 5.938949e+14 146.420800
657 5.939450e+14 140.510114
658 5.939950e+14 147.639894
659 5.940451e+14 144.934256
660 5.940951e+14 152.097034
661 5.941452e+14 145.379779
662 5.941952e+14 138.319954
663 5.942453e+14 133.743684
664 5.942953e+14 150.795657
665 5.943454e+14 145.244082
666 5.943954e+14 139.877982
667 5.944455e+14 158.538858
668 5.944955e+14 143.460586
669 5.945456e+14 145.408785
670 5.945956e+14 152.061312
671 5.946457e+14 141.544747
672 5.946957e+14 144.707950
673 5.947458e+14 143.749100
674 5.947958e+14 141.662040
675 5.948459e+14 149.637712
676 5.948959e+14 139.274101
677 5.949460e+14 142.623057
678 5.949960e+14 148.032811
679 5.950461e+14 140.857092
680 5.950961e+14 137.197248
681 5.951462e+14 148.688988
682 5.951962e+14 143.092863
683 5.952463e+14 129.652771
684 5.952963e+14 148.523818
685 5.953464e+14 144.896689
686 5.953964e+14 146.978408
687 5.954465e+14 148.547895
688 5.954965e+14 143.937842
689 5.955466e+14 140.384930
690 5.955966e+14 141.243924
691 5.956467e+14 141.920673
692 5.956967e+14 141.129889
693 5.957468e+14 134.008465
694 5.957968e+14 149.491004
695 5.958469e+14 136.948422
696 5.958969e+14 137.656010
697 5.959470e+14 137.410596
698 5.959970e+14 138.727852
699 5.960471e+14 143.649414
700 5.960971e+14 146.030266
701 5.961472e+14 133.955583
702 5.961972e+14 137.205593
703 5.962473e+14 135.197551
704 5.962973e+14 140.245224
705 5.963474e+14 145.397093
706 5.963974e+14 144.961296
707 5.964475e+14 143.212031
708 5.964975e+14 130.129519
709 5.965476e+14 136.359861
710 5.965976e+14 137.381341
711 5.966477e+14 137.795726
712 5.966977e+14 133.609397
713 5.967478e+14 134.749446
714 5.967978e+14 130.979452
715 5.968479e+14 131.699365
716 5.968979e+14 140.709116
717 5.969480e+14 138.363619
718 5.969980e+14 124.211835
719 5.970481e+14 127.039552
720 5.970981e+14 131.265809
721 5.971482e+14 138.801106
722 5.971982e+14 131.739133
723 5.972483e+14 135.050625
724 5.972983e+14 132.048977
725 5.973484e+14 142.127989
726 5.973984e+14 138.513727
727 5.974485e+14 141.101703
728 5.974985e+14 133.056667
729 5.975486e+14 132.591758
730 5.975986e+14 130.467063
731 5.976487e+14 138.214790
732 5.976987e+14 144.332928
733 5.977488e+14 130.166546
734 5.977988e+14 130.410139
735 5.978489e+14 135.567474
736 5.978989e+14 122.896618
737 5.979490e+14 123.232212
738 5.979990e+14 128.098745
739 5.980491e+14 128.904357
740 5.980991e+14 125.509347
741 5.981492e+14 128.701933
742 5.981992e+14 136.966819
743 5.982493e+14 123.613608
744 5.982993e+14 135.084371
745 5.983494e+14 129.136322
746 5.983994e+14 133.863102
747 5.984495e+14 133.939135
748 5.984995e+14 139.902099
749 5.985496e+14 132.680638
750 5.985996e+14 134.428723
751 5.986497e+14 130.343627
752 5.986997e+14 137.192742
753 5.987498e+14 124.490096
754 5.987998e+14 131.980588
755 5.988499e+14 134.851627
756 5.988999e+14 140.480849
757 5.989500e+14 120.043352
758 5.990000e+14 134.534569
759 5.990501e+14 130.001223
760 5.991001e+14 138.814484
761 5.991502e+14 128.965180
762 5.992002e+14 130.373289
763 5.992503e+14 127.614484
764 5.993003e+14 128.903462
765 5.993504e+14 129.127554
766 5.994004e+14 128.721393
767 5.994505e+14 124.251932
768 5.995005e+14 140.532806
769 5.995506e+14 117.713893
770 5.996006e+14 123.903784
771 5.996507e+14 143.274892
772 5.997007e+14 130.310335
773 5.997508e+14 134.354618
774 5.998008e+14 120.612584
775 5.998509e+14 116.155571
776 5.999009e+14 132.126397
777 5.999510e+14 130.804007
778 6.000010e+14 126.308979
779 6.000511e+14 120.235510
780 6.001011e+14 123.707434
781 6.001512e+14 135.589541
782 6.002012e+14 125.248944
783 6.002513e+14 122.909687
784 6.003013e+14 129.634735
785 6.003514e+14 129.651269
786 6.004014e+14 135.830084
787 6.004515e+14 129.385606
788 6.005015e+14 124.760331
789 6.005516e+14 125.364798
790 6.006016e+14 129.075444
791 6.006517e+14 136.572823
792 6.007017e+14 136.011728
793 6.007518e+14 137.548373
794 6.008018e+14 131.298562
795 6.008519e+14 129.828884
796 6.009019e+14 130.402900
797 6.009520e+14 131.417226
798 6.010020e+14 134.676876
799 6.010521e+14 122.649173
800 6.011021e+14 132.773476
801 6.011522e+14 140.415973
802 6.012022e+14 131.100906
803 6.012523e+14 120.924310
804 6.013023e+14 117.013483
805 6.013524e+14 131.329095
806 6.014024e+14 123.156635
807 6.014525e+14 132.429428
808 6.015025e+14 132.685856
809 6.015526e+14 122.453652
810 6.016026e+14 135.858091
811 6.016527e+14 125.119427
812 6.017027e+14 124.046057
813 6.017528e+14 131.117188
814 6.018028e+14 130.906239
815 6.018529e+14 128.360551
816 6.019029e+14 129.160425
817 6.019530e+14 128.749600
818 6.020030e+14 125.075614
819 6.020531e+14 132.026270
820 6.021031e+14 127.457731
821 6.021532e+14 131.519008
822 6.022032e+14 132.112169
823 6.022533e+14 138.416636
824 6.023033e+14 134.818634
825 6.023534e+14 136.657043
826 6.024034e+14 128.618069
827 6.024535e+14 127.854805
828 6.025035e+14 132.407664
829 6.025536e+14 134.570350
830 6.026036e+14 124.690032
831 6.026537e+14 130.921450
832 6.027037e+14 130.952796
833 6.027538e+14 132.980543
834 6.028038e+14 126.104308
835 6.028539e+14 119.274977
836 6.029039e+14 138.253090
837 6.029540e+14 134.188057
838 6.030040e+14 134.268347
839 6.030541e+14 140.925706
840 6.031041e+14 131.590141
841 6.031542e+14 124.241612
842 6.032042e+14 132.222689
843 6.032543e+14 128.065436
844 6.033043e+14 126.026922
845 6.033544e+14 131.934921
846 6.034044e+14 130.831701
847 6.034545e+14 124.409123
848 6.035045e+14 128.192229
849 6.035546e+14 125.807612
850 6.036046e+14 129.033366
851 6.036547e+14 118.102880
852 6.037047e+14 136.399757
853 6.037548e+14 129.650116
854 6.038048e+14 124.733433
855 6.038549e+14 127.908999
856 6.039049e+14 132.618815
857 6.039550e+14 134.791108
858 6.040050e+14 133.682247
859 6.040551e+14 131.995477
860 6.041051e+14 135.789017
861 6.041552e+14 134.300394
862 6.042052e+14 113.600777
863 6.042553e+14 127.470586
864 6.043053e+14 127.346751
865 6.043554e+14 118.012596
866 6.044054e+14 125.475154
867 6.044555e+14 132.366479
868 6.045055e+14 132.626412
869 6.045556e+14 133.107031
870 6.046056e+14 122.449928
871 6.046557e+14 121.618020
872 6.047057e+14 128.912440
873 6.047558e+14 130.476342
874 6.048058e+14 132.284051
875 6.048559e+14 125.227112
876 6.049059e+14 135.645080
877 6.049560e+14 134.429425
878 6.050060e+14 135.899811
879 6.050561e+14 138.515559
880 6.051061e+14 138.745565
881 6.051562e+14 139.374270
882 6.052062e+14 133.180822
883 6.052563e+14 125.844455
884 6.053063e+14 129.533799
885 6.053564e+14 123.843112
886 6.054064e+14 131.175099
887 6.054565e+14 137.668185
888 6.055065e+14 130.289150
889 6.055566e+14 120.997179
890 6.056066e+14 133.669301
891 6.056567e+14 118.783617
892 6.057067e+14 134.443003
893 6.057568e+14 125.597719
894 6.058068e+14 124.365177
895 6.058569e+14 137.621692
896 6.059069e+14 143.975049
897 6.059570e+14 139.508921
898 6.060070e+14 128.668247
899 6.060571e+14 134.262453
900 6.061071e+14 141.892737
901 6.061572e+14 134.251466
902 6.062072e+14 134.288660
903 6.062573e+14 133.099857
904 6.063073e+14 142.325539
905 6.063574e+14 127.713400
906 6.064074e+14 134.963739
907 6.064575e+14 117.678838
908 6.065075e+14 131.108848
909 6.065576e+14 140.011676
910 6.066076e+14 123.036491
911 6.066577e+14 138.002559
912 6.067077e+14 135.473393
913 6.067578e+14 130.307111
914 6.068078e+14 127.078584
915 6.068579e+14 123.312120
916 6.069079e+14 130.456127
917 6.069580e+14 116.913121
918 6.070080e+14 128.668241
919 6.070581e+14 119.407212
920 6.071081e+14 136.325617
921 6.071582e+14 136.659491
922 6.072082e+14 124.352774
923 6.072583e+14 120.349545
924 6.073083e+14 125.780749
925 6.073584e+14 125.672062
926 6.074084e+14 132.883592
927 6.074585e+14 123.853181
928 6.075085e+14 137.728411
929 6.075586e+14 122.948493
930 6.076086e+14 129.810595
931 6.076587e+14 125.057529
932 6.077087e+14 130.493628
933 6.077588e+14 128.889296
934 6.078088e+14 139.211166
935 6.078589e+14 126.903128
936 6.079089e+14 138.960420
937 6.079590e+14 133.041140
938 6.080090e+14 123.333646
939 6.080591e+14 129.628196
940 6.081091e+14 131.003567
941 6.081592e+14 129.617742
942 6.082092e+14 122.088089
943 6.082593e+14 126.182549
944 6.083093e+14 134.450085
945 6.083594e+14 131.473155
946 6.084094e+14 133.470382
947 6.084595e+14 125.448852
948 6.085095e+14 139.139867
949 6.085596e+14 139.282822
950 6.086096e+14 146.165337
951 6.086597e+14 132.236788
952 6.087097e+14 139.907163
953 6.087598e+14 130.035187
954 6.088098e+14 129.116391
955 6.088599e+14 137.234541
956 6.089099e+14 129.468708
957 6.089600e+14 119.503697
958 6.090100e+14 131.783223
959 6.090601e+14 126.495933
960 6.091101e+14 129.608131
961 6.091602e+14 125.926198
962 6.092102e+14 126.837603
963 6.092603e+14 136.749006
964 6.093103e+14 129.174150
965 6.093604e+14 138.213825
966 6.094104e+14 131.283560
967 6.094605e+14 140.787426
968 6.095105e+14 131.283818
969 6.095606e+14 118.303069
970 6.096106e+14 122.936716
971 6.096607e+14 135.161794
972 6.097107e+14 124.235738
973 6.097608e+14 129.996830
974 6.098108e+14 126.701199
975 6.098609e+14 119.544661
976 6.099109e+14 125.532473
977 6.099610e+14 132.235416
978 6.100110e+14 127.411513
979 6.100611e+14 135.923140
980 6.101111e+14 125.416291
981 6.101612e+14 136.308564
982 6.102112e+14 136.923900
983 6.102613e+14 140.470076
984 6.103113e+14 120.951043
985 6.103614e+14 128.245220
986 6.104114e+14 130.509432
987 6.104615e+14 129.562400
988 6.105115e+14 128.524364
989 6.105616e+14 125.460877
990 6.106116e+14 133.977833
991 6.106617e+14 138.764568
992 6.107117e+14 125.847223
993 6.107618e+14 125.193279
994 6.108118e+14 128.101555
995 6.108619e+14 131.389309
996 6.109119e+14 132.303641
997 6.109620e+14 134.515200
998 6.110120e+14 131.079992
999 6.110621e+14 128.931839
