# Date: 19/07/01, Author: E.Hubble
# First column is index, second column is frequency (Hz), third column is spectra (A.U.)
0 5.734174e+14 109.596890
1 5.734674e+14 121.891894
2 5.735175e+14 116.274066
3 5.735675e+14 125.289592
4 5.736176e+14 113.037256
5 5.736676e+14 122.830840
6 5.737177e+14 115.042341
7 5.737677e+14 119.280515
8 5.738178e+14 116.742428
9 5.738678e+14 134.798527
10 5.739179e+14 122.475574
11 5.739679e+14 110.385714
12 5.740180e+14 111.736794
13 5.740680e+14 117.370050
14 5.741181e+14 106.197038
15 5.741681e+14 96.621155
16 5.742182e+14 111.557619
17 5.742682e+14 117.891494
18 5.743183e+14 130.259815
19 5.743683e+14 122.267258
20 5.744184e+14 111.605929
21 5.744684e+14 115.058558
22 5.745185e+14 114.746087
23 5.745685e+14 118.458843
24 5.746186e+14 109.638382
25 5.746686e+14 125.477875
26 5.747187e+14 118.128186
27 5.747687e+14 130.139977
28 5.748188e+14 119.530317
29 5.748688e+14 120.421362
30 5.749189e+14 114.096095
31 5.749689e+14 105.932123
32 5.750190e+14 109.612091
33 5.750690e+14 120.214220
34 5.751191e+14 120.450169
35 5.751691e+14 124.772808
36 5.752192e+14 113.062244
37 5.752692e+14 117.756486
38 5.753193e+14 115.422673
39 5.753693e+14 126.634040
40 5.754194e+14 107.277456
41 5.754694e+14 126.451872
42 5.755195e+14 113.711558
43 5.755695e+14 123.995071
44 5.756196e+14 123.473011
45 5.756696e+14 126.822062
46 5.757197e+14 126.118471
47 5.757697e+14 128.723551
48 5.758198e+14 117.737154
49 5.758698e+14 122.972584
50 5.759199e+14 125.751561
51 5.759699e+14 125.283380
52 5.760200e+14 129.474271
53 5.760700e+14 118.605148
54 5.761201e+14 115.339061
55 5.761701e+14 130.170330
56 5.762202e+14 119.195378
57 5.762702e+14 126.426597
58 5.763203e+14 108.005245
59 5.763703e+14 128.090831
60 5.764204e+14 121.325958
61 5.764704e+14 120.278914
62 5.765205e+14 109.778557
63 5.765705e+14 118.792746
64 5.766206e+14 120.002056
65 5.766706e+14 112.588006
66 5.767207e+14 116.972293
67 5.767707e+14 119.682586
68 5.768208e+14 116.362608
69 5.768708e+14 117.798218
70 5.769209e+14 131.677172
71 5.769709e+14 121.808675
72 5.770210e+14 127.525895
73 5.770710e+14 116.386807
74 5.771211e+14 124.334134
75 5.771711e+14 126.815798
76 5.772212e+14 116.953797
77 5.772712e+14 117.447773
78 5.773213e+14 109.060258
79 5.773713e+14 115.836139
80 5.774214e+14 120.457044
81 5.774714e+14 120.576673
82 5.775215e+14 118.350099
83 5.775715e+14 130.103026
84 5.776216e+14 124.543132
85 5.776716e+14 122.381165
86 5.777217e+14 124.539834
87 5.777717e+14 109.263303
88 5.778218e+14 127.138624
89 5.778718e+14 119.364409
90 5.779219e+14 116.072384
91 5.779719e+14 123.350001
92 5.780220e+14 125.299655
93 5.780720e+14 122.588670
94 5.781221e+14 128.483564
95 5.781721e+14 128.086509
96 5.782222e+14 121.714602
97 5.782722e+14 113.927793
98 5.783223e+14 119.791732
99 5.783723e+14 121.577335
100 5.784224e+14 123.304187
101 5.784724e+14 120.560954
102 5.785225e+14 122.150350
103 5.785725e+14 121.395207
104 5.786226e+14 122.254761
105 5.786726e+14 125.300916
106 5.787227e+14 118.906822
107 5.787727e+14 117.344109
108 5.788228e+14 118.150063
109 5.788728e+14 122.110029
110 5.789229e+14 112.151771
111 5.789729e+14 125.854874
112 5.790230e+14 124.396242
113 5.790730e+14 126.409702
114 5.791231e+14 116.332666
115 5.791731e+14 126.123317
116 5.792232e+14 124.100538
117 5.792732e+14 127.389430
118 5.793233e+14 119.930799
119 5.793733e+14 121.914438
120 5.794234e+14 134.185504
121 5.794734e+14 127.111660
122 5.795235e+14 114.770967
123 5.795735e+14 120.859478
124 5.796236e+14 126.042667
125 5.796736e+14 126.424789
126 5.797237e+14 118.221439
127 5.797737e+14 122.671132
128 5.798238e+14 128.427319
129 5.798738e+14 117.953030
130 5.799239e+14 134.489933
131 5.799739e+14 127.204680
132 5.800240e+14 122.072341
133 5.800740e+14 128.415217
134 5.801241e+14 126.144814
135 5.801741e+14 120.885631
136 5.802242e+14 124.387431
137 5.802742e+14 120.376123
138 5.803243e+14 123.509336
139 5.803743e+14 126.586994
140 5.804244e+14 129.256383
141 5.804744e+14 119.891227
142 5.805245e+14 126.788602
143 5.805745e+14 124.383016
144 5.806246e+14 121.851625
145 5.806746e+14 124.475741
146 5.807247e+14 115.433653
147 5.807747e+14 124.501864
148 5.808248e+14 111.230209
149 5.808748e+14 122.865028
150 5.809249e+14 120.379582
151 5.809749e+14 123.689023
152 5.810250e+14 126.999423
153 5.810750e+14 113.943791
154 5.811251e+14 135.124010
155 5.811751e+14 140.120680
156 5.812252e+14 115.970652
157 5.812752e+14 122.733121
158 5.813253e+14 124.499137
159 5.813753e+14 115.351773
160 5.814254e+14 115.617222
161 5.814754e+14 125.259790
162 5.815255e+14 129.990810
163 5.815755e+14 114.763445
164 5.816256e+14 125.653035
165 5.816756e+14 130.383848
166 5.817257e+14 126.287539
167 5.817757e+14 121.212292
168 5.818258e+14 124.675355
169 5.818758e+14 111.240007
170 5.819259e+14 127.178774
171 5.819759e+14 130.666126
172 5.820260e+14 119.641322
173 5.820760e+14 120.094344
174 5.821261e+14 125.762001
175 5.821761e+14 131.233717
176 5.822262e+14 138.552466
177 5.822762e+14 124.321204
178 5.823263e+14 126.758753
179 5.823763e+14 122.768148
180 5.824264e+14 118.209386
181 5.824764e+14 123.683297
182 5.825265e+14 126.833668
183 5.825765e+14 126.067185
184 5.826266e+14 125.184135
185 5.826766e+14 127.274320
186 5.827267e+14 123.852513
187 5.827767e+14 124.365938
188 5.828268e+14 117.984715
189 5.828768e+14 137.424595
190 5.829269e+14 119.018919
191 5.829769e+14 123.061391
192 5.830270e+14 124.017229
193 5.830770e+14 133.502117
194 5.831271e+14 120.129428
195 5.831771e+14 121.576695
196 5.832272e+14 127.692998
197 5.832772e+14 114.046792
198 5.833273e+14 126.531360
199 5.833773e+14 119.573958
200 5.834274e+14 117.744162
201 5.834774e+14 125.876616
202 5.835275e+14 137.585281
203 5.835775e+14 122.734960
204 5.836276e+14 126.704864
205 5.836776e+14 124.073022
206 5.837277e+14 121.711691
207 5.837777e+14 125.205674
208 5.838278e+14 133.076733
209 5.838778e+14 125.289477
210 5.839279e+14 133.542695
211 5.839779e+14 123.876428
212 5.840280e+14 130.541001
213 5.840780e+14 121.171046
214 5.841281e+14 122.288156
215 5.841781e+14 119.125225
216 5.842282e+14 136.010355
217 5.842782e+14 116.770279
218 5.843283e+14 118.513797
219 5.843783e+14 128.639588
220 5.844284e+14 121.479738
221 5.844784e+14 118.255435
222 5.845285e+14 121.441432
223 5.845785e+14 129.699790
224 5.846286e+14 118.653545
225 5.846786e+14 127.383837
226 5.847287e+14 141.329080
227 5.847787e+14 115.721199
228 5.848288e+14 113.994512
229 5.848788e+14 137.485332
230 5.849289e+14 131.316271
231 5.849789e+14 125.995913
232 5.850290e+14 132.494598
233 5.850790e+14 123.784551
234 5.851291e+14 131.273070
235 5.851791e+14 129.284405
236 5.852292e+14 118.220886
237 5.852792e+14 133.815325
238 5.853293e+14 129.484472
239 5.853793e+14 114.583558
240 5.854294e+14 126.240913
241 5.854794e+14 129.560240
242 5.855295e+14 124.327676
243 5.855795e+14 117.453557
244 5.856296e+14 130.348367
245 5.856796e+14 130.010950
246 5.857297e+14 129.313701
247 5.857797e+14 133.703589
248 5.858298e+14 128.233020
249 5.858798e+14 134.313315
250 5.859299e+14 125.052858
251 5.859799e+14 113.506822
252 5.860300e+14 128.219871
253 5.860800e+14 131.682543
254 5.861301e+14 126.477911
255 5.861801e+14 116.886273
256 5.862302e+14 123.941720
257 5.862802e+14 124.482200
258 5.863303e+14 120.654021
259 5.863803e+14 135.567576
260 5.864304e+14 123.866793
261 5.864804e+14 125.487655
262 5.865305e+14 125.885442
263 5.865805e+14 128.464359
264 5.866306e+14 133.487670
265 5.866806e+14 130.782695
266 5.867307e+14 132.942326
267 5.867807e+14 132.079108
268 5.868308e+14 135.057847
269 5.868808e+14 132.642432
270 5.869309e+14 126.488940
271 5.869809e+14 130.111835
272 5.870310e+14 127.370600
273 5.870810e+14 128.480908
274 5.871311e+14 129.688596
275 5.871811e+14 132.309570
276 5.872312e+14 113.133755
277 5.872812e+14 129.985711
278 5.873313e+14 122.418836
279 5.873813e+14 120.104465
280 5.874314e+14 126.633409
281 5.874814e+14 137.813184
282 5.875315e+14 116.168590
283 5.875815e+14 124.131079
284 5.876316e+14 130.948966
285 5.876816e+14 130.039867
286 5.877317e+14 127.904240
287 5.877817e+14 126.026626
288 5.878318e+14 127.754572
289 5.878818e+14 136.741522
290 5.879319e+14 132.220832
291 5.879819e+14 134.315614
292 5.880320e+14 133.743466
293 5.880820e+14 129.261546
294 5.881321e+14 124.604485
295 5.881821e+14 133.609065
296 5.882322e+14 130.930376
297 5.882822e+14 122.674769
298 5.883323e+14 121.951287
299 5.883823e+14 115.425351
300 5.884324e+14 120.909271
301 5.884824e+14 125.588148
302 5.885325e+14 132.607745
303 5.885825e+14 122.015644
304 5.886326e+14 122.803419
305 5.886826e+14 125.703358
306 5.887327e+14 130.374840
307 5.887827e+14 136.756698
308 5.888328e+14 123.576920
309 5.888828e+14 133.383957
310 5.889329e+14 129.453518
311 5.889829e+14 120.139842
312 5.890330e+14 126.852867
313 5.890830e+14 125.287853
314 5.891331e+14 124.702310
315 5.891831e+14 136.156709
316 5.892332e+14 131.402221
317 5.892832e+14 120.347468
318 5.893333e+14 135.291299
319 5.893833e+14 133.848563
320 5.894334e+14 131.356760
321 5.894834e+14 138.736640
322 5.895335e+14 134.163975
323 5.895835e+14 127.777274
324 5.896336e+14 139.601421
325 5.896836e+14 129.748572
326 5.897337e+14 125.546939
327 5.897837e+14 129.322864
328 5.898338e+14 130.997138
329 5.898838e+14 124.692849
330 5.899339e+14 124.922518
331 5.899839e+14 123.869761
332 5.900340e+14 127.623503
333 5.900840e+14 127.624641
334 5.901341e+14 129.644194
335 5.901841e+14 129.865234
336 5.902342e+14 143.902387
337 5.902842e+14 139.739518
338 5.903343e+14 129.164895
339 5.903843e+14 127.604228
340 5.904344e+14 135.248788
341 5.904844e+14 123.200447
342 5.905345e+14 132.644135
343 5.905845e+14 123.127050
344 5.906346e+14 121.368204
345 5.906846e+14 131.761931
346 5.907347e+14 122.644102
347 5.907847e+14 143.724861
348 5.908348e+14 132.899147
349 5.908848e+14 140.580328
350 5.909349e+14 136.201539
351 5.909849e+14 127.570894
352 5.910350e+14 124.226175
353 5.910850e+14 124.392215
354 5.911351e+14 128.381516
355 5.911851e+14 133.232291
356 5.912352e+14 144.254278
357 5.912852e+14 126.635165
358 5.913353e+14 130.161442
359 5.913853e+14 136.514958
360 5.914354e+14 134.735064
361 5.914854e+14 125.831944
362 5.915355e+14 140.724833
363 5.915855e+14 127.919220
364 5.916356e+14 135.758479
365 5.916856e+14 135.689868
366 5.917357e+14 128.156743
367 5.917857e+14 135.461813
368 5.918358e+14 140.766559
369 5.918858e+14 135.541100
370 5.919359e+14 146.248447
371 5.919859e+14 147.892436
372 5.920360e+14 141.302715
373 5.920860e+14 131.322756
374 5.921361e+14 140.019185
375 5.921861e+14 135.462460
376 5.922362e+14 137.917799
377 5.922862e+14 148.542867
378 5.923363e+14 137.153760
379 5.923863e+14 125.799703
380 5.924364e+14 137.645951
381 5.924864e+14 137.469283
382 5.925365e+14 130.185173
383 5.925865e+14 137.671059
384 5.926366e+14 137.167271
385 5.926866e+14 135.056760
386 5.927367e+14 137.578647
387 5.927867e+14 133.314531
388 5.928368e+14 154.164152
389 5.928868e+14 136.434868
390 5.929369e+14 135.668566
391 5.929869e+14 133.750431
392 5.930370e+14 131.098452
393 5.930870e+14 140.621832
394 5.931371e+14 135.812748
395 5.931871e+14 148.439961
396 5.932372e+14 144.323011
397 5.932872e+14 134.322291
398 5.933373e+14 137.207954
399 5.933873e+14 137.390723
400 5.934374e+14 129.839929
401 5.934874e+14 136.792460
402 5.935375e+14 134.316834
403 5.935875e+14 141.417041
404 5.936376e+14 134.756104
405 5.936876e+14 136.122683
406 5.937377e+14 142.429493
407 5.937877e+14 145.694220
408 5.938378e+14 131.175929
409 5.938878e+14 150.053694
410 5.939379e+14 137.010533
411 5.939879e+14 150.047840
412 5.940380e+14 143.957362
413 5.940880e+14 149.122206
414 5.941381e+14 146.841099
415 5.941881e+14 147.696389
416 5.942382e+14 141.209299
417 5.942882e+14 130.539648
418 5.943383e+14 138.634246
419 5.943883e+14 133.039945
420 5.944384e+14 148.645674
421 5.944884e+14 146.557282
422 5.945385e+14 151.447564
423 5.945885e+14 126.656869
424 5.946386e+14 135.620012
425 5.946886e+14 146.602591
426 5.947387e+14 149.892100
427 5.947887e+14 144.248254
428 5.948388e+14 137.378609
429 5.948888e+14 146.786970
430 5.949389e+14 136.590791
431 5.949889e+14 143.853260
432 5.950390e+14 146.179462
433 5.950890e+14 150.851030
434 5.951391e+14 143.749953
435 5.951891e+14 154.367958
436 5.952392e+14 146.727391
437 5.952892e+14 146.415910
438 5.953393e+14 142.459793
439 5.953893e+14 139.734629
440 5.954394e+14 139.890841
441 5.954894e+14 153.092237
442 5.955395e+14 147.679986
443 5.955895e+14 151.832160
444 5.956396e+14 154.232800
445 5.956896e+14 151.033557
446 5.957397e+14 141.640401
447 5.957897e+14 141.965371
448 5.958398e+14 140.474809
449 5.958898e+14 146.934222
450 5.959399e+14 148.332945
451 5.959899e+14 144.005489
452 5.960400e+14 143.384701
453 5.960900e+14 153.374106
454 5.961401e+14 152.393473
455 5.961901e+14 148.799057
456 5.962402e+14 154.975485
457 5.962902e+14 148.893042
458 5.963403e+14 145.149319
459 5.963903e+14 159.447854
460 5.964404e+14 151.777212
461 5.964904e+14 150.989341
462 5.965405e+14 142.904074
463 5.965905e+14 148.336989
464 5.966406e+14 149.515833
465 5.966906e+14 149.532744
466 5.967407e+14 151.932451
467 5.967907e+14 149.583753
468 5.968408e+14 149.397909
469 5.968908e+14 158.568582
470 5.969409e+14 164.324627
471 5.969909e+14 142.943024
472 5.970410e+14 159.025831
473 5.970910e+14 150.928653
474 5.971411e+14 152.293089
475 5.971911e+14 165.000016
476 5.972412e+14 152.477771
477 5.972912e+14 145.040158
478 5.973413e+14 149.723876
479 5.973913e+14 155.527125
480 5.974414e+14 155.883442
481 5.974914e+14 158.221901
482 5.975415e+14 156.670810
483 5.975915e+14 148.043053
484 5.976416e+14 140.071828
485 5.976916e+14 156.400606
486 5.977417e+14 154.437836
487 5.977917e+14 160.867091
488 5.978418e+14 153.171399
489 5.978918e+14 160.977874
490 5.979419e+14 150.891599
491 5.979919e+14 150.228991
492 5.980420e+14 162.031180
493 5.980920e+14 155.356003
494 5.981421e+14 157.140672
495 5.981921e+14 150.362440
496 5.982422e+14 152.594996
497 5.982922e+14 149.151998
498 5.983423e+14 147.697735
499 5.983923e+14 150.639323
500 5.984424e+14 153.356863
501 5.984924e+14 159.418298
502 5.985425e+14 163.039469
503 5.985925e+14 140.309576
504 5.986426e+14 154.805783
505 5.986926e+14 160.067464
506 5.987427e+14 166.001117
507 5.987927e+14 162.197518
508 5.988428e+14 160.762544
509 5.988928e+14 161.397784
510 5.989429e+14 155.761827
511 5.989929e+14 155.462931
512 5.990430e+14 156.272318
513 5.990930e+14 162.214927
514 5.991431e+14 156.069345
515 5.991931e+14 158.640408
516 5.992432e+14 158.736478
517 5.992932e+14 156.844452
518 5.993433e+14 160.020508
519 5.993933e+14 153.794766
520 5.994434e+14 158.281315
521 5.994934e+14 157.819878
522 5.995435e+14 151.856376
523 5.995935e+14 163.189697
524 5.996436e+14 160.891336
525 5.996936e+14 156.369533
526 5.997437e+14 164.291496
527 5.997937e+14 159.040128
528 5.998438e+14 150.410835
529 5.998938e+14 160.356355
530 5.999439e+14 163.009034
531 5.999939e+14 149.524204
532 6.000440e+14 162.484090
533 6.000940e+14 164.241511
534 6.001441e+14 161.006522
535 6.001941e+14 157.501655
536 6.002442e+14 162.000863
537 6.002942e+14 156.368497
538 6.003443e+14 163.816692
539 6.003943e+14 165.462709
540 6.004444e+14 152.819249
541 6.004944e+14 174.649079
542 6.005445e+14 177.375513
543 6.005945e+14 161.562700
544 6.006446e+14 162.254548
545 6.006946e+14 156.420577
546 6.007447e+14 154.525812
547 6.007947e+14 151.819203
548 6.008448e+14 165.579535
549 6.008948e+14 165.650345
550 6.009449e+14 168.426618
551 6.009949e+14 168.206497
552 6.010450e+14 149.555274
553 6.010950e+14 162.636678
554 6.011451e+14 154.824576
555 6.011951e+14 158.285491
556 6.012452e+14 162.360564
557 6.012952e+14 163.696746
558 6.013453e+14 164.977467
559 6.013953e+14 162.566403
560 6.014454e+14 164.802745
561 6.014954e+14 161.713445
562 6.015455e+14 162.791384
563 6.015955e+14 153.692370
564 6.016456e+14 165.430592
565 6.016956e+14 154.633729
566 6.017457e+14 170.087240
567 6.017957e+14 166.106156
568 6.018458e+14 155.428875
569 6.018958e+14 166.178980
570 6.019459e+14 162.138884
571 6.019959e+14 169.323067
572 6.020460e+14 167.513181
573 6.020960e+14 170.819344
574 6.021461e+14 160.944376
575 6.021961e+14 162.396306
576 6.022462e+14 157.935213
577 6.022962e+14 161.570329
578 6.023463e+14 171.481066
579 6.023963e+14 175.434896
580 6.024464e+14 159.761376
581 6.024964e+14 165.007618
582 6.025465e+14 167.271774
583 6.025965e+14 170.749956
584 6.026466e+14 164.356575
585 6.026966e+14 155.374014
586 6.027467e+14 162.215751
587 6.027967e+14 173.819685
588 6.028468e+14 175.668276
589 6.028968e+14 154.889852
590 6.029469e+14 150.768099
591 6.029969e+14 170.424367
592 6.030470e+14 164.714630
593 6.030970e+14 167.907172
594 6.031471e+14 158.400921
595 6.031971e+14 168.540579
596 6.032472e+14 159.845656
597 6.032972e+14 161.575962
598 6.033473e+14 155.880594
599 6.033973e+14 163.450855
600 6.034474e+14 153.681840
601 6.034974e+14 160.276682
602 6.035475e+14 160.811494
603 6.035975e+14 174.868990
604 6.036476e+14 156.564178
605 6.036976e+14 151.736168
606 6.037477e+14 160.628000
607 6.037977e+14 171.428866
608 6.038478e+14 155.732943
609 6.038978e+14 160.608826
610 6.039479e+14 165.539745
611 6.039979e+14 164.242048
612 6.040480e+14 162.563570
613 6.040980e+14 155.564641
614 6.041481e+14 158.093137
615 6.041981e+14 166.391533
616 6.042482e+14 170.110867
617 6.042982e+14 159.983710
618 6.043483e+14 160.561548
619 6.043983e+14 163.028991
620 6.044484e+14 167.283003
621 6.044984e+14 156.020526
622 6.045485e+14 165.009069
623 6.045985e+14 161.174569
624 6.046486e+14 157.752668
625 6.046986e+14 165.508226
626 6.047487e+14 158.136251
627 6.047987e+14 161.144643
628 6.048488e+14 152.507098
629 6.048988e+14 158.405495
630 6.049489e+14 156.913808
631 6.049989e+14 156.753103
632 6.050490e+14 156.600736
633 6.050990e+14 167.378333
634 6.051491e+14 149.956435
635 6.051991e+14 173.047043
636 6.052492e+14 150.674517
637 6.052992e+14 150.829737
638 6.053493e+14 157.449976
639 6.053993e+14 158.572672
640 6.054494e+14 154.706990
641 6.054994e+14 159.013868
642 6.055495e+14 166.668005
643 6.055995e+14 162.575218
644 6.056496e+14 159.097819
645 6.056996e+14 154.017436
646 6.057497e+14 161.098484
647 6.057997e+14 164.311125
648 6.058498e+14 165.449399
649 6.058998e+14 156.839656
650 6.059499e+14 151.275199
651 6.059999e+14 165.152451
652 6.060500e+14 168.451606
653 6.061000e+14 158.910171
654 6.061501e+14 160.270117
655 6.062001e+14 158.046560
656 6.062502e+14 156.446789
657 6.063002e+14 158.253549
658 6.063503e+14 155.526074
659 6.064003e+14 152.118828
660 6.064504e+14 149.313371
661 6.065004e+14 163.632480
662 6.065505e+14 173.262712
663 6.066005e+14 147.311649
664 6.066506e+14 167.269724
665 6.067006e+14 147.338369
666 6.067507e+14 150.026390
667 6.068007e+14 144.228334
668 6.068508e+14 160.330773
669 6.069008e+14 151.288492
670 6.069509e+14 162.349903
671 6.070009e+14 159.579101
672 6.070510e+14 152.703020
673 6.071010e+14 152.738834
674 6.071511e+14 146.800149
675 6.072011e+14 145.262900
676 6.072512e+14 158.954125
677 6.073012e+14 146.824524
678 6.073513e+14 150.205115
679 6.074013e+14 162.204732
680 6.074514e+14 155.755980
681 6.075014e+14 158.112934
682 6.075515e+14 158.241934
683 6.076015e+14 160.606211
684 6.076516e+14 152.802342
685 6.077016e+14 160.354319
686 6.077517e+14 149.532516
687 6.078017e+14 156.199691
688 6.078518e+14 145.510885
689 6.079018e+14 149.800442
690 6.079519e+14 149.955226
691 6.080019e+14 155.038333
692 6.080520e+14 141.588968
693 6.081020e+14 153.857154
694 6.081521e+14 156.400165
695 6.082021e+14 142.009686
696 6.082522e+14 154.315015
697 6.083022e+14 149.397773
698 6.083523e+14 151.767785
699 6.084023e+14 145.350196
700 6.084524e+14 149.458928
701 6.085024e+14 146.010535
702 6.085525e+14 168.968855
703 6.086025e+14 154.193281
704 6.086526e+14 154.979526
705 6.087026e+14 157.939974
706 6.087527e+14 150.629239
707 6.088027e+14 145.962789
708 6.088528e+14 152.830871
709 6.089028e+14 157.049149
710 6.089529e+14 145.391135
711 6.090029e+14 150.803579
712 6.090530e+14 152.230057
713 6.091030e+14 155.171463
714 6.091531e+14 151.507932
715 6.092031e+14 151.907568
716 6.092532e+14 160.213799
717 6.093032e+14 147.979852
718 6.093533e+14 148.626497
719 6.094033e+14 159.448300
720 6.094534e+14 154.533840
721 6.095034e+14 146.725276
722 6.095535e+14 149.416106
723 6.096035e+14 150.575621
724 6.096536e+14 148.401431
725 6.097036e+14 148.124671
726 6.097537e+14 151.160374
727 6.098037e+14 142.680750
728 6.098538e+14 143.179200
729 6.099038e+14 147.648339
730 6.099539e+14 146.656288
731 6.100039e+14 157.792374
732 6.100540e+14 153.831524
733 6.101040e+14 161.306302
734 6.101541e+14 143.718864
735 6.102041e+14 156.910536
736 6.102542e+14 132.790813
737 6.103042e+14 159.632622
738 6.103543e+14 158.726458
739 6.104043e+14 150.546127
740 6.104544e+14 147.041276
741 6.105044e+14 147.455031
742 6.105545e+14 150.647626
743 6.106045e+14 138.136331
744 6.106546e+14 152.350419
745 6.107046e+14 151.502194
746 6.107547e+14 149.424427
747 6.108047e+14 158.347163
748 6.108548e+14 141.207821
749 6.109048e+14 151.650854
750 6.109549e+14 154.736582
751 6.110049e+14 137.199678
752 6.110550e+14 145.314394
753 6.111050e+14 145.838048
754 6.111551e+14 159.176596
755 6.112051e+14 149.525092
756 6.112552e+14 160.113344
757 6.113052e+14 146.883841
758 6.113553e+14 140.713771
759 6.114053e+14 162.686199
760 6.114554e+14 146.777338
761 6.115054e+14 137.734635
762 6.115555e+14 143.962084
763 6.116055e+14 144.021859
764 6.116556e+14 146.950792
765 6.117056e+14 138.228010
766 6.117557e+14 144.094831
767 6.118057e+14 149.989635
768 6.118558e+14 146.208868
769 6.119058e+14 151.694346
770 6.119559e+14 148.987243
771 6.120059e+14 151.143151
772 6.120560e+14 157.083372
773 6.121060e+14 149.423912
774 6.121561e+14 140.715553
775 6.122061e+14 149.142670
776 6.122562e+14 145.910948
777 6.123062e+14 151.279017
778 6.123563e+14 153.794437
779 6.124063e+14 147.806404
780 6.124564e+14 144.719974
781 6.125064e+14 142.910905
782 6.125565e+14 143.225916
783 6.126065e+14 136.913947
784 6.126566e+14 146.601191
785 6.127066e+14 135.754236
786 6.127567e+14 154.160342
787 6.128067e+14 149.631715
788 6.128568e+14 136.950073
789 6.129068e+14 148.954876
790 6.129569e+14 147.387026
791 6.130069e+14 149.809586
792 6.130570e+14 146.778943
793 6.131070e+14 145.831659
794 6.131571e+14 144.699224
795 6.132071e+14 142.090767
796 6.132572e+14 133.698073
797 6.133072e+14 152.200820
798 6.133573e+14 136.586576
799 6.134073e+14 141.002459
800 6.134574e+14 147.460628
801 6.135074e+14 142.584707
802 6.135575e+14 141.494132
803 6.136075e+14 150.407308
804 6.136576e+14 149.632121
805 6.137076e+14 151.969346
806 6.137577e+14 148.408593
807 6.138077e+14 141.204154
808 6.138578e+14 152.024724
809 6.139078e+14 136.906616
810 6.139579e+14 147.642703
811 6.140079e+14 148.843111
812 6.140580e+14 134.136563
813 6.141080e+14 137.752231
814 6.141581e+14 145.574784
815 6.142081e+14 154.142052
816 6.142582e+14 147.613008
817 6.143082e+14 143.968197
818 6.143583e+14 145.722751
819 6.144083e+14 145.219272
820 6.144584e+14 140.894967
821 6.145084e+14 142.953209
822 6.145585e+14 139.646851
823 6.146085e+14 144.257487
824 6.146586e+14 146.589913
825 6.147086e+14 134.542335
826 6.147587e+14 144.807876
827 6.148087e+14 151.504872
828 6.148588e+14 144.040832
829 6.149088e+14 153.092145
830 6.149589e+14 150.922070
831 6.150089e+14 146.049156
832 6.150590e+14 142.287344
833 6.151090e+14 149.031151
834 6.151591e+14 148.648381
835 6.152091e+14 142.430796
836 6.152592e+14 147.532903
837 6.153092e+14 154.666004
838 6.153593e+14 140.211740
839 6.154093e+14 148.944822
840 6.154594e+14 142.631708
841 6.155094e+14 152.269204
842 6.155595e+14 141.823183
843 6.156095e+14 144.564810
844 6.156596e+14 150.902306
845 6.157096e+14 142.855566
846 6.157597e+14 141.873887
847 6.158097e+14 139.546883
848 6.158598e+14 152.404170
849 6.159098e+14 141.304990
850 6.159599e+14 147.758882
851 6.160099e+14 147.443197
852 6.160600e+14 145.361681
853 6.161100e+14 142.470887
854 6.161601e+14 147.700142
855 6.162101e+14 143.203543
856 6.162602e+14 151.297207
857 6.163102e+14 133.117343
858 6.163603e+14 145.415495
859 6.164103e+14 146.191126
860 6.164604e+14 146.967133
861 6.165104e+14 146.112496
862 6.165605e+14 152.961798
863 6.166105e+14 132.372238
864 6.166606e+14 156.212414
865 6.167106e+14 140.093092
866 6.167607e+14 160.532843
867 6.168107e+14 137.300626
868 6.168608e+14 139.664161
869 6.169108e+14 144.363009
870 6.169609e+14 137.234082
871 6.170109e+14 155.678270
872 6.170610e+14 159.733050
873 6.171110e+14 141.109469
874 6.171611e+14 140.854436
875 6.172111e+14 153.159728
876 6.172612e+14 147.701644
877 6.173112e+14 147.322458
878 6.173613e+14 147.986752
879 6.174113e+14 150.896679
880 6.174614e+14 145.526851
881 6.175114e+14 139.851693
882 6.175615e+14 157.817844
883 6.176115e+14 138.383155
884 6.176616e+14 143.688155
885 6.177116e+14 145.754505
886 6.177617e+14 155.651825
887 6.178117e+14 141.722426
888 6.178618e+14 136.492905
889 6.179118e+14 148.113274
890 6.179619e+14 138.587691
891 6.180119e+14 154.319183
892 6.180620e+14 151.545999
893 6.181120e+14 148.851508
894 6.181621e+14 131.526368
895 6.182121e+14 146.589289
896 6.182622e+14 139.461016
897 6.183122e+14 152.641912
898 6.183623e+14 147.380228
899 6.184123e+14 141.358263
900 6.184624e+14 129.007950
901 6.185124e+14 141.396175
902 6.185625e+14 146.379858
903 6.186125e+14 147.416684
904 6.186626e+14 138.876194
905 6.187126e+14 139.985376
906 6.187627e+14 139.769099
907 6.188127e+14 142.344483
908 6.188628e+14 148.772161
909 6.189128e+14 141.088540
910 6.189629e+14 154.563097
911 6.190129e+14 140.923816
912 6.190630e+14 138.122426
913 6.191130e+14 155.160170
914 6.191631e+14 147.442060
915 6.192131e+14 138.560547
916 6.192632e+14 136.963569
917 6.193132e+14 140.150269
918 6.193633e+14 142.352975
919 6.194133e+14 146.234270
920 6.194634e+14 154.847674
921 6.195134e+14 158.973943
922 6.195635e+14 141.566762
923 6.196135e+14 150.445249
924 6.196636e+14 140.983077
925 6.197136e+14 148.089714
926 6.197637e+14 146.250382
927 6.198137e+14 140.220798
928 6.198638e+14 152.917606
929 6.199138e+14 140.240661
930 6.199639e+14 140.218702
931 6.200139e+14 149.297254
932 6.200640e+14 134.815258
933 6.201140e+14 145.484678
934 6.201641e+14 141.626021
935 6.202142e+14 148.586346
936 6.202642e+14 150.961146
937 6.203143e+14 143.970587
938 6.203643e+14 139.726794
939 6.204144e+14 144.751987
940 6.204644e+14 150.608315
941 6.205145e+14 146.501786
942 6.205645e+14 131.356083
943 6.206146e+14 145.939403
944 6.206646e+14 149.637705
945 6.207147e+14 138.089393
946 6.207647e+14 148.025287
947 6.208148e+14 145.027076
948 6.208648e+14 142.519984
949 6.209149e+14 144.988007
950 6.209649e+14 150.595864
951 6.210150e+14 145.347168
952 6.210650e+14 144.627237
953 6.211151e+14 150.634771
954 6.211651e+14 144.160859
955 6.212152e+14 145.185942
956 6.212652e+14 151.281439
957 6.213153e+14 152.804309
958 6.213653e+14 154.248317
959 6.214154e+14 153.406416
960 6.214654e+14 148.968482
961 6.215155e+14 145.205980
962 6.215655e+14 142.379721
963 6.216156e+14 148.079813
964 6.216656e+14 148.064815
965 6.217157e+14 140.184465
966 6.217657e+14 148.117502
967 6.218158e+14 142.287019
968 6.218658e+14 149.641146
969 6.219159e+14 147.567801
970 6.219659e+14 157.798895
971 6.220160e+14 142.551104
972 6.220660e+14 152.554481
973 6.221161e+14 148.000374
974 6.221661e+14 145.642720
975 6.222162e+14 148.393977
976 6.222662e+14 144.268138
977 6.223163e+14 146.301006
978 6.223663e+14 148.019534
979 6.224164e+14 147.759560
980 6.224664e+14 141.583699
981 6.225165e+14 145.376287
982 6.225665e+14 136.838176
983 6.226166e+14 148.880893
984 6.226666e+14 138.503433
985 6.227167e+14 148.143759
986 6.227667e+14 141.948145
987 6.228168e+14 139.797048
988 6.228668e+14 140.992338
989 6.229169e+14 156.402268
990 6.229669e+14 153.300507
991 6.230170e+14 149.113218
992 6.230670e+14 151.918194
993 6.231171e+14 149.804715
994 6.231671e+14 142.546946
995 6.232172e+14 146.714631
996 6.232672e+14 140.202845
997 6.233173e+14 156.751524
998 6.233673e+14 140.698308
999 6.234174e+14 153.399050
