# Date: 19/07/01, Author: E.Hubble
# First column is index, second column is frequency (Hz), third column is spectra (A.U.)
0 5.716690e+14 120.853116
1 5.717190e+14 108.941847
2 5.717691e+14 116.568954
3 5.718191e+14 110.376735
4 5.718692e+14 114.683913
5 5.719192e+14 122.453553
6 5.719693e+14 118.663443
7 5.720193e+14 124.633458
8 5.720694e+14 114.908583
9 5.721194e+14 115.444099
10 5.721695e+14 130.775702
11 5.722195e+14 113.228435
12 5.722696e+14 112.624191
13 5.723196e+14 118.199373
14 5.723697e+14 111.265814
15 5.724197e+14 106.432658
16 5.724698e+14 111.987304
17 5.725198e+14 120.292029
18 5.725699e+14 114.028693
19 5.726199e+14 125.426357
20 5.726700e+14 112.360051
21 5.727200e+14 115.770694
22 5.727701e+14 111.238112
23 5.728201e+14 113.999499
24 5.728702e+14 121.233370
25 5.729202e+14 126.696147
26 5.729703e+14 117.236468
27 5.730203e+14 114.344728
28 5.730704e+14 121.631906
29 5.731204e+14 112.238830
30 5.731705e+14 124.314952
31 5.732205e+14 126.539157
32 5.732706e+14 109.940188
33 5.733206e+14 110.438936
34 5.733707e+14 123.010751
35 5.734207e+14 120.246330
36 5.734708e+14 112.395013
37 5.735208e+14 124.423163
38 5.735709e+14 103.966873
39 5.736209e+14 108.843370
40 5.736710e+14 114.845938
41 5.737210e+14 112.539298
42 5.737711e+14 114.730078
43 5.738211e+14 124.308425
44 5.738712e+14 126.598947
45 5.739212e+14 116.501901
46 5.739713e+14 118.200294
47 5.740213e+14 119.310286
48 5.740714e+14 115.422281
49 5.741214e+14 107.405556
50 5.741715e+14 108.080567
51 5.742215e+14 115.355381
52 5.742716e+14 114.626377
53 5.743216e+14 108.532166
54 5.743717e+14 112.666739
55 5.744217e+14 113.929330
56 5.744718e+14 111.035139
57 5.745218e+14 114.630301
58 5.745719e+14 123.366665
59 5.746219e+14 124.068888
60 5.746720e+14 102.733583
61 5.747220e+14 114.217269
62 5.747721e+14 115.339439
63 5.748221e+14 122.239117
64 5.748722e+14 119.034627
65 5.749222e+14 108.933734
66 5.749723e+14 107.464452
67 5.750223e+14 116.343853
68 5.750724e+14 105.971178
69 5.751224e+14 121.150547
70 5.751725e+14 117.474052
71 5.752225e+14 107.035285
72 5.752726e+14 106.544911
73 5.753226e+14 111.695097
74 5.753727e+14 111.601336
75 5.754227e+14 114.440393
76 5.754728e+14 123.963023
77 5.755228e+14 118.231190
78 5.755729e+14 101.935738
79 5.756229e+14 116.388423
80 5.756730e+14 112.123509
81 5.757230e+14 113.221491
82 5.757731e+14 113.913507
83 5.758231e+14 122.140578
84 5.758732e+14 111.954284
85 5.759232e+14 125.635342
86 5.759733e+14 119.069868
87 5.760233e+14 105.697959
88 5.760734e+14 115.143363
89 5.761234e+14 118.344977
90 5.761735e+14 116.300600
91 5.762235e+14 115.428352
92 5.762736e+14 125.598975
93 5.763236e+14 112.608713
94 5.763737e+14 114.286960
95 5.764237e+14 114.183988
96 5.764738e+14 108.454359
97 5.765238e+14 107.949121
98 5.765739e+14 119.726370
99 5.766239e+14 122.817285
100 5.766740e+14 115.969495
101 5.767240e+14 122.381698
102 5.767741e+14 125.236360
103 5.768241e+14 119.820462
104 5.768742e+14 113.118964
105 5.769242e+14 105.351422
106 5.769743e+14 126.133576
107 5.770243e+14 124.515993
108 5.770744e+14 114.605675
109 5.771244e+14 101.629587
110 5.771745e+14 120.247805
111 5.772245e+14 109.259090
112 5.772746e+14 115.409135
113 5.773246e+14 119.234738
114 5.773747e+14 120.217765
115 5.774247e+14 116.258887
116 5.774748e+14 119.262776
117 5.775248e+14 117.792675
118 5.775749e+14 116.566426
119 5.776249e+14 110.500962
120 5.776750e+14 123.956945
121 5.777250e+14 112.382732
122 5.777751e+14 117.211113
123 5.778251e+14 125.277560
124 5.778752e+14 122.394765
125 5.779252e+14 104.694663
126 5.779753e+14 120.931803
127 5.780253e+14 120.991781
128 5.780754e+14 113.033971
129 5.781254e+14 118.692359
130 5.781755e+14 122.600553
131 5.782255e+14 117.108443
132 5.782756e+14 112.323653
133 5.783256e+14 122.869405
134 5.783757e+14 114.266647
135 5.784257e+14 113.224882
136 5.784758e+14 110.986133
137 5.785258e+14 118.972008
138 5.785759e+14 110.600914
139 5.786259e+14 113.859950
140 5.786760e+14 117.055197
141 5.787260e+14 116.651491
142 5.787761e+14 126.717709
143 5.788261e+14 120.817271
144 5.788762e+14 120.129606
145 5.789262e+14 117.029026
146 5.789763e+14 111.357099
147 5.790263e+14 126.305824
148 5.790764e+14 116.828381
149 5.791264e+14 119.566919
150 5.791765e+14 115.814429
151 5.792265e+14 119.981531
152 5.792766e+14 114.710756
153 5.793266e+14 114.406273
154 5.793767e+14 115.939333
155 5.794267e+14 127.251389
156 5.794768e+14 120.260310
157 5.795268e+14 116.326510
158 5.795769e+14 122.226454
159 5.796269e+14 118.737982
160 5.796770e+14 104.969936
161 5.797270e+14 123.606792
162 5.797771e+14 122.524284
163 5.798271e+14 123.019798
164 5.798772e+14 117.404375
165 5.799272e+14 113.013930
166 5.799773e+14 128.826268
167 5.800273e+14 119.112097
168 5.800774e+14 125.605680
169 5.801274e+14 111.957794
170 5.801775e+14 112.563804
171 5.802275e+14 110.375080
172 5.802776e+14 115.734282
173 5.803276e+14 125.586670
174 5.803777e+14 131.274896
175 5.804277e+14 133.004590
176 5.804778e+14 110.261983
177 5.805278e+14 106.552167
178 5.805779e+14 121.115211
179 5.806279e+14 126.775482
180 5.806780e+14 110.976223
181 5.807280e+14 122.407901
182 5.807781e+14 125.670945
183 5.808281e+14 121.613158
184 5.808782e+14 130.836754
185 5.809282e+14 133.665547
186 5.809783e+14 116.824793
187 5.810283e+14 109.674383
188 5.810784e+14 119.304257
189 5.811284e+14 113.514961
190 5.811785e+14 128.288485
191 5.812285e+14 124.887517
192 5.812786e+14 121.522177
193 5.813286e+14 122.729030
194 5.813787e+14 129.333086
195 5.814287e+14 121.552352
196 5.814788e+14 110.032104
197 5.815288e+14 115.365020
198 5.815789e+14 124.901720
199 5.816289e+14 133.636293
200 5.816790e+14 118.753342
201 5.817290e+14 118.330396
202 5.817791e+14 126.334347
203 5.818291e+14 125.254316
204 5.818792e+14 123.663785
205 5.819292e+14 108.244486
206 5.819793e+14 130.012160
207 5.820293e+14 121.528866
208 5.820794e+14 118.551939
209 5.821294e+14 115.605383
210 5.821795e+14 115.512257
211 5.822295e+14 121.338196
212 5.822796e+14 128.739718
213 5.823296e+14 120.483487
214 5.823797e+14 114.378353
215 5.824297e+14 120.131307
216 5.824798e+14 121.962201
217 5.825298e+14 119.264323
218 5.825799e+14 109.563517
219 5.826299e+14 121.339875
220 5.826800e+14 131.168735
221 5.827300e+14 127.109209
222 5.827801e+14 124.276143
223 5.828301e+14 111.305173
224 5.828802e+14 122.303657
225 5.829302e+14 121.693492
226 5.829803e+14 118.923394
227 5.830303e+14 111.888212
228 5.830804e+14 115.134448
229 5.831304e+14 125.389536
230 5.831805e+14 123.106724
231 5.832305e+14 117.083105
232 5.832806e+14 128.973009
233 5.833306e+14 118.797104
234 5.833807e+14 128.829715
235 5.834307e+14 124.761963
236 5.834808e+14 116.514196
237 5.835308e+14 126.354589
238 5.835809e+14 116.654550
239 5.836309e+14 128.697808
240 5.836810e+14 120.106627
241 5.837311e+14 121.747692
242 5.837811e+14 125.886122
243 5.838312e+14 117.539143
244 5.838812e+14 109.147482
245 5.839313e+14 120.896139
246 5.839813e+14 128.372483
247 5.840314e+14 105.719344
248 5.840814e+14 128.915910
249 5.841315e+14 107.133559
250 5.841815e+14 119.312491
251 5.842316e+14 123.231015
252 5.842816e+14 118.226488
253 5.843317e+14 125.918776
254 5.843817e+14 128.550524
255 5.844318e+14 107.597203
256 5.844818e+14 120.458339
257 5.845319e+14 121.656169
258 5.845819e+14 131.625086
259 5.846320e+14 132.107775
260 5.846820e+14 127.037289
261 5.847321e+14 114.928843
262 5.847821e+14 128.240264
263 5.848322e+14 119.440310
264 5.848822e+14 116.647782
265 5.849323e+14 129.384311
266 5.849823e+14 124.076804
267 5.850324e+14 123.000596
268 5.850824e+14 118.676322
269 5.851325e+14 134.483352
270 5.851825e+14 119.379877
271 5.852326e+14 127.342840
272 5.852826e+14 122.910360
273 5.853327e+14 127.841583
274 5.853827e+14 129.106462
275 5.854328e+14 124.673795
276 5.854828e+14 122.927341
277 5.855329e+14 132.030223
278 5.855829e+14 125.253028
279 5.856330e+14 130.518448
280 5.856830e+14 127.461430
281 5.857331e+14 119.419658
282 5.857831e+14 123.363506
283 5.858332e+14 135.600803
284 5.858832e+14 121.600905
285 5.859333e+14 125.917010
286 5.859833e+14 134.142992
287 5.860334e+14 118.685071
288 5.860834e+14 115.269256
289 5.861335e+14 134.220665
290 5.861835e+14 136.128150
291 5.862336e+14 131.229530
292 5.862836e+14 122.162549
293 5.863337e+14 137.039098
294 5.863837e+14 122.470013
295 5.864338e+14 122.632815
296 5.864838e+14 128.242728
297 5.865339e+14 118.187921
298 5.865839e+14 132.818416
299 5.866340e+14 128.370523
300 5.866840e+14 122.536336
301 5.867341e+14 126.682885
302 5.867841e+14 116.800298
303 5.868342e+14 126.190825
304 5.868842e+14 141.586107
305 5.869343e+14 134.928546
306 5.869843e+14 135.749657
307 5.870344e+14 138.443100
308 5.870844e+14 134.266410
309 5.871345e+14 121.738082
310 5.871845e+14 124.668089
311 5.872346e+14 130.774642
312 5.872846e+14 126.154807
313 5.873347e+14 132.352802
314 5.873847e+14 131.570376
315 5.874348e+14 136.895414
316 5.874848e+14 126.312637
317 5.875349e+14 127.603558
318 5.875849e+14 129.925789
319 5.876350e+14 123.648953
320 5.876850e+14 134.777307
321 5.877351e+14 132.207803
322 5.877851e+14 126.308774
323 5.878352e+14 137.023532
324 5.878852e+14 137.176684
325 5.879353e+14 130.311538
326 5.879853e+14 125.917989
327 5.880354e+14 130.804030
328 5.880854e+14 122.583198
329 5.881355e+14 120.798504
330 5.881855e+14 136.869276
331 5.882356e+14 126.959303
332 5.882856e+14 141.238553
333 5.883357e+14 132.148760
334 5.883857e+14 134.577106
335 5.884358e+14 141.151985
336 5.884858e+14 141.952302
337 5.885359e+14 133.520881
338 5.885859e+14 126.530736
339 5.886360e+14 135.511903
340 5.886860e+14 135.038839
341 5.887361e+14 130.865960
342 5.887861e+14 135.118218
343 5.888362e+14 134.195968
344 5.888862e+14 132.823058
345 5.889363e+14 132.877860
346 5.889863e+14 136.212289
347 5.890364e+14 127.551701
348 5.890864e+14 144.318066
349 5.891365e+14 139.191971
350 5.891865e+14 135.410967
351 5.892366e+14 145.375441
352 5.892866e+14 141.311954
353 5.893367e+14 136.181727
354 5.893867e+14 142.620706
355 5.894368e+14 144.999376
356 5.894868e+14 146.894746
357 5.895369e+14 140.894490
358 5.895869e+14 131.020728
359 5.896370e+14 134.299755
360 5.896870e+14 139.939131
361 5.897371e+14 144.441974
362 5.897871e+14 136.990398
363 5.898372e+14 140.417489
364 5.898872e+14 148.508108
365 5.899373e+14 136.535518
366 5.899873e+14 139.752534
367 5.900374e+14 143.593097
368 5.900874e+14 148.863974
369 5.901375e+14 129.937264
370 5.901875e+14 147.159523
371 5.902376e+14 138.254805
372 5.902876e+14 143.100163
373 5.903377e+14 140.155762
374 5.903877e+14 145.009570
375 5.904378e+14 149.958626
376 5.904878e+14 144.695643
377 5.905379e+14 144.610685
378 5.905879e+14 151.571943
379 5.906380e+14 146.575087
380 5.906880e+14 150.305030
381 5.907381e+14 143.694699
382 5.907881e+14 154.287349
383 5.908382e+14 152.021695
384 5.908882e+14 146.294894
385 5.909383e+14 143.628655
386 5.909883e+14 148.413214
387 5.910384e+14 146.959873
388 5.910884e+14 151.389009
389 5.911385e+14 145.473153
390 5.911885e+14 160.650782
391 5.912386e+14 156.494202
392 5.912886e+14 147.740983
393 5.913387e+14 152.695775
394 5.913887e+14 137.845268
395 5.914388e+14 150.605454
396 5.914888e+14 150.252642
397 5.915389e+14 142.002818
398 5.915889e+14 144.555286
399 5.916390e+14 154.410328
400 5.916890e+14 147.910083
401 5.917391e+14 161.001187
402 5.917891e+14 145.551981
403 5.918392e+14 154.348093
404 5.918892e+14 159.391162
405 5.919393e+14 156.491286
406 5.919893e+14 162.383493
407 5.920394e+14 146.731844
408 5.920894e+14 145.089245
409 5.921395e+14 150.576525
410 5.921895e+14 151.183897
411 5.922396e+14 157.593065
412 5.922896e+14 149.588319
413 5.923397e+14 160.803522
414 5.923897e+14 164.394181
415 5.924398e+14 156.733350
416 5.924898e+14 156.264048
417 5.925399e+14 150.297173
418 5.925899e+14 152.313958
419 5.926400e+14 150.706927
420 5.926900e+14 146.647653
421 5.927401e+14 159.104078
422 5.927901e+14 154.171707
423 5.928402e+14 149.245465
424 5.928902e+14 158.403137
425 5.929403e+14 156.366626
426 5.929903e+14 148.892279
427 5.930404e+14 151.158002
428 5.930904e+14 151.710995
429 5.931405e+14 162.814378
430 5.931905e+14 156.029406
431 5.932406e+14 154.454100
432 5.932906e+14 158.737757
433 5.933407e+14 156.823911
434 5.933907e+14 152.867247
435 5.934408e+14 152.705211
436 5.934908e+14 157.277857
437 5.935409e+14 161.928485
438 5.935909e+14 159.098982
439 5.936410e+14 157.667358
440 5.936910e+14 163.312961
441 5.937411e+14 155.940613
442 5.937911e+14 159.637573
443 5.938412e+14 151.508684
444 5.938912e+14 146.937744
445 5.939413e+14 169.717464
446 5.939913e+14 158.059995
447 5.940414e+14 153.037205
448 5.940914e+14 159.352044
449 5.941415e+14 164.832275
450 5.941915e+14 166.804617
451 5.942416e+14 163.293112
452 5.942916e+14 164.424900
453 5.943417e+14 166.178860
454 5.943917e+14 151.957256
455 5.944418e+14 153.384975
456 5.944918e+14 150.009911
457 5.945419e+14 145.565207
458 5.945919e+14 143.962363
459 5.946420e+14 146.441858
460 5.946920e+14 145.906547
461 5.947421e+14 158.855770
462 5.947921e+14 162.227132
463 5.948422e+14 152.341532
464 5.948922e+14 155.228313
465 5.949423e+14 162.200293
466 5.949923e+14 144.405296
467 5.950424e+14 156.262514
468 5.950924e+14 156.905649
469 5.951425e+14 163.466200
470 5.951925e+14 165.838764
471 5.952426e+14 161.511648
472 5.952926e+14 153.687201
473 5.953427e+14 162.817142
474 5.953927e+14 155.360923
475 5.954428e+14 163.185292
476 5.954928e+14 155.778637
477 5.955429e+14 158.020763
478 5.955929e+14 155.949229
479 5.956430e+14 149.510596
480 5.956930e+14 145.723886
481 5.957431e+14 156.134980
482 5.957931e+14 147.161959
483 5.958432e+14 148.501276
484 5.958932e+14 148.936116
485 5.959433e+14 149.846538
486 5.959933e+14 146.213237
487 5.960434e+14 147.380932
488 5.960934e+14 151.925043
489 5.961435e+14 159.371413
490 5.961935e+14 151.163550
491 5.962436e+14 154.044420
492 5.962936e+14 147.777794
493 5.963437e+14 150.848724
494 5.963937e+14 152.159848
495 5.964438e+14 156.290069
496 5.964938e+14 159.452551
497 5.965439e+14 151.072364
498 5.965939e+14 151.532388
499 5.966440e+14 151.117953
500 5.966940e+14 150.350701
501 5.967441e+14 140.524834
502 5.967941e+14 143.405070
503 5.968442e+14 136.975433
504 5.968942e+14 142.512499
505 5.969443e+14 144.019165
506 5.969943e+14 151.238629
507 5.970444e+14 142.876490
508 5.970944e+14 154.092816
509 5.971445e+14 133.451856
510 5.971945e+14 149.545668
511 5.972446e+14 143.805705
512 5.972946e+14 144.391583
513 5.973447e+14 149.287386
514 5.973947e+14 157.372613
515 5.974448e+14 151.377774
516 5.974948e+14 147.550419
517 5.975449e+14 137.748165
518 5.975949e+14 140.622263
519 5.976450e+14 146.737139
520 5.976950e+14 139.440861
521 5.977451e+14 144.416535
522 5.977951e+14 147.180306
523 5.978452e+14 143.462817
524 5.978952e+14 137.544261
525 5.979453e+14 146.963350
526 5.979953e+14 138.915584
527 5.980454e+14 140.815122
528 5.980954e+14 136.643514
529 5.981455e+14 147.028906
530 5.981955e+14 135.758713
531 5.982456e+14 146.037154
532 5.982956e+14 135.857509
533 5.983457e+14 143.674796
534 5.983957e+14 137.262186
535 5.984458e+14 144.998660
536 5.984958e+14 144.439134
537 5.985459e+14 142.470414
538 5.985959e+14 150.829967
539 5.986460e+14 140.062955
540 5.986960e+14 138.608900
541 5.987461e+14 150.027681
542 5.987961e+14 130.464094
543 5.988462e+14 135.320014
544 5.988962e+14 133.982460
545 5.989463e+14 144.541980
546 5.989963e+14 136.626831
547 5.990464e+14 137.857786
548 5.990964e+14 139.031522
549 5.991465e+14 138.613787
550 5.991965e+14 137.068095
551 5.992466e+14 141.668245
552 5.992966e+14 131.471045
553 5.993467e+14 138.059386
554 5.993967e+14 147.957740
555 5.994468e+14 144.682417
556 5.994968e+14 150.467907
557 5.995469e+14 137.850065
558 5.995969e+14 139.427998
559 5.996470e+14 138.643092
560 5.996970e+14 125.820400
561 5.997471e+14 147.261747
562 5.997971e+14 142.785212
563 5.998472e+14 139.464411
564 5.998972e+14 132.249641
565 5.999473e+14 140.230521
566 5.999973e+14 140.188696
567 6.000474e+14 132.822801
568 6.000974e+14 127.883152
569 6.001475e+14 142.292648
570 6.001975e+14 132.537641
571 6.002476e+14 147.843511
572 6.002976e+14 135.910611
573 6.003477e+14 137.462763
574 6.003977e+14 125.849937
575 6.004478e+14 143.890117
576 6.004978e+14 140.830215
577 6.005479e+14 133.746805
578 6.005979e+14 142.162504
579 6.006480e+14 137.240726
580 6.006980e+14 141.203767
581 6.007481e+14 132.220117
582 6.007981e+14 142.253739
583 6.008482e+14 131.719693
584 6.008982e+14 141.443532
585 6.009483e+14 136.488408
586 6.009983e+14 136.041702
587 6.010484e+14 140.656647
588 6.010984e+14 144.250531
589 6.011485e+14 133.353993
590 6.011985e+14 144.380456
591 6.012486e+14 138.321831
592 6.012986e+14 133.053066
593 6.013487e+14 151.778476
594 6.013987e+14 143.372211
595 6.014488e+14 137.664361
596 6.014988e+14 142.851938
597 6.015489e+14 136.772796
598 6.015989e+14 129.741312
599 6.016490e+14 132.217004
600 6.016990e+14 134.282604
601 6.017491e+14 129.274620
602 6.017991e+14 140.832925
603 6.018492e+14 130.003072
604 6.018992e+14 140.654354
605 6.019493e+14 124.267321
606 6.019993e+14 138.464467
607 6.020494e+14 127.516011
608 6.020994e+14 139.332406
609 6.021495e+14 125.764894
610 6.021995e+14 134.747068
611 6.022496e+14 132.490334
612 6.022996e+14 124.219758
613 6.023497e+14 138.171769
614 6.023997e+14 126.707328
615 6.024498e+14 132.655971
616 6.024998e+14 124.066064
617 6.025499e+14 131.955387
618 6.025999e+14 124.763443
619 6.026500e+14 140.542447
620 6.027000e+14 134.362005
621 6.027501e+14 138.480935
622 6.028001e+14 140.790556
623 6.028502e+14 141.830640
624 6.029002e+14 138.899512
625 6.029503e+14 138.960807
626 6.030003e+14 141.101573
627 6.030504e+14 127.305442
628 6.031004e+14 135.830976
629 6.031505e+14 140.329687
630 6.032005e+14 140.891278
631 6.032506e+14 126.062708
632 6.033006e+14 133.173235
633 6.033507e+14 141.385396
634 6.034007e+14 140.572422
635 6.034508e+14 132.049661
636 6.035008e+14 131.247060
637 6.035509e+14 137.697407
638 6.036009e+14 129.622294
639 6.036510e+14 135.720784
640 6.037010e+14 131.579512
641 6.037511e+14 140.213289
642 6.038011e+14 134.508191
643 6.038512e+14 134.799908
644 6.039012e+14 139.894981
645 6.039513e+14 135.123761
646 6.040013e+14 135.071362
647 6.040514e+14 141.216387
648 6.041014e+14 144.532910
649 6.041515e+14 144.409134
650 6.042015e+14 129.501170
651 6.042516e+14 139.938347
652 6.043016e+14 129.666799
653 6.043517e+14 133.324149
654 6.044017e+14 134.781605
655 6.044518e+14 130.854951
656 6.045018e+14 124.931604
657 6.045519e+14 136.991712
658 6.046019e+14 133.676784
659 6.046520e+14 142.332803
660 6.047020e+14 143.615133
661 6.047521e+14 138.308425
662 6.048021e+14 133.854982
663 6.048522e+14 131.562343
664 6.049022e+14 141.340359
665 6.049523e+14 133.750183
666 6.050023e+14 129.726742
667 6.050524e+14 135.488249
668 6.051024e+14 144.971942
669 6.051525e+14 135.216621
670 6.052025e+14 141.837927
671 6.052526e+14 132.518001
672 6.053026e+14 139.115609
673 6.053527e+14 134.309679
674 6.054027e+14 137.519093
675 6.054528e+14 127.240173
676 6.055028e+14 137.036996
677 6.055529e+14 135.357759
678 6.056029e+14 142.305952
679 6.056530e+14 127.818155
680 6.057030e+14 132.490623
681 6.057531e+14 142.583149
682 6.058031e+14 132.058372
683 6.058532e+14 126.084497
684 6.059032e+14 141.905072
685 6.059533e+14 141.911847
686 6.060033e+14 137.395080
687 6.060534e+14 133.265450
688 6.061034e+14 141.052544
689 6.061535e+14 139.941088
690 6.062035e+14 141.382282
691 6.062536e+14 131.222139
692 6.063036e+14 141.885003
693 6.063537e+14 135.925386
694 6.064037e+14 128.896352
695 6.064538e+14 122.391781
696 6.065038e+14 141.982269
697 6.065539e+14 137.447320
698 6.066039e+14 133.607619
699 6.066540e+14 142.186769
700 6.067040e+14 146.985688
701 6.067541e+14 139.911972
702 6.068041e+14 135.867244
703 6.068542e+14 135.702518
704 6.069042e+14 125.333248
705 6.069543e+14 138.985533
706 6.070043e+14 143.821979
707 6.070544e+14 133.875195
708 6.071044e+14 127.142204
709 6.071545e+14 135.305669
710 6.072045e+14 140.214708
711 6.072546e+14 136.614249
712 6.073046e+14 136.607614
713 6.073547e+14 147.441170
714 6.074047e+14 130.642013
715 6.074548e+14 140.840492
716 6.075048e+14 137.526346
717 6.075549e+14 135.776089
718 6.076049e+14 133.442378
719 6.076550e+14 145.280286
720 6.077050e+14 140.779097
721 6.077551e+14 132.017178
722 6.078051e+14 134.594751
723 6.078552e+14 143.272574
724 6.079052e+14 140.815129
725 6.079553e+14 134.020424
726 6.080053e+14 143.954419
727 6.080554e+14 141.176634
728 6.081054e+14 139.883933
729 6.081555e+14 129.723284
730 6.082055e+14 145.243427
731 6.082556e+14 140.009151
732 6.083056e+14 143.605318
733 6.083557e+14 133.020235
734 6.084057e+14 131.363831
735 6.084558e+14 132.660797
736 6.085058e+14 135.784803
737 6.085559e+14 134.164697
738 6.086059e+14 130.864323
739 6.086560e+14 133.919446
740 6.087060e+14 122.538056
741 6.087561e+14 136.109437
742 6.088061e+14 134.219957
743 6.088562e+14 130.368329
744 6.089062e+14 138.455700
745 6.089563e+14 136.138830
746 6.090063e+14 135.905142
747 6.090564e+14 137.687577
748 6.091064e+14 132.987283
749 6.091565e+14 130.669724
750 6.092065e+14 134.117970
751 6.092566e+14 139.659722
752 6.093066e+14 132.981448
753 6.093567e+14 133.637054
754 6.094067e+14 141.224799
755 6.094568e+14 141.108406
756 6.095068e+14 135.157504
757 6.095569e+14 132.941462
758 6.096069e+14 131.518434
759 6.096570e+14 145.659870
760 6.097070e+14 148.386643
761 6.097571e+14 138.936564
762 6.098071e+14 144.448022
763 6.098572e+14 143.014680
764 6.099072e+14 129.297366
765 6.099573e+14 130.040287
766 6.100073e+14 142.750774
767 6.100574e+14 139.486186
768 6.101074e+14 139.729529
769 6.101575e+14 140.035576
770 6.102075e+14 139.183311
771 6.102576e+14 143.599170
772 6.103076e+14 130.402744
773 6.103577e+14 138.770599
774 6.104077e+14 147.119644
775 6.104578e+14 130.297152
776 6.105078e+14 146.084412
777 6.105579e+14 142.644021
778 6.106079e+14 142.172576
779 6.106580e+14 143.084681
780 6.107080e+14 137.923232
781 6.107581e+14 126.857666
782 6.108081e+14 132.985118
783 6.108582e+14 134.174635
784 6.109082e+14 137.448328
785 6.109583e+14 147.509961
786 6.110083e+14 136.994972
787 6.110584e+14 133.844305
788 6.111084e+14 139.120862
789 6.111585e+14 141.127450
790 6.112085e+14 137.090577
791 6.112586e+14 137.369331
792 6.113086e+14 138.760889
793 6.113587e+14 132.111965
794 6.114087e+14 134.696019
795 6.114588e+14 142.962182
796 6.115088e+14 145.185073
797 6.115589e+14 139.377807
798 6.116089e+14 142.179911
799 6.116590e+14 146.310172
800 6.117090e+14 153.556760
801 6.117591e+14 131.971290
802 6.118091e+14 151.987367
803 6.118592e+14 137.763287
804 6.119092e+14 130.779791
805 6.119593e+14 130.639221
806 6.120093e+14 142.560069
807 6.120594e+14 145.629963
808 6.121094e+14 140.183509
809 6.121595e+14 127.925122
810 6.122095e+14 137.191349
811 6.122596e+14 134.589670
812 6.123096e+14 131.180280
813 6.123597e+14 141.390067
814 6.124097e+14 132.165946
815 6.124598e+14 132.974853
816 6.125098e+14 139.579474
817 6.125599e+14 140.195029
818 6.126099e+14 150.561463
819 6.126600e+14 135.313602
820 6.127100e+14 146.246650
821 6.127601e+14 138.752339
822 6.128101e+14 140.357213
823 6.128602e+14 137.359306
824 6.129102e+14 134.479186
825 6.129603e+14 144.631860
826 6.130103e+14 134.053821
827 6.130604e+14 132.066039
828 6.131104e+14 145.248652
829 6.131605e+14 139.958573
830 6.132105e+14 146.343400
831 6.132606e+14 141.908379
832 6.133106e+14 140.461649
833 6.133607e+14 136.130646
834 6.134107e+14 138.929651
835 6.134608e+14 138.948388
836 6.135108e+14 129.339748
837 6.135609e+14 139.434917
838 6.136109e+14 139.935463
839 6.136610e+14 145.285719
840 6.137110e+14 140.693215
841 6.137611e+14 139.155878
842 6.138111e+14 139.150070
843 6.138612e+14 144.448676
844 6.139112e+14 140.056601
845 6.139613e+14 136.266085
846 6.140113e+14 137.915681
847 6.140614e+14 137.179215
848 6.141114e+14 134.685751
849 6.141615e+14 144.950146
850 6.142115e+14 129.979267
851 6.142616e+14 145.228061
852 6.143116e+14 142.659029
853 6.143617e+14 127.106704
854 6.144117e+14 140.809938
855 6.144618e+14 140.536706
856 6.145118e+14 131.556429
857 6.145619e+14 134.243290
858 6.146119e+14 144.543748
859 6.146620e+14 142.375268
860 6.147120e+14 143.010816
861 6.147621e+14 145.020938
862 6.148121e+14 142.830174
863 6.148622e+14 143.815077
864 6.149122e+14 148.530923
865 6.149623e+14 141.568208
866 6.150123e+14 144.969520
867 6.150624e+14 145.578234
868 6.151124e+14 153.730592
869 6.151625e+14 144.680486
870 6.152125e+14 147.179025
871 6.152626e+14 143.854964
872 6.153126e+14 140.625153
873 6.153627e+14 139.686706
874 6.154127e+14 134.027757
875 6.154628e+14 146.843096
876 6.155128e+14 148.966986
877 6.155629e+14 136.471480
878 6.156129e+14 141.756688
879 6.156630e+14 141.499611
880 6.157130e+14 141.729776
881 6.157631e+14 135.781807
882 6.158131e+14 132.786176
883 6.158632e+14 138.388638
884 6.159132e+14 144.877289
885 6.159633e+14 144.263693
886 6.160133e+14 143.326096
887 6.160634e+14 148.256850
888 6.161134e+14 146.694797
889 6.161635e+14 145.231203
890 6.162135e+14 150.162613
891 6.162636e+14 149.126963
892 6.163136e+14 141.383163
893 6.163637e+14 131.751339
894 6.164137e+14 131.078420
895 6.164638e+14 151.300872
896 6.165138e+14 136.455332
897 6.165639e+14 138.937289
898 6.166139e+14 146.988985
899 6.166640e+14 145.704440
900 6.167140e+14 143.366332
901 6.167641e+14 146.684305
902 6.168141e+14 143.544573
903 6.168642e+14 137.448842
904 6.169142e+14 140.540611
905 6.169643e+14 138.137409
906 6.170143e+14 138.991606
907 6.170644e+14 142.912326
908 6.171144e+14 151.483308
909 6.171645e+14 140.647411
910 6.172145e+14 144.345921
911 6.172646e+14 146.304650
912 6.173146e+14 134.953659
913 6.173647e+14 128.850432
914 6.174147e+14 137.570495
915 6.174648e+14 149.021489
916 6.175148e+14 142.385395
917 6.175649e+14 149.710716
918 6.176149e+14 135.637413
919 6.176650e+14 153.556093
920 6.177150e+14 143.104287
921 6.177651e+14 137.992561
922 6.178151e+14 146.736759
923 6.178652e+14 140.589972
924 6.179152e+14 142.497871
925 6.179653e+14 157.642546
926 6.180153e+14 138.109850
927 6.180654e+14 135.470950
928 6.181154e+14 144.273116
929 6.181655e+14 149.673488
930 6.182155e+14 159.997588
931 6.182656e+14 138.160269
932 6.183156e+14 141.954008
933 6.183657e+14 147.826136
934 6.184157e+14 131.504430
935 6.184658e+14 137.958396
936 6.185158e+14 142.285095
937 6.185659e+14 140.511658
938 6.186159e+14 153.488671
939 6.186660e+14 139.940621
940 6.187160e+14 153.236130
941 6.187661e+14 138.284754
942 6.188161e+14 152.497581
943 6.188662e+14 146.004156
944 6.189162e+14 137.067426
945 6.189663e+14 137.010766
946 6.190163e+14 139.500682
947 6.190664e+14 151.744186
948 6.191164e+14 146.513511
949 6.191665e+14 153.988994
950 6.192165e+14 150.529695
951 6.192666e+14 148.450036
952 6.193166e+14 139.597197
953 6.193667e+14 137.809745
954 6.194167e+14 134.526455
955 6.194668e+14 144.147449
956 6.195168e+14 145.700264
957 6.195669e+14 147.380954
958 6.196169e+14 143.199218
959 6.196670e+14 150.095563
960 6.197170e+14 142.746920
961 6.197671e+14 144.155225
962 6.198171e+14 154.394908
963 6.198672e+14 145.950394
964 6.199172e+14 134.532567
965 6.199673e+14 141.267804
966 6.200173e+14 149.470986
967 6.200674e+14 145.735039
968 6.201174e+14 150.255813
969 6.201675e+14 150.022698
970 6.202175e+14 141.026428
971 6.202676e+14 148.921738
972 6.203176e+14 153.369877
973 6.203677e+14 149.405365
974 6.204177e+14 134.399819
975 6.204678e+14 144.122143
976 6.205178e+14 134.734505
977 6.205679e+14 147.395441
978 6.206179e+14 154.547674
979 6.206680e+14 150.766863
980 6.207180e+14 157.485234
981 6.207681e+14 154.418862
982 6.208181e+14 140.356330
983 6.208682e+14 142.000063
984 6.209182e+14 145.963935
985 6.209683e+14 127.335899
986 6.210183e+14 140.643398
987 6.210684e+14 131.265745
988 6.211184e+14 147.891539
989 6.211685e+14 157.036389
990 6.212185e+14 148.819481
991 6.212686e+14 139.795834
992 6.213186e+14 132.420045
993 6.213687e+14 136.743536
994 6.214187e+14 145.304143
995 6.214688e+14 137.345143
996 6.215188e+14 148.556900
997 6.215689e+14 138.826838
998 6.216189e+14 139.575739
999 6.216690e+14 154.391757
