# Date: 19/07/01, Author: E.Hubble
# First column is index, second column is frequency (Hz), third column is spectra (A.U.)
0 5.666260e+14 118.092593
1 5.666760e+14 131.839940
2 5.667261e+14 120.698986
3 5.667761e+14 121.615564
4 5.668262e+14 124.120940
5 5.668762e+14 122.388181
6 5.669263e+14 125.745805
7 5.669763e+14 138.184676
8 5.670264e+14 128.985754
9 5.670764e+14 129.051580
10 5.671265e+14 134.939567
11 5.671765e+14 127.163890
12 5.672266e+14 119.819705
13 5.672766e+14 130.421445
14 5.673267e+14 131.290933
15 5.673767e+14 120.103497
16 5.674268e+14 123.546640
17 5.674768e+14 121.495392
18 5.675269e+14 119.697908
19 5.675769e+14 136.704585
20 5.676270e+14 119.899377
21 5.676770e+14 124.816363
22 5.677271e+14 135.053709
23 5.677771e+14 126.612227
24 5.678272e+14 125.935374
25 5.678772e+14 123.581554
26 5.679273e+14 123.399443
27 5.679773e+14 123.417432
28 5.680274e+14 138.626439
29 5.680774e+14 128.569109
30 5.681275e+14 122.941438
31 5.681775e+14 121.599479
32 5.682276e+14 123.991163
33 5.682776e+14 123.387478
34 5.683277e+14 127.008582
35 5.683777e+14 119.625651
36 5.684278e+14 135.686360
37 5.684778e+14 126.667064
38 5.685279e+14 133.395132
39 5.685779e+14 120.663048
40 5.686280e+14 120.306691
41 5.686780e+14 120.928103
42 5.687281e+14 117.209680
43 5.687781e+14 115.714680
44 5.688282e+14 130.091648
45 5.688782e+14 120.198318
46 5.689283e+14 135.324427
47 5.689783e+14 117.481405
48 5.690284e+14 132.729685
49 5.690784e+14 125.959221
50 5.691285e+14 132.233388
51 5.691785e+14 112.556578
52 5.692286e+14 131.577934
53 5.692786e+14 123.589634
54 5.693287e+14 125.149558
55 5.693787e+14 116.716255
56 5.694288e+14 122.120861
57 5.694788e+14 127.824261
58 5.695289e+14 133.357531
59 5.695789e+14 129.670773
60 5.696290e+14 134.742039
61 5.696790e+14 127.375895
62 5.697291e+14 124.986067
63 5.697791e+14 134.643070
64 5.698292e+14 127.863864
65 5.698792e+14 117.721815
66 5.699293e+14 130.773953
67 5.699793e+14 130.256885
68 5.700294e+14 131.212128
69 5.700794e+14 137.495648
70 5.701295e+14 129.054092
71 5.701795e+14 131.617201
72 5.702296e+14 129.163243
73 5.702796e+14 119.529286
74 5.703297e+14 123.559411
75 5.703797e+14 132.075691
76 5.704298e+14 128.600106
77 5.704798e+14 130.034695
78 5.705299e+14 131.857671
79 5.705799e+14 136.183065
80 5.706300e+14 122.869441
81 5.706800e+14 129.674695
82 5.707301e+14 136.760451
83 5.707801e+14 130.880733
84 5.708302e+14 120.616508
85 5.708802e+14 123.871644
86 5.709303e+14 126.923925
87 5.709803e+14 130.590111
88 5.710304e+14 133.412259
89 5.710804e+14 124.361098
90 5.711305e+14 128.190096
91 5.711805e+14 123.232370
92 5.712306e+14 125.223147
93 5.712806e+14 125.839038
94 5.713307e+14 136.984724
95 5.713807e+14 132.668964
96 5.714308e+14 127.873323
97 5.714808e+14 135.865585
98 5.715309e+14 130.816016
99 5.715809e+14 132.763821
100 5.716310e+14 127.559093
101 5.716810e+14 133.309992
102 5.717311e+14 137.847382
103 5.717811e+14 129.852627
104 5.718312e+14 133.692223
105 5.718812e+14 125.797880
106 5.719313e+14 141.521096
107 5.719813e+14 131.469574
108 5.720314e+14 129.209074
109 5.720814e+14 128.476850
110 5.721315e+14 137.667487
111 5.721815e+14 140.668376
112 5.722316e+14 125.949447
113 5.722816e+14 137.353115
114 5.723317e+14 136.860511
115 5.723817e+14 126.907873
116 5.724318e+14 132.278324
117 5.724818e+14 139.789779
118 5.725319e+14 131.551732
119 5.725819e+14 132.189845
120 5.726320e+14 138.938636
121 5.726820e+14 133.362322
122 5.727321e+14 132.063125
123 5.727821e+14 137.070031
124 5.728322e+14 131.216158
125 5.728822e+14 130.277913
126 5.729323e+14 142.411557
127 5.729823e+14 127.833343
128 5.730324e+14 126.974488
129 5.730824e+14 140.953706
130 5.731325e+14 134.251221
131 5.731825e+14 134.425185
132 5.732326e+14 131.156769
133 5.732826e+14 135.900156
134 5.733327e+14 125.373491
135 5.733827e+14 133.024537
136 5.734328e+14 123.800207
137 5.734828e+14 129.975825
138 5.735329e+14 131.455945
139 5.735829e+14 142.474776
140 5.736330e+14 129.159586
141 5.736830e+14 134.044670
142 5.737331e+14 129.688263
143 5.737831e+14 136.139230
144 5.738332e+14 127.559824
145 5.738832e+14 129.896977
146 5.739333e+14 144.131912
147 5.739833e+14 141.339532
148 5.740334e+14 132.460417
149 5.740834e+14 145.122556
150 5.741335e+14 120.029563
151 5.741835e+14 135.774534
152 5.742336e+14 137.742552
153 5.742836e+14 130.937579
154 5.743337e+14 126.789838
155 5.743837e+14 137.596736
156 5.744338e+14 144.604631
157 5.744838e+14 136.570196
158 5.745339e+14 142.016012
159 5.745839e+14 141.904161
160 5.746340e+14 141.779135
161 5.746840e+14 138.362286
162 5.747341e+14 140.869865
163 5.747841e+14 131.693505
164 5.748342e+14 145.583855
165 5.748842e+14 132.130241
166 5.749343e+14 136.932126
167 5.749843e+14 140.833506
168 5.750344e+14 137.516766
169 5.750844e+14 138.347984
170 5.751345e+14 137.867950
171 5.751845e+14 130.004785
172 5.752346e+14 136.920243
173 5.752846e+14 139.571380
174 5.753347e+14 134.787059
175 5.753847e+14 134.302536
176 5.754348e+14 133.535289
177 5.754848e+14 143.462498
178 5.755349e+14 138.410116
179 5.755849e+14 143.190793
180 5.756350e+14 149.663680
181 5.756850e+14 148.562316
182 5.757351e+14 140.054576
183 5.757851e+14 132.662534
184 5.758352e+14 138.425897
185 5.758852e+14 131.911504
186 5.759353e+14 137.787678
187 5.759853e+14 143.655109
188 5.760354e+14 150.704617
189 5.760854e+14 137.699385
190 5.761355e+14 137.162402
191 5.761855e+14 141.243764
192 5.762356e+14 131.609059
193 5.762856e+14 135.671097
194 5.763357e+14 143.227399
195 5.763857e+14 139.468452
196 5.764358e+14 152.188666
197 5.764858e+14 147.024879
198 5.765359e+14 139.124355
199 5.765859e+14 133.207793
200 5.766360e+14 143.465104
201 5.766860e+14 143.658403
202 5.767361e+14 144.904190
203 5.767861e+14 140.524213
204 5.768362e+14 143.751506
205 5.768862e+14 141.072572
206 5.769363e+14 138.009596
207 5.769863e+14 132.585684
208 5.770364e+14 133.809753
209 5.770864e+14 137.166606
210 5.771365e+14 142.058067
211 5.771865e+14 141.378329
212 5.772366e+14 154.050305
213 5.772866e+14 148.808779
214 5.773367e+14 138.275163
215 5.773867e+14 134.272542
216 5.774368e+14 141.778766
217 5.774868e+14 142.829367
218 5.775369e+14 146.662897
219 5.775869e+14 150.206769
220 5.776370e+14 144.628151
221 5.776870e+14 143.568154
222 5.777371e+14 145.044786
223 5.777871e+14 144.637493
224 5.778372e+14 150.434876
225 5.778872e+14 147.585353
226 5.779373e+14 141.382344
227 5.779873e+14 139.168745
228 5.780374e+14 137.879292
229 5.780874e+14 128.992366
230 5.781375e+14 134.239574
231 5.781875e+14 148.049595
232 5.782376e+14 142.833818
233 5.782876e+14 145.966555
234 5.783377e+14 155.177365
235 5.783877e+14 142.700041
236 5.784378e+14 153.239577
237 5.784878e+14 146.745525
238 5.785379e+14 143.351763
239 5.785879e+14 138.015327
240 5.786380e+14 148.993330
241 5.786880e+14 147.698824
242 5.787381e+14 148.392955
243 5.787881e+14 135.886411
244 5.788382e+14 151.516001
245 5.788882e+14 130.556459
246 5.789383e+14 152.832697
247 5.789883e+14 145.654071
248 5.790384e+14 154.183795
249 5.790884e+14 144.764854
250 5.791385e+14 129.255816
251 5.791885e+14 136.210462
252 5.792386e+14 154.309603
253 5.792886e+14 144.535181
254 5.793387e+14 142.681323
255 5.793887e+14 154.609566
256 5.794388e+14 127.947833
257 5.794888e+14 152.261111
258 5.795389e+14 139.723940
259 5.795889e+14 143.479704
260 5.796390e+14 143.165421
261 5.796890e+14 143.561882
262 5.797391e+14 147.986474
263 5.797891e+14 137.217506
264 5.798392e+14 153.466107
265 5.798892e+14 137.896057
266 5.799393e+14 148.813315
267 5.799893e+14 150.313188
268 5.800394e+14 144.159504
269 5.800894e+14 138.139394
270 5.801395e+14 153.574364
271 5.801896e+14 141.292264
272 5.802396e+14 144.414162
273 5.802897e+14 142.483660
274 5.803397e+14 142.957178
275 5.803898e+14 131.608661
276 5.804398e+14 144.346216
277 5.804899e+14 146.931154
278 5.805399e+14 138.770321
279 5.805900e+14 141.295799
280 5.806400e+14 134.344625
281 5.806901e+14 136.622795
282 5.807401e+14 149.293593
283 5.807902e+14 136.515031
284 5.808402e+14 146.448521
285 5.808903e+14 142.766399
286 5.809403e+14 150.955603
287 5.809904e+14 145.189614
288 5.810404e+14 138.350166
289 5.810905e+14 142.042512
290 5.811405e+14 142.795384
291 5.811906e+14 139.999699
292 5.812406e+14 145.658779
293 5.812907e+14 157.576957
294 5.813407e+14 141.829067
295 5.813908e+14 140.419375
296 5.814408e+14 143.138952
297 5.814909e+14 154.513433
298 5.815409e+14 139.929573
299 5.815910e+14 141.075952
300 5.816410e+14 139.363047
301 5.816911e+14 144.088553
302 5.817411e+14 145.439838
303 5.817912e+14 138.825675
304 5.818412e+14 143.468420
305 5.818913e+14 143.587209
306 5.819413e+14 145.026754
307 5.819914e+14 144.457801
308 5.820414e+14 135.138043
309 5.820915e+14 144.029502
310 5.821415e+14 156.796430
311 5.821916e+14 143.600515
312 5.822416e+14 139.725137
313 5.822917e+14 146.293360
314 5.823417e+14 139.362876
315 5.823918e+14 140.098763
316 5.824418e+14 145.589852
317 5.824919e+14 148.929887
318 5.825419e+14 146.289317
319 5.825920e+14 138.343737
320 5.826420e+14 150.664307
321 5.826921e+14 136.276378
322 5.827421e+14 141.446438
323 5.827922e+14 142.972760
324 5.828422e+14 141.836465
325 5.828923e+14 140.428023
326 5.829423e+14 133.005831
327 5.829924e+14 135.227254
328 5.830424e+14 138.543902
329 5.830925e+14 145.520887
330 5.831425e+14 140.672229
331 5.831926e+14 141.690411
332 5.832426e+14 134.972873
333 5.832927e+14 142.313020
334 5.833427e+14 146.481455
335 5.833928e+14 139.955463
336 5.834428e+14 140.535030
337 5.834929e+14 142.834635
338 5.835429e+14 140.700520
339 5.835930e+14 142.056676
340 5.836430e+14 131.466664
341 5.836931e+14 145.499156
342 5.837431e+14 134.098537
343 5.837932e+14 142.288246
344 5.838432e+14 135.016063
345 5.838933e+14 126.094953
346 5.839433e+14 140.701134
347 5.839934e+14 129.273964
348 5.840434e+14 149.972161
349 5.840935e+14 141.809324
350 5.841435e+14 132.520389
351 5.841936e+14 138.503358
352 5.842436e+14 146.714752
353 5.842937e+14 138.551618
354 5.843437e+14 138.767733
355 5.843938e+14 147.388402
356 5.844438e+14 142.608629
357 5.844939e+14 138.572422
358 5.845439e+14 136.648464
359 5.845940e+14 131.222547
360 5.846440e+14 141.984335
361 5.846941e+14 139.439703
362 5.847441e+14 144.276693
363 5.847942e+14 135.884554
364 5.848442e+14 138.449271
365 5.848943e+14 135.963542
366 5.849443e+14 136.884426
367 5.849944e+14 141.909173
368 5.850444e+14 130.358187
369 5.850945e+14 143.402100
370 5.851445e+14 140.192900
371 5.851946e+14 130.339883
372 5.852446e+14 137.534885
373 5.852947e+14 139.624929
374 5.853447e+14 145.965599
375 5.853948e+14 131.795514
376 5.854448e+14 138.345396
377 5.854949e+14 131.764189
378 5.855449e+14 122.256325
379 5.855950e+14 137.727808
380 5.856450e+14 140.365363
381 5.856951e+14 123.662325
382 5.857451e+14 147.938582
383 5.857952e+14 131.157700
384 5.858452e+14 130.103802
385 5.858953e+14 133.584864
386 5.859453e+14 139.125526
387 5.859954e+14 130.646746
388 5.860454e+14 131.326971
389 5.860955e+14 125.127837
390 5.861455e+14 121.304121
391 5.861956e+14 140.412940
392 5.862456e+14 133.205819
393 5.862957e+14 142.888602
394 5.863457e+14 139.463584
395 5.863958e+14 136.458790
396 5.864458e+14 128.149139
397 5.864959e+14 140.137904
398 5.865459e+14 129.669510
399 5.865960e+14 124.107510
400 5.866460e+14 131.236798
401 5.866961e+14 132.704547
402 5.867461e+14 123.790772
403 5.867962e+14 135.338112
404 5.868462e+14 136.690599
405 5.868963e+14 139.434042
406 5.869463e+14 127.537218
407 5.869964e+14 128.189321
408 5.870464e+14 134.464445
409 5.870965e+14 132.424011
410 5.871465e+14 132.930511
411 5.871966e+14 132.790333
412 5.872466e+14 136.942490
413 5.872967e+14 129.763032
414 5.873467e+14 137.678334
415 5.873968e+14 138.070768
416 5.874468e+14 129.895656
417 5.874969e+14 130.409633
418 5.875469e+14 123.985611
419 5.875970e+14 124.327958
420 5.876470e+14 133.835123
421 5.876971e+14 139.244447
422 5.877471e+14 125.037883
423 5.877972e+14 137.153279
424 5.878472e+14 133.509051
425 5.878973e+14 126.183072
426 5.879473e+14 124.991016
427 5.879974e+14 115.080384
428 5.880474e+14 133.000440
429 5.880975e+14 122.869239
430 5.881475e+14 124.968641
431 5.881976e+14 120.934244
432 5.882476e+14 130.569402
433 5.882977e+14 127.184202
434 5.883477e+14 122.856966
435 5.883978e+14 131.456670
436 5.884478e+14 132.734317
437 5.884979e+14 121.195362
438 5.885479e+14 134.290074
439 5.885980e+14 129.117996
440 5.886480e+14 132.567639
441 5.886981e+14 131.707030
442 5.887481e+14 136.708618
443 5.887982e+14 121.668449
444 5.888482e+14 128.234245
445 5.888983e+14 121.330118
446 5.889483e+14 134.800936
447 5.889984e+14 106.698817
448 5.890484e+14 110.358922
449 5.890985e+14 133.542665
450 5.891485e+14 127.216771
451 5.891986e+14 130.296048
452 5.892486e+14 123.859786
453 5.892987e+14 137.697480
454 5.893487e+14 116.408971
455 5.893988e+14 130.813727
456 5.894488e+14 123.992410
457 5.894989e+14 129.699378
458 5.895489e+14 130.741766
459 5.895990e+14 131.476535
460 5.896490e+14 124.027351
461 5.896991e+14 137.935668
462 5.897491e+14 128.151361
463 5.897992e+14 107.679088
464 5.898492e+14 134.082609
465 5.898993e+14 124.585051
466 5.899493e+14 118.549175
467 5.899994e+14 138.702034
468 5.900494e+14 125.007413
469 5.900995e+14 138.490588
470 5.901495e+14 117.959034
471 5.901996e+14 122.576933
472 5.902496e+14 116.384678
473 5.902997e+14 125.600038
474 5.903497e+14 129.217488
475 5.903998e+14 123.217305
476 5.904498e+14 115.754291
477 5.904999e+14 115.331837
478 5.905499e+14 131.468578
479 5.906000e+14 126.980495
480 5.906500e+14 117.937097
481 5.907001e+14 127.264972
482 5.907501e+14 134.459974
483 5.908002e+14 121.795731
484 5.908502e+14 119.981734
485 5.909003e+14 126.458560
486 5.909503e+14 124.486086
487 5.910004e+14 124.933960
488 5.910504e+14 125.727307
489 5.911005e+14 127.147744
490 5.911505e+14 123.781207
491 5.912006e+14 124.760712
492 5.912506e+14 116.058462
493 5.913007e+14 117.006707
494 5.913507e+14 114.817779
495 5.914008e+14 113.627272
496 5.914508e+14 116.871643
497 5.915009e+14 113.231950
498 5.915509e+14 108.883936
499 5.916010e+14 131.159876
500 5.916510e+14 122.086278
501 5.917011e+14 121.448731
502 5.917511e+14 126.699524
503 5.918012e+14 118.334667
504 5.918512e+14 119.637535
505 5.919013e+14 114.504074
506 5.919513e+14 134.489260
507 5.920014e+14 117.591825
508 5.920514e+14 115.243278
509 5.921015e+14 116.808061
510 5.921515e+14 116.076744
511 5.922016e+14 114.293717
512 5.922516e+14 110.811065
513 5.923017e+14 121.157922
514 5.923517e+14 123.408793
515 5.924018e+14 127.175836
516 5.924518e+14 110.817705
517 5.925019e+14 122.193147
518 5.925519e+14 120.122581
519 5.926020e+14 119.004050
520 5.926520e+14 120.929777
521 5.927021e+14 124.085761
522 5.927521e+14 117.567737
523 5.928022e+14 109.061554
524 5.928522e+14 119.676065
525 5.929023e+14 132.285037
526 5.929523e+14 129.386131
527 5.930024e+14 126.542939
528 5.930524e+14 120.162394
529 5.931025e+14 112.903988
530 5.931525e+14 112.805184
531 5.932026e+14 120.844127
532 5.932526e+14 114.662306
533 5.933027e+14 108.479062
534 5.933527e+14 121.842083
535 5.934028e+14 119.403221
536 5.934528e+14 117.858042
537 5.935029e+14 115.685613
538 5.935529e+14 118.515134
539 5.936030e+14 122.187746
540 5.936530e+14 112.721475
541 5.937031e+14 118.118844
542 5.937531e+14 118.840210
543 5.938032e+14 130.904329
544 5.938532e+14 119.259647
545 5.939033e+14 114.404205
546 5.939533e+14 118.843328
547 5.940034e+14 125.278905
548 5.940534e+14 106.147919
549 5.941035e+14 107.998763
550 5.941535e+14 125.555097
551 5.942036e+14 116.956663
552 5.942536e+14 113.058802
553 5.943037e+14 119.232176
554 5.943537e+14 116.637850
555 5.944038e+14 103.687579
556 5.944538e+14 112.990202
557 5.945039e+14 117.439731
558 5.945539e+14 119.152184
559 5.946040e+14 119.778689
560 5.946540e+14 106.965962
561 5.947041e+14 109.971227
562 5.947541e+14 125.361586
563 5.948042e+14 117.032644
564 5.948542e+14 115.277764
565 5.949043e+14 110.134019
566 5.949543e+14 112.119015
567 5.950044e+14 113.548875
568 5.950544e+14 110.925250
569 5.951045e+14 120.469297
570 5.951545e+14 121.615911
571 5.952046e+14 113.204838
572 5.952546e+14 115.703295
573 5.953047e+14 118.456345
574 5.953547e+14 121.949512
575 5.954048e+14 111.750687
576 5.954548e+14 102.216937
577 5.955049e+14 112.002314
578 5.955549e+14 112.438092
579 5.956050e+14 115.938490
580 5.956550e+14 106.125076
581 5.957051e+14 116.328771
582 5.957551e+14 117.128059
583 5.958052e+14 114.343746
584 5.958552e+14 121.804783
585 5.959053e+14 118.956417
586 5.959553e+14 122.916382
587 5.960054e+14 115.040135
588 5.960554e+14 111.540058
589 5.961055e+14 120.700207
590 5.961555e+14 118.911416
591 5.962056e+14 118.541505
592 5.962556e+14 126.030668
593 5.963057e+14 108.628998
594 5.963557e+14 112.702699
595 5.964058e+14 115.763990
596 5.964558e+14 114.535115
597 5.965059e+14 117.904777
598 5.965559e+14 111.456451
599 5.966060e+14 107.248405
600 5.966560e+14 127.860720
601 5.967061e+14 106.784363
602 5.967561e+14 117.176620
603 5.968062e+14 123.558021
604 5.968562e+14 113.020245
605 5.969063e+14 110.195654
606 5.969563e+14 121.086151
607 5.970064e+14 116.103720
608 5.970564e+14 109.103416
609 5.971065e+14 108.388864
610 5.971565e+14 101.437730
611 5.972066e+14 115.696176
612 5.972566e+14 126.746056
613 5.973067e+14 107.615608
614 5.973567e+14 116.511627
615 5.974068e+14 117.018684
616 5.974568e+14 113.249182
617 5.975069e+14 114.900378
618 5.975569e+14 113.871150
619 5.976070e+14 103.855576
620 5.976570e+14 122.267108
621 5.977071e+14 117.911837
622 5.977571e+14 117.925670
623 5.978072e+14 112.171417
624 5.978572e+14 120.742471
625 5.979073e+14 112.025206
626 5.979573e+14 126.028281
627 5.980074e+14 105.165114
628 5.980574e+14 114.944977
629 5.981075e+14 110.124116
630 5.981575e+14 108.785385
631 5.982076e+14 106.115133
632 5.982576e+14 113.407286
633 5.983077e+14 104.861678
634 5.983577e+14 114.099236
635 5.984078e+14 119.923772
636 5.984578e+14 114.713112
637 5.985079e+14 113.740204
638 5.985579e+14 106.222026
639 5.986080e+14 108.056847
640 5.986580e+14 107.557923
641 5.987081e+14 114.701381
642 5.987581e+14 116.692847
643 5.988082e+14 101.364648
644 5.988582e+14 109.705200
645 5.989083e+14 113.167842
646 5.989583e+14 119.280047
647 5.990084e+14 115.196496
648 5.990584e+14 111.098802
649 5.991085e+14 111.773865
650 5.991585e+14 122.736051
651 5.992086e+14 100.147213
652 5.992586e+14 112.296432
653 5.993087e+14 114.295621
654 5.993587e+14 116.614548
655 5.994088e+14 121.168583
656 5.994588e+14 116.249391
657 5.995089e+14 117.156289
658 5.995589e+14 113.728287
659 5.996090e+14 114.136590
660 5.996590e+14 118.821441
661 5.997091e+14 116.622426
662 5.997591e+14 117.199241
663 5.998092e+14 116.074073
664 5.998592e+14 117.220409
665 5.999093e+14 113.871645
666 5.999593e+14 118.858975
667 6.000094e+14 115.011531
668 6.000594e+14 107.725440
669 6.001095e+14 117.691546
670 6.001595e+14 111.078796
671 6.002096e+14 109.959947
672 6.002596e+14 114.090609
673 6.003097e+14 120.298251
674 6.003597e+14 112.625617
675 6.004098e+14 115.802362
676 6.004598e+14 108.931605
677 6.005099e+14 97.029144
678 6.005599e+14 129.098167
679 6.006100e+14 114.844721
680 6.006600e+14 110.153614
681 6.007101e+14 115.327015
682 6.007601e+14 108.496364
683 6.008102e+14 111.744457
684 6.008602e+14 107.185914
685 6.009103e+14 111.237742
686 6.009603e+14 121.525427
687 6.010104e+14 112.054343
688 6.010604e+14 114.596175
689 6.011105e+14 111.794768
690 6.011605e+14 115.441957
691 6.012106e+14 110.352082
692 6.012606e+14 101.481253
693 6.013107e+14 117.618144
694 6.013607e+14 112.873682
695 6.014108e+14 111.666657
696 6.014608e+14 107.692716
697 6.015109e+14 122.023364
698 6.015609e+14 111.788665
699 6.016110e+14 120.815778
700 6.016610e+14 100.679045
701 6.017111e+14 123.438197
702 6.017611e+14 117.645859
703 6.018112e+14 99.772424
704 6.018612e+14 111.898451
705 6.019113e+14 113.365787
706 6.019613e+14 126.944304
707 6.020114e+14 116.071863
708 6.020614e+14 120.759740
709 6.021115e+14 105.923746
710 6.021615e+14 116.868572
711 6.022116e+14 110.262770
712 6.022616e+14 111.921317
713 6.023117e+14 124.662810
714 6.023617e+14 113.313428
715 6.024118e+14 117.053981
716 6.024618e+14 110.606706
717 6.025119e+14 118.485499
718 6.025619e+14 117.519051
719 6.026120e+14 108.240823
720 6.026620e+14 102.126187
721 6.027121e+14 115.136249
722 6.027621e+14 120.244662
723 6.028122e+14 108.509907
724 6.028622e+14 118.733073
725 6.029123e+14 114.432563
726 6.029623e+14 116.622197
727 6.030124e+14 107.983598
728 6.030624e+14 115.169729
729 6.031125e+14 104.248049
730 6.031625e+14 116.674698
731 6.032126e+14 112.117722
732 6.032626e+14 122.684566
733 6.033127e+14 108.840289
734 6.033627e+14 111.969251
735 6.034128e+14 109.252092
736 6.034628e+14 113.933562
737 6.035129e+14 108.538075
738 6.035629e+14 100.760187
739 6.036130e+14 101.902222
740 6.036630e+14 97.767354
741 6.037131e+14 121.163065
742 6.037631e+14 107.494293
743 6.038132e+14 111.201693
744 6.038632e+14 111.053931
745 6.039133e+14 105.220701
746 6.039633e+14 107.552944
747 6.040134e+14 117.434122
748 6.040634e+14 102.384203
749 6.041135e+14 107.888849
750 6.041635e+14 118.276020
751 6.042136e+14 117.789404
752 6.042636e+14 117.340492
753 6.043137e+14 114.888079
754 6.043637e+14 107.133213
755 6.044138e+14 107.783190
756 6.044638e+14 109.069325
757 6.045139e+14 114.973246
758 6.045639e+14 120.238345
759 6.046140e+14 109.501762
760 6.046640e+14 115.385975
761 6.047141e+14 112.201396
762 6.047641e+14 101.175570
763 6.048142e+14 116.128352
764 6.048642e+14 105.918363
765 6.049143e+14 112.338445
766 6.049643e+14 97.691738
767 6.050144e+14 112.631904
768 6.050644e+14 106.067254
769 6.051145e+14 106.234778
770 6.051645e+14 114.965714
771 6.052146e+14 109.977974
772 6.052646e+14 112.623739
773 6.053147e+14 117.921558
774 6.053647e+14 116.810666
775 6.054148e+14 115.026798
776 6.054648e+14 116.080927
777 6.055149e+14 116.290311
778 6.055649e+14 105.377819
779 6.056150e+14 110.049369
780 6.056650e+14 113.866417
781 6.057151e+14 110.013181
782 6.057651e+14 111.153191
783 6.058152e+14 109.481762
784 6.058652e+14 124.590071
785 6.059153e+14 113.123763
786 6.059653e+14 117.164451
787 6.060154e+14 113.779979
788 6.060654e+14 120.964699
789 6.061155e+14 110.667578
790 6.061655e+14 112.445036
791 6.062156e+14 97.694975
792 6.062656e+14 113.798433
793 6.063157e+14 114.049270
794 6.063657e+14 110.952877
795 6.064158e+14 112.005516
796 6.064658e+14 105.356994
797 6.065159e+14 110.036236
798 6.065659e+14 124.244922
799 6.066160e+14 116.209880
800 6.066660e+14 108.237271
801 6.067161e+14 106.870463
802 6.067661e+14 116.154759
803 6.068162e+14 118.118795
804 6.068662e+14 124.741428
805 6.069163e+14 107.604278
806 6.069663e+14 105.891536
807 6.070164e+14 100.111634
808 6.070664e+14 106.124615
809 6.071165e+14 113.102634
810 6.071665e+14 116.793012
811 6.072166e+14 99.121482
812 6.072666e+14 104.394689
813 6.073167e+14 119.179012
814 6.073667e+14 118.948827
815 6.074168e+14 100.078268
816 6.074668e+14 105.750458
817 6.075169e+14 120.393448
818 6.075669e+14 113.017965
819 6.076170e+14 109.855419
820 6.076670e+14 107.480610
821 6.077171e+14 108.045644
822 6.077671e+14 116.546885
823 6.078172e+14 115.085783
824 6.078672e+14 101.046773
825 6.079173e+14 122.495116
826 6.079673e+14 117.121682
827 6.080174e+14 112.845073
828 6.080674e+14 115.684194
829 6.081175e+14 114.726907
830 6.081675e+14 110.096703
831 6.082176e+14 98.283365
832 6.082676e+14 97.890441
833 6.083177e+14 111.565801
834 6.083677e+14 123.415828
835 6.084178e+14 113.723267
836 6.084678e+14 120.073845
837 6.085179e+14 112.337640
838 6.085679e+14 108.915251
839 6.086180e+14 104.935536
840 6.086680e+14 117.242421
841 6.087181e+14 109.049294
842 6.087681e+14 117.304437
843 6.088182e+14 108.322466
844 6.088682e+14 113.598824
845 6.089183e+14 113.138562
846 6.089683e+14 107.194311
847 6.090184e+14 109.972329
848 6.090684e+14 105.578799
849 6.091185e+14 111.453217
850 6.091685e+14 108.882727
851 6.092186e+14 109.168091
852 6.092686e+14 106.283480
853 6.093187e+14 119.429898
854 6.093687e+14 97.146403
855 6.094188e+14 109.257254
856 6.094688e+14 115.922517
857 6.095189e+14 116.588223
858 6.095689e+14 116.754829
859 6.096190e+14 105.492409
860 6.096690e+14 106.462324
861 6.097191e+14 109.289003
862 6.097691e+14 117.166383
863 6.098192e+14 118.854461
864 6.098692e+14 106.051390
865 6.099193e+14 109.483892
866 6.099693e+14 107.437629
867 6.100194e+14 103.795035
868 6.100694e+14 105.383230
869 6.101195e+14 101.888889
870 6.101695e+14 115.252609
871 6.102196e+14 113.928192
872 6.102696e+14 111.997794
873 6.103197e+14 114.281595
874 6.103697e+14 122.327297
875 6.104198e+14 108.531438
876 6.104698e+14 113.398319
877 6.105199e+14 118.800556
878 6.105699e+14 117.751036
879 6.106200e+14 104.536437
880 6.106700e+14 118.079052
881 6.107201e+14 101.434730
882 6.107701e+14 111.195340
883 6.108202e+14 110.696467
884 6.108702e+14 113.451734
885 6.109203e+14 99.064071
886 6.109703e+14 110.741897
887 6.110204e+14 105.974467
888 6.110704e+14 102.230722
889 6.111205e+14 120.075592
890 6.111705e+14 96.757778
891 6.112206e+14 103.460802
892 6.112706e+14 117.859554
893 6.113207e+14 113.861212
894 6.113707e+14 105.217346
895 6.114208e+14 113.594062
896 6.114708e+14 111.489912
897 6.115209e+14 112.489048
898 6.115709e+14 112.706090
899 6.116210e+14 103.515099
900 6.116710e+14 110.738674
901 6.117211e+14 105.968494
902 6.117711e+14 106.774798
903 6.118212e+14 101.517875
904 6.118712e+14 104.294476
905 6.119213e+14 111.474471
906 6.119713e+14 109.655209
907 6.120214e+14 114.138401
908 6.120714e+14 103.799911
909 6.121215e+14 107.226832
910 6.121715e+14 109.676324
911 6.122216e+14 111.419937
912 6.122716e+14 116.396433
913 6.123217e+14 112.273508
914 6.123717e+14 106.893427
915 6.124218e+14 119.903549
916 6.124718e+14 101.195621
917 6.125219e+14 111.117781
918 6.125719e+14 109.446683
919 6.126220e+14 116.979311
920 6.126720e+14 109.204557
921 6.127221e+14 120.815533
922 6.127721e+14 119.274213
923 6.128222e+14 109.251004
924 6.128722e+14 107.357019
925 6.129223e+14 100.658050
926 6.129723e+14 113.981470
927 6.130224e+14 107.035758
928 6.130724e+14 106.534182
929 6.131225e+14 106.070940
930 6.131725e+14 112.810602
931 6.132226e+14 112.935069
932 6.132726e+14 107.120908
933 6.133227e+14 111.640184
934 6.133727e+14 111.053541
935 6.134228e+14 107.306992
936 6.134728e+14 110.883302
937 6.135229e+14 112.417932
938 6.135729e+14 105.709633
939 6.136230e+14 108.231685
940 6.136730e+14 109.123934
941 6.137231e+14 107.647394
942 6.137731e+14 104.346907
943 6.138232e+14 113.546227
944 6.138732e+14 105.246987
945 6.139233e+14 110.744294
946 6.139733e+14 102.323264
947 6.140234e+14 117.798158
948 6.140734e+14 107.886218
949 6.141235e+14 112.726232
950 6.141735e+14 124.472963
951 6.142236e+14 108.119718
952 6.142736e+14 102.647564
953 6.143237e+14 115.218344
954 6.143737e+14 113.319853
955 6.144238e+14 116.038839
956 6.144738e+14 110.360000
957 6.145239e+14 105.100083
958 6.145739e+14 108.751165
959 6.146240e+14 120.445498
960 6.146740e+14 105.302355
961 6.147241e+14 99.467662
962 6.147741e+14 115.696349
963 6.148242e+14 115.474047
964 6.148742e+14 103.651230
965 6.149243e+14 107.459931
966 6.149743e+14 98.233444
967 6.150244e+14 113.454669
968 6.150744e+14 112.733328
969 6.151245e+14 116.836695
970 6.151745e+14 120.679299
971 6.152246e+14 93.762942
972 6.152746e+14 107.530720
973 6.153247e+14 110.528717
974 6.153747e+14 115.498728
975 6.154248e+14 108.509103
976 6.154748e+14 102.382374
977 6.155249e+14 106.327185
978 6.155749e+14 103.484978
979 6.156250e+14 111.557025
980 6.156750e+14 109.073076
981 6.157251e+14 111.834993
982 6.157751e+14 98.687737
983 6.158252e+14 109.868456
984 6.158752e+14 112.766154
985 6.159253e+14 109.331068
986 6.159753e+14 108.659302
987 6.160254e+14 112.928955
988 6.160754e+14 101.030271
989 6.161255e+14 117.579740
990 6.161755e+14 116.827514
991 6.162256e+14 105.826159
992 6.162756e+14 104.188304
993 6.163257e+14 116.660790
994 6.163757e+14 106.873624
995 6.164258e+14 104.905191
996 6.164758e+14 106.701866
997 6.165259e+14 108.847504
998 6.165759e+14 102.123709
999 6.166260e+14 100.198935
