# Date: 19/07/01, Author: E.Hubble
# First column is index, second column is frequency (Hz), third column is spectra (A.U.)
0 5.581714e+14 127.757767
1 5.582214e+14 118.672955
2 5.582715e+14 122.749791
3 5.583215e+14 139.983006
4 5.583716e+14 129.358754
5 5.584216e+14 110.833778
6 5.584717e+14 133.685319
7 5.585217e+14 121.153006
8 5.585718e+14 129.480226
9 5.586218e+14 130.826741
10 5.586719e+14 123.456480
11 5.587219e+14 121.042354
12 5.587720e+14 121.670678
13 5.588220e+14 121.463865
14 5.588721e+14 106.017578
15 5.589221e+14 120.478014
16 5.589722e+14 124.714999
17 5.590222e+14 115.239103
18 5.590723e+14 114.630760
19 5.591223e+14 121.013070
20 5.591724e+14 117.075943
21 5.592224e+14 122.150438
22 5.592725e+14 126.177828
23 5.593225e+14 124.329245
24 5.593726e+14 121.585258
25 5.594226e+14 139.072869
26 5.594727e+14 128.350831
27 5.595227e+14 122.063088
28 5.595728e+14 135.126369
29 5.596228e+14 125.733305
30 5.596729e+14 123.769649
31 5.597229e+14 114.761297
32 5.597730e+14 122.548204
33 5.598230e+14 124.493319
34 5.598731e+14 122.051179
35 5.599231e+14 130.107061
36 5.599732e+14 121.439799
37 5.600232e+14 110.560523
38 5.600733e+14 121.300780
39 5.601233e+14 128.777288
40 5.601734e+14 126.131923
41 5.602234e+14 125.175808
42 5.602735e+14 115.340369
43 5.603235e+14 124.596617
44 5.603736e+14 125.462393
45 5.604236e+14 123.028730
46 5.604737e+14 129.090030
47 5.605237e+14 127.375324
48 5.605738e+14 116.747711
49 5.606238e+14 121.745496
50 5.606739e+14 125.256060
51 5.607239e+14 130.016637
52 5.607740e+14 121.568651
53 5.608240e+14 117.802463
54 5.608741e+14 114.994197
55 5.609241e+14 135.864789
56 5.609742e+14 123.536369
57 5.610242e+14 131.453752
58 5.610743e+14 123.527839
59 5.611243e+14 130.598144
60 5.611744e+14 119.777673
61 5.612244e+14 124.588866
62 5.612745e+14 125.491236
63 5.613245e+14 128.616395
64 5.613746e+14 121.456168
65 5.614246e+14 134.363437
66 5.614747e+14 125.833525
67 5.615247e+14 127.916396
68 5.615748e+14 121.014848
69 5.616248e+14 129.590803
70 5.616749e+14 126.141750
71 5.617249e+14 132.303213
72 5.617750e+14 130.312784
73 5.618250e+14 119.215213
74 5.618751e+14 124.452373
75 5.619251e+14 119.743138
76 5.619752e+14 119.369202
77 5.620252e+14 123.758810
78 5.620753e+14 129.275213
79 5.621253e+14 121.549436
80 5.621754e+14 123.061308
81 5.622254e+14 131.194934
82 5.622755e+14 128.068452
83 5.623255e+14 123.637229
84 5.623756e+14 131.045173
85 5.624256e+14 130.281427
86 5.624757e+14 120.631695
87 5.625257e+14 128.339071
88 5.625758e+14 113.581279
89 5.626258e+14 124.233551
90 5.626759e+14 123.417170
91 5.627259e+14 125.688887
92 5.627760e+14 132.345702
93 5.628260e+14 117.754062
94 5.628761e+14 123.583331
95 5.629261e+14 123.005404
96 5.629762e+14 115.497418
97 5.630262e+14 122.354900
98 5.630763e+14 138.276730
99 5.631263e+14 128.427253
100 5.631764e+14 123.006965
101 5.632264e+14 128.600416
102 5.632765e+14 124.871069
103 5.633265e+14 114.146806
104 5.633766e+14 131.297769
105 5.634266e+14 124.271127
106 5.634767e+14 128.030572
107 5.635267e+14 128.834369
108 5.635768e+14 126.650515
109 5.636268e+14 123.651939
110 5.636769e+14 129.794488
111 5.637269e+14 124.810767
112 5.637770e+14 127.166948
113 5.638270e+14 120.874799
114 5.638771e+14 127.805633
115 5.639271e+14 129.547920
116 5.639772e+14 130.573379
117 5.640272e+14 126.141058
118 5.640773e+14 117.452347
119 5.641273e+14 125.779798
120 5.641774e+14 121.690095
121 5.642274e+14 127.065206
122 5.642775e+14 124.050173
123 5.643275e+14 126.301319
124 5.643776e+14 122.505773
125 5.644276e+14 129.328967
126 5.644777e+14 138.639337
127 5.645277e+14 134.931785
128 5.645778e+14 135.577648
129 5.646278e+14 123.527065
130 5.646779e+14 116.260399
131 5.647279e+14 129.250559
132 5.647780e+14 120.274290
133 5.648280e+14 123.874799
134 5.648781e+14 130.521353
135 5.649281e+14 127.302327
136 5.649782e+14 124.527520
137 5.650282e+14 129.542957
138 5.650783e+14 125.271709
139 5.651283e+14 119.285649
140 5.651784e+14 129.928900
141 5.652284e+14 125.128777
142 5.652785e+14 129.671944
143 5.653285e+14 125.097599
144 5.653786e+14 123.066328
145 5.654286e+14 127.631994
146 5.654787e+14 138.867289
147 5.655287e+14 125.792809
148 5.655788e+14 132.641628
149 5.656288e+14 118.544943
150 5.656789e+14 136.531862
151 5.657289e+14 134.528201
152 5.657790e+14 118.071639
153 5.658290e+14 129.914723
154 5.658791e+14 127.122147
155 5.659291e+14 115.421380
156 5.659792e+14 125.111515
157 5.660292e+14 124.974645
158 5.660793e+14 131.185490
159 5.661293e+14 133.954089
160 5.661794e+14 129.582547
161 5.662294e+14 125.504688
162 5.662795e+14 129.388150
163 5.663295e+14 134.583687
164 5.663796e+14 128.135012
165 5.664296e+14 116.323658
166 5.664797e+14 123.694571
167 5.665297e+14 129.520728
168 5.665798e+14 121.576557
169 5.666298e+14 119.078485
170 5.666799e+14 125.174799
171 5.667299e+14 118.372363
172 5.667800e+14 136.366990
173 5.668300e+14 129.711013
174 5.668801e+14 121.671161
175 5.669301e+14 125.278910
176 5.669802e+14 133.479242
177 5.670302e+14 126.180025
178 5.670803e+14 137.199697
179 5.671303e+14 135.187874
180 5.671804e+14 136.621734
181 5.672304e+14 130.665948
182 5.672805e+14 124.677179
183 5.673305e+14 135.538775
184 5.673806e+14 129.208183
185 5.674306e+14 133.496052
186 5.674807e+14 122.346398
187 5.675307e+14 125.998793
188 5.675808e+14 129.298673
189 5.676308e+14 140.496655
190 5.676809e+14 126.806513
191 5.677309e+14 128.078170
192 5.677810e+14 121.116028
193 5.678310e+14 132.532863
194 5.678811e+14 133.823823
195 5.679311e+14 127.641977
196 5.679812e+14 128.175672
197 5.680312e+14 130.405380
198 5.680813e+14 122.460986
199 5.681313e+14 130.078403
200 5.681814e+14 124.397786
201 5.682314e+14 125.363358
202 5.682815e+14 140.013697
203 5.683315e+14 126.671754
204 5.683816e+14 125.410547
205 5.684316e+14 125.980524
206 5.684817e+14 131.030586
207 5.685317e+14 123.859988
208 5.685818e+14 131.081935
209 5.686318e+14 132.431792
210 5.686819e+14 130.991804
211 5.687319e+14 138.166311
212 5.687820e+14 129.393684
213 5.688320e+14 121.494740
214 5.688821e+14 137.307395
215 5.689321e+14 128.335727
216 5.689822e+14 135.138692
217 5.690322e+14 125.237026
218 5.690823e+14 130.736124
219 5.691323e+14 127.968485
220 5.691824e+14 143.488338
221 5.692324e+14 135.775442
222 5.692825e+14 121.380420
223 5.693325e+14 130.116816
224 5.693826e+14 132.952504
225 5.694326e+14 124.023142
226 5.694827e+14 129.913781
227 5.695327e+14 128.096856
228 5.695828e+14 133.539576
229 5.696328e+14 127.084969
230 5.696829e+14 129.709687
231 5.697329e+14 124.901670
232 5.697830e+14 130.993840
233 5.698330e+14 131.791058
234 5.698831e+14 138.980079
235 5.699331e+14 133.699628
236 5.699832e+14 127.289967
237 5.700332e+14 129.216696
238 5.700833e+14 125.847397
239 5.701333e+14 118.848371
240 5.701834e+14 123.818339
241 5.702334e+14 129.535805
242 5.702835e+14 125.087793
243 5.703335e+14 135.146436
244 5.703836e+14 137.458116
245 5.704336e+14 128.914593
246 5.704837e+14 116.035926
247 5.705337e+14 124.712998
248 5.705838e+14 126.221554
249 5.706338e+14 125.439879
250 5.706839e+14 129.417157
251 5.707339e+14 122.975908
252 5.707840e+14 132.731452
253 5.708340e+14 119.458173
254 5.708841e+14 129.467809
255 5.709341e+14 134.987448
256 5.709842e+14 135.802000
257 5.710342e+14 125.412344
258 5.710843e+14 127.320266
259 5.711343e+14 130.772206
260 5.711844e+14 122.461457
261 5.712344e+14 128.033944
262 5.712845e+14 131.475419
263 5.713345e+14 131.961846
264 5.713846e+14 124.143890
265 5.714346e+14 132.259567
266 5.714847e+14 122.324319
267 5.715347e+14 121.315545
268 5.715848e+14 123.020554
269 5.716348e+14 130.279713
270 5.716849e+14 135.755994
271 5.717349e+14 130.736081
272 5.717850e+14 133.724823
273 5.718350e+14 138.366884
274 5.718851e+14 130.799436
275 5.719351e+14 138.433206
276 5.719852e+14 126.831410
277 5.720352e+14 127.026071
278 5.720853e+14 131.149768
279 5.721353e+14 141.002921
280 5.721854e+14 126.196823
281 5.722354e+14 130.656905
282 5.722855e+14 131.872415
283 5.723355e+14 135.355823
284 5.723856e+14 137.156959
285 5.724356e+14 133.801137
286 5.724857e+14 127.460432
287 5.725357e+14 128.690406
288 5.725858e+14 143.138488
289 5.726358e+14 135.598938
290 5.726859e+14 122.112745
291 5.727359e+14 131.271347
292 5.727860e+14 129.853401
293 5.728360e+14 134.507524
294 5.728861e+14 140.290719
295 5.729361e+14 129.784268
296 5.729862e+14 131.252098
297 5.730362e+14 146.023562
298 5.730863e+14 126.409074
299 5.731363e+14 132.515484
300 5.731864e+14 133.730323
301 5.732364e+14 127.333359
302 5.732865e+14 137.114568
303 5.733365e+14 129.684635
304 5.733866e+14 138.141976
305 5.734366e+14 138.367049
306 5.734867e+14 130.162700
307 5.735367e+14 134.357382
308 5.735868e+14 135.533571
309 5.736368e+14 125.821040
310 5.736869e+14 131.167984
311 5.737369e+14 136.973268
312 5.737870e+14 127.084196
313 5.738370e+14 120.614696
314 5.738871e+14 131.680581
315 5.739371e+14 129.082964
316 5.739872e+14 126.347700
317 5.740372e+14 142.558868
318 5.740873e+14 126.883309
319 5.741373e+14 129.783396
320 5.741874e+14 137.563435
321 5.742374e+14 134.120826
322 5.742875e+14 135.615626
323 5.743375e+14 134.285749
324 5.743876e+14 133.009143
325 5.744376e+14 140.213904
326 5.744877e+14 126.445150
327 5.745377e+14 129.062746
328 5.745878e+14 123.998205
329 5.746378e+14 134.698938
330 5.746879e+14 139.677112
331 5.747379e+14 134.126542
332 5.747880e+14 125.768096
333 5.748380e+14 128.548370
334 5.748881e+14 135.473768
335 5.749381e+14 142.726168
336 5.749882e+14 134.570854
337 5.750382e+14 129.996058
338 5.750883e+14 142.109589
339 5.751383e+14 132.958649
340 5.751884e+14 131.804382
341 5.752384e+14 133.436542
342 5.752885e+14 131.799746
343 5.753385e+14 127.132954
344 5.753886e+14 127.627846
345 5.754386e+14 133.141229
346 5.754887e+14 129.248693
347 5.755387e+14 127.120040
348 5.755888e+14 133.602929
349 5.756388e+14 125.244424
350 5.756889e+14 131.539765
351 5.757389e+14 141.357782
352 5.757890e+14 133.374568
353 5.758390e+14 145.063677
354 5.758891e+14 126.782365
355 5.759391e+14 133.271059
356 5.759892e+14 136.367832
357 5.760392e+14 133.490813
358 5.760893e+14 138.734615
359 5.761393e+14 140.349334
360 5.761894e+14 135.394504
361 5.762394e+14 137.952473
362 5.762895e+14 141.188002
363 5.763395e+14 128.782522
364 5.763896e+14 129.928931
365 5.764396e+14 131.189980
366 5.764897e+14 138.374185
367 5.765397e+14 135.277124
368 5.765898e+14 131.483266
369 5.766398e+14 129.627286
370 5.766899e+14 132.774514
371 5.767399e+14 131.280443
372 5.767900e+14 128.672321
373 5.768400e+14 120.973187
374 5.768901e+14 131.458684
375 5.769401e+14 126.050721
376 5.769902e+14 139.003875
377 5.770402e+14 144.994823
378 5.770903e+14 131.020895
379 5.771403e+14 140.724113
380 5.771904e+14 119.459813
381 5.772404e+14 127.061190
382 5.772905e+14 133.523404
383 5.773405e+14 136.472324
384 5.773906e+14 132.211712
385 5.774406e+14 131.337066
386 5.774907e+14 133.246592
387 5.775407e+14 148.187903
388 5.775908e+14 129.702225
389 5.776408e+14 136.087057
390 5.776909e+14 127.347961
391 5.777409e+14 127.047641
392 5.777910e+14 134.565893
393 5.778410e+14 134.050526
394 5.778911e+14 127.914011
395 5.779411e+14 134.983760
396 5.779912e+14 141.226962
397 5.780412e+14 136.697449
398 5.780913e+14 137.738493
399 5.781413e+14 141.083186
400 5.781914e+14 132.483852
401 5.782414e+14 133.862134
402 5.782915e+14 144.945661
403 5.783415e+14 142.388977
404 5.783916e+14 133.530329
405 5.784416e+14 138.470185
406 5.784917e+14 139.848978
407 5.785417e+14 129.097683
408 5.785918e+14 141.500354
409 5.786418e+14 124.971641
410 5.786919e+14 133.915118
411 5.787419e+14 132.029669
412 5.787920e+14 133.804455
413 5.788420e+14 129.261566
414 5.788921e+14 137.526968
415 5.789421e+14 129.907632
416 5.789922e+14 140.617476
417 5.790422e+14 140.488336
418 5.790923e+14 139.559947
419 5.791423e+14 121.711566
420 5.791924e+14 134.242367
421 5.792424e+14 134.935196
422 5.792925e+14 137.252303
423 5.793425e+14 121.229759
424 5.793926e+14 137.124432
425 5.794426e+14 130.033509
426 5.794927e+14 142.467277
427 5.795427e+14 132.610504
428 5.795928e+14 135.659145
429 5.796428e+14 120.109038
430 5.796929e+14 138.633220
431 5.797429e+14 131.232806
432 5.797930e+14 136.378187
433 5.798430e+14 128.720412
434 5.798931e+14 130.337128
435 5.799431e+14 127.764481
436 5.799932e+14 141.198829
437 5.800432e+14 140.520323
438 5.800933e+14 136.930201
439 5.801433e+14 139.774561
440 5.801934e+14 129.842439
441 5.802434e+14 135.279019
442 5.802935e+14 132.819037
443 5.803435e+14 135.177753
444 5.803936e+14 130.787439
445 5.804436e+14 132.463803
446 5.804937e+14 152.049345
447 5.805437e+14 135.616831
448 5.805938e+14 138.889576
449 5.806438e+14 137.669374
450 5.806939e+14 119.729581
451 5.807439e+14 138.697389
452 5.807940e+14 133.881317
453 5.808440e+14 136.277069
454 5.808941e+14 143.876272
455 5.809441e+14 136.013717
456 5.809942e+14 129.324827
457 5.810442e+14 125.444942
458 5.810943e+14 128.946712
459 5.811443e+14 140.698674
460 5.811944e+14 140.284807
461 5.812444e+14 135.337806
462 5.812945e+14 133.549374
463 5.813445e+14 139.076119
464 5.813946e+14 136.287148
465 5.814446e+14 136.012148
466 5.814947e+14 137.918869
467 5.815447e+14 139.913102
468 5.815948e+14 129.102418
469 5.816448e+14 125.053439
470 5.816949e+14 144.902507
471 5.817449e+14 126.271674
472 5.817950e+14 127.527828
473 5.818450e+14 148.542351
474 5.818951e+14 128.735605
475 5.819451e+14 131.734262
476 5.819952e+14 136.689508
477 5.820452e+14 143.509040
478 5.820953e+14 146.917164
479 5.821453e+14 136.574819
480 5.821954e+14 135.527126
481 5.822454e+14 144.099385
482 5.822955e+14 130.222220
483 5.823455e+14 135.103573
484 5.823956e+14 141.584735
485 5.824456e+14 132.495640
486 5.824957e+14 140.622594
487 5.825457e+14 144.622108
488 5.825958e+14 143.926775
489 5.826458e+14 136.313855
490 5.826959e+14 136.581066
491 5.827459e+14 127.189028
492 5.827960e+14 142.180141
493 5.828460e+14 134.747552
494 5.828961e+14 132.020400
495 5.829461e+14 133.534204
496 5.829962e+14 137.866812
497 5.830462e+14 149.986514
498 5.830963e+14 139.283637
499 5.831463e+14 135.261658
500 5.831964e+14 148.912045
501 5.832464e+14 134.251383
502 5.832965e+14 141.933004
503 5.833465e+14 140.959898
504 5.833966e+14 135.164387
505 5.834466e+14 133.616212
506 5.834967e+14 138.651363
507 5.835467e+14 139.757055
508 5.835968e+14 139.559764
509 5.836468e+14 140.592769
510 5.836969e+14 150.119014
511 5.837469e+14 137.127109
512 5.837970e+14 147.154396
513 5.838470e+14 140.647101
514 5.838971e+14 137.537794
515 5.839471e+14 145.067795
516 5.839972e+14 138.959512
517 5.840472e+14 141.860456
518 5.840973e+14 130.781920
519 5.841473e+14 134.541909
520 5.841974e+14 134.560993
521 5.842474e+14 145.263724
522 5.842975e+14 137.464100
523 5.843475e+14 140.974024
524 5.843976e+14 140.253080
525 5.844476e+14 136.713228
526 5.844977e+14 141.714819
527 5.845477e+14 146.216162
528 5.845978e+14 134.683534
529 5.846478e+14 145.221449
530 5.846979e+14 139.255514
531 5.847479e+14 142.354987
532 5.847980e+14 137.776553
533 5.848480e+14 148.272982
534 5.848981e+14 139.317161
535 5.849481e+14 138.762661
536 5.849982e+14 134.864162
537 5.850482e+14 149.174357
538 5.850983e+14 136.551554
539 5.851483e+14 147.195191
540 5.851984e+14 137.287912
541 5.852484e+14 148.937990
542 5.852985e+14 142.787371
543 5.853485e+14 150.692650
544 5.853986e+14 144.537565
545 5.854486e+14 151.181815
546 5.854987e+14 144.386462
547 5.855487e+14 145.340283
548 5.855988e+14 142.474388
549 5.856488e+14 147.103474
550 5.856989e+14 128.307154
551 5.857489e+14 139.227879
552 5.857990e+14 154.235253
553 5.858490e+14 140.543216
554 5.858991e+14 155.049421
555 5.859491e+14 147.766649
556 5.859992e+14 143.508712
557 5.860492e+14 152.910572
558 5.860993e+14 145.613497
559 5.861493e+14 149.553832
560 5.861994e+14 155.914332
561 5.862494e+14 140.498010
562 5.862995e+14 144.216404
563 5.863495e+14 147.969271
564 5.863996e+14 147.054396
565 5.864496e+14 149.758471
566 5.864997e+14 150.776776
567 5.865497e+14 140.842448
568 5.865998e+14 145.580043
569 5.866498e+14 144.819317
570 5.866999e+14 148.087669
571 5.867499e+14 156.717730
572 5.868000e+14 150.361001
573 5.868500e+14 140.527443
574 5.869001e+14 153.932542
575 5.869501e+14 144.263892
576 5.870002e+14 142.199352
577 5.870502e+14 143.007460
578 5.871003e+14 153.405771
579 5.871503e+14 152.896113
580 5.872004e+14 141.099717
581 5.872504e+14 144.626809
582 5.873005e+14 146.327706
583 5.873505e+14 151.424227
584 5.874006e+14 157.075017
585 5.874506e+14 159.993532
586 5.875007e+14 150.315132
587 5.875507e+14 149.655691
588 5.876008e+14 152.494744
589 5.876508e+14 144.212551
590 5.877009e+14 144.202868
591 5.877509e+14 159.133335
592 5.878010e+14 156.209098
593 5.878510e+14 149.511291
594 5.879011e+14 151.155132
595 5.879511e+14 157.115709
596 5.880012e+14 152.871421
597 5.880512e+14 157.323735
598 5.881013e+14 152.292020
599 5.881513e+14 157.099648
600 5.882014e+14 159.315426
601 5.882514e+14 162.565423
602 5.883015e+14 156.658798
603 5.883515e+14 162.856752
604 5.884016e+14 154.232844
605 5.884516e+14 154.941171
606 5.885017e+14 153.993820
607 5.885517e+14 150.072001
608 5.886018e+14 158.401057
609 5.886518e+14 161.415123
610 5.887019e+14 153.277664
611 5.887519e+14 154.889902
612 5.888020e+14 156.949609
613 5.888520e+14 153.080117
614 5.889021e+14 156.961044
615 5.889521e+14 152.667899
616 5.890022e+14 160.174649
617 5.890522e+14 156.038311
618 5.891023e+14 162.814734
619 5.891523e+14 163.863959
620 5.892024e+14 159.431628
621 5.892524e+14 155.336921
622 5.893025e+14 162.145173
623 5.893525e+14 155.691728
624 5.894026e+14 160.459260
625 5.894526e+14 163.578764
626 5.895027e+14 158.135165
627 5.895527e+14 159.080609
628 5.896028e+14 156.941510
629 5.896528e+14 159.444842
630 5.897029e+14 167.953270
631 5.897529e+14 160.291222
632 5.898030e+14 160.820465
633 5.898530e+14 168.008052
634 5.899031e+14 158.317603
635 5.899531e+14 168.900735
636 5.900032e+14 169.117012
637 5.900532e+14 162.689629
638 5.901033e+14 167.511760
639 5.901533e+14 168.120730
640 5.902034e+14 175.635320
641 5.902534e+14 174.532604
642 5.903035e+14 170.583827
643 5.903535e+14 172.644875
644 5.904036e+14 169.790674
645 5.904536e+14 165.935157
646 5.905037e+14 170.297708
647 5.905537e+14 180.669112
648 5.906038e+14 169.214961
649 5.906538e+14 172.777610
650 5.907039e+14 158.712752
651 5.907539e+14 173.898609
652 5.908040e+14 170.777586
653 5.908540e+14 175.737671
654 5.909041e+14 170.260776
655 5.909541e+14 167.495725
656 5.910042e+14 170.555935
657 5.910542e+14 161.618546
658 5.911043e+14 166.334633
659 5.911543e+14 160.647812
660 5.912044e+14 177.235514
661 5.912544e+14 173.263612
662 5.913045e+14 168.951063
663 5.913545e+14 171.486110
664 5.914046e+14 161.781548
665 5.914546e+14 171.690895
666 5.915047e+14 156.850277
667 5.915547e+14 174.158772
668 5.916048e+14 167.451771
669 5.916548e+14 173.197292
670 5.917049e+14 174.003032
671 5.917549e+14 175.132607
672 5.918050e+14 171.238778
673 5.918550e+14 161.830216
674 5.919051e+14 164.197891
675 5.919551e+14 160.515684
676 5.920052e+14 174.907760
677 5.920552e+14 177.163444
678 5.921053e+14 177.280223
679 5.921553e+14 175.683864
680 5.922054e+14 163.074210
681 5.922554e+14 170.688612
682 5.923055e+14 161.012938
683 5.923555e+14 179.067272
684 5.924056e+14 167.847181
685 5.924556e+14 168.343080
686 5.925057e+14 167.935578
687 5.925557e+14 169.757975
688 5.926058e+14 174.061214
689 5.926558e+14 174.459681
690 5.927059e+14 162.327176
691 5.927559e+14 177.286291
692 5.928060e+14 178.264136
693 5.928560e+14 162.860770
694 5.929061e+14 178.819513
695 5.929561e+14 171.187682
696 5.930062e+14 164.138012
697 5.930562e+14 171.222648
698 5.931063e+14 185.424709
699 5.931563e+14 171.496641
700 5.932064e+14 176.313749
701 5.932564e+14 172.143152
702 5.933065e+14 166.652545
703 5.933565e+14 175.253020
704 5.934066e+14 164.525376
705 5.934566e+14 168.411888
706 5.935067e+14 171.161208
707 5.935567e+14 171.451086
708 5.936068e+14 166.085424
709 5.936568e+14 168.865534
710 5.937069e+14 170.060406
711 5.937569e+14 166.704804
712 5.938070e+14 172.773264
713 5.938570e+14 175.205038
714 5.939071e+14 175.768521
715 5.939571e+14 166.270582
716 5.940072e+14 167.603283
717 5.940572e+14 168.349906
718 5.941073e+14 165.557226
719 5.941573e+14 167.808110
720 5.942074e+14 158.253531
721 5.942574e+14 156.449174
722 5.943075e+14 177.930958
723 5.943575e+14 172.901667
724 5.944076e+14 168.179514
725 5.944576e+14 169.617922
726 5.945077e+14 170.122331
727 5.945577e+14 168.978793
728 5.946078e+14 163.614496
729 5.946578e+14 172.236872
730 5.947079e+14 170.322199
731 5.947579e+14 176.010505
732 5.948080e+14 161.881426
733 5.948580e+14 168.769177
734 5.949081e+14 167.026210
735 5.949581e+14 170.999179
736 5.950082e+14 175.293348
737 5.950582e+14 154.861110
738 5.951083e+14 164.328986
739 5.951583e+14 162.715387
740 5.952084e+14 161.710274
741 5.952584e+14 170.583164
742 5.953085e+14 169.626412
743 5.953585e+14 155.109676
744 5.954086e+14 168.890951
745 5.954586e+14 168.320791
746 5.955087e+14 168.150879
747 5.955587e+14 169.571450
748 5.956088e+14 160.776585
749 5.956588e+14 163.091213
750 5.957089e+14 158.471699
751 5.957589e+14 161.636264
752 5.958090e+14 170.301399
753 5.958590e+14 164.228341
754 5.959091e+14 157.176330
755 5.959591e+14 150.204881
756 5.960092e+14 173.484636
757 5.960592e+14 158.088154
758 5.961093e+14 163.534905
759 5.961593e+14 162.937287
760 5.962094e+14 173.907083
761 5.962594e+14 159.383130
762 5.963095e+14 165.107335
763 5.963595e+14 167.437949
764 5.964096e+14 172.356413
765 5.964596e+14 159.491138
766 5.965097e+14 156.078999
767 5.965597e+14 176.811533
768 5.966098e+14 160.832123
769 5.966598e+14 156.419599
770 5.967099e+14 163.651797
771 5.967599e+14 161.920606
772 5.968100e+14 165.754742
773 5.968600e+14 157.046354
774 5.969101e+14 160.488354
775 5.969601e+14 153.458113
776 5.970102e+14 157.206709
777 5.970602e+14 152.455484
778 5.971103e+14 156.109374
779 5.971603e+14 161.310497
780 5.972104e+14 164.486312
781 5.972604e+14 158.695073
782 5.973105e+14 142.556095
783 5.973605e+14 153.633888
784 5.974106e+14 155.299879
785 5.974606e+14 162.852670
786 5.975107e+14 154.607853
787 5.975607e+14 149.485734
788 5.976108e+14 167.459513
789 5.976608e+14 156.275903
790 5.977109e+14 155.934381
791 5.977609e+14 155.617746
792 5.978110e+14 159.387853
793 5.978610e+14 171.050138
794 5.979111e+14 155.281384
795 5.979611e+14 165.146926
796 5.980112e+14 146.818650
797 5.980613e+14 154.495301
798 5.981113e+14 153.302325
799 5.981614e+14 152.800472
800 5.982114e+14 158.874168
801 5.982615e+14 161.238030
802 5.983115e+14 144.003428
803 5.983616e+14 150.177689
804 5.984116e+14 150.039700
805 5.984617e+14 147.834939
806 5.985117e+14 156.041908
807 5.985618e+14 162.419263
808 5.986118e+14 152.934551
809 5.986619e+14 151.741824
810 5.987119e+14 155.406651
811 5.987620e+14 155.609168
812 5.988120e+14 160.916557
813 5.988621e+14 152.473491
814 5.989121e+14 158.869985
815 5.989622e+14 155.225721
816 5.990122e+14 156.609637
817 5.990623e+14 151.544965
818 5.991123e+14 153.410171
819 5.991624e+14 148.875944
820 5.992124e+14 152.548036
821 5.992625e+14 153.312900
822 5.993125e+14 154.332661
823 5.993626e+14 143.189576
824 5.994126e+14 155.516683
825 5.994627e+14 150.428723
826 5.995127e+14 143.270077
827 5.995628e+14 142.197548
828 5.996128e+14 145.865084
829 5.996629e+14 160.008186
830 5.997129e+14 144.450066
831 5.997630e+14 151.761700
832 5.998130e+14 146.935297
833 5.998631e+14 144.831743
834 5.999131e+14 132.216951
835 5.999632e+14 149.284404
836 6.000132e+14 156.182455
837 6.000633e+14 151.921756
838 6.001133e+14 147.856414
839 6.001634e+14 154.273392
840 6.002134e+14 151.475053
841 6.002635e+14 146.114901
842 6.003135e+14 153.132104
843 6.003636e+14 152.077532
844 6.004136e+14 150.880342
845 6.004637e+14 151.892126
846 6.005137e+14 146.574883
847 6.005638e+14 142.890671
848 6.006138e+14 138.099072
849 6.006639e+14 149.990396
850 6.007139e+14 131.389662
851 6.007640e+14 150.171685
852 6.008140e+14 153.916950
853 6.008641e+14 161.260587
854 6.009141e+14 155.790731
855 6.009642e+14 151.015253
856 6.010142e+14 151.719672
857 6.010643e+14 148.503655
858 6.011143e+14 154.475242
859 6.011644e+14 145.329536
860 6.012144e+14 149.195224
861 6.012645e+14 158.026410
862 6.013145e+14 152.247558
863 6.013646e+14 144.726345
864 6.014146e+14 148.608064
865 6.014647e+14 149.704717
866 6.015147e+14 158.927142
867 6.015648e+14 147.979104
868 6.016148e+14 147.332561
869 6.016649e+14 149.213835
870 6.017149e+14 152.486908
871 6.017650e+14 153.131841
872 6.018150e+14 140.680693
873 6.018651e+14 142.911894
874 6.019151e+14 150.770521
875 6.019652e+14 149.924952
876 6.020152e+14 147.504738
877 6.020653e+14 145.792604
878 6.021153e+14 142.467989
879 6.021654e+14 158.923246
880 6.022154e+14 159.711368
881 6.022655e+14 153.932559
882 6.023155e+14 150.660775
883 6.023656e+14 141.113834
884 6.024156e+14 149.203428
885 6.024657e+14 154.255299
886 6.025157e+14 150.516740
887 6.025658e+14 155.836926
888 6.026158e+14 153.216669
889 6.026659e+14 152.956114
890 6.027159e+14 150.990486
891 6.027660e+14 146.997576
892 6.028160e+14 148.818914
893 6.028661e+14 151.038243
894 6.029161e+14 143.813143
895 6.029662e+14 148.960219
896 6.030162e+14 157.053008
897 6.030663e+14 151.645429
898 6.031163e+14 156.664250
899 6.031664e+14 144.078518
900 6.032164e+14 150.300928
901 6.032665e+14 148.741462
902 6.033165e+14 149.028510
903 6.033666e+14 143.712075
904 6.034166e+14 153.873181
905 6.034667e+14 150.133559
906 6.035167e+14 152.583375
907 6.035668e+14 134.040355
908 6.036168e+14 170.123493
909 6.036669e+14 153.771421
910 6.037169e+14 150.618930
911 6.037670e+14 150.091597
912 6.038170e+14 156.320658
913 6.038671e+14 157.422691
914 6.039171e+14 152.419852
915 6.039672e+14 150.941072
916 6.040172e+14 145.112697
917 6.040673e+14 148.820219
918 6.041173e+14 150.474638
919 6.041674e+14 138.183023
920 6.042174e+14 151.804871
921 6.042675e+14 150.865417
922 6.043175e+14 144.447385
923 6.043676e+14 160.213008
924 6.044176e+14 143.140908
925 6.044677e+14 146.368185
926 6.045177e+14 137.257182
927 6.045678e+14 155.957153
928 6.046178e+14 156.154616
929 6.046679e+14 152.076362
930 6.047179e+14 163.489833
931 6.047680e+14 160.121101
932 6.048180e+14 154.563800
933 6.048681e+14 135.373462
934 6.049181e+14 155.671223
935 6.049682e+14 156.401783
936 6.050182e+14 148.981485
937 6.050683e+14 148.809455
938 6.051183e+14 136.697554
939 6.051684e+14 150.805545
940 6.052184e+14 159.580439
941 6.052685e+14 158.827408
942 6.053185e+14 145.313244
943 6.053686e+14 146.524289
944 6.054186e+14 161.303245
945 6.054687e+14 151.664990
946 6.055187e+14 148.354855
947 6.055688e+14 151.477956
948 6.056188e+14 150.198639
949 6.056689e+14 144.756032
950 6.057189e+14 138.824930
951 6.057690e+14 150.398413
952 6.058190e+14 137.645540
953 6.058691e+14 155.629247
954 6.059191e+14 151.915803
955 6.059692e+14 153.445389
956 6.060192e+14 148.161320
957 6.060693e+14 149.076368
958 6.061193e+14 148.183213
959 6.061694e+14 152.958059
960 6.062194e+14 147.039926
961 6.062695e+14 148.332132
962 6.063195e+14 148.640312
963 6.063696e+14 160.390956
964 6.064196e+14 154.926718
965 6.064697e+14 158.596060
966 6.065197e+14 152.010006
967 6.065698e+14 160.268393
968 6.066198e+14 148.124554
969 6.066699e+14 150.332965
970 6.067199e+14 149.311194
971 6.067700e+14 157.969214
972 6.068200e+14 145.079707
973 6.068701e+14 152.100678
974 6.069201e+14 157.699905
975 6.069702e+14 150.597235
976 6.070202e+14 149.446240
977 6.070703e+14 158.527868
978 6.071203e+14 150.219944
979 6.071704e+14 153.594244
980 6.072204e+14 145.840716
981 6.072705e+14 154.478970
982 6.073205e+14 153.600698
983 6.073706e+14 152.695345
984 6.074206e+14 151.639374
985 6.074707e+14 145.248516
986 6.075207e+14 160.481933
987 6.075708e+14 145.611812
988 6.076208e+14 164.514808
989 6.076709e+14 140.158912
990 6.077209e+14 146.160569
991 6.077710e+14 165.111557
992 6.078210e+14 151.662367
993 6.078711e+14 156.066836
994 6.079211e+14 160.165801
995 6.079712e+14 156.681491
996 6.080212e+14 163.990690
997 6.080713e+14 148.561268
998 6.081213e+14 152.762323
999 6.081714e+14 159.855098
