# Date: 19/07/01, Author: E.Hubble
# First column is index, second column is frequency (Hz), third column is spectra (A.U.)
0 5.645546e+14 127.257264
1 5.646047e+14 112.912743
2 5.646547e+14 120.460665
3 5.647048e+14 131.072917
4 5.647548e+14 133.165690
5 5.648049e+14 117.872678
6 5.648549e+14 128.454403
7 5.649050e+14 122.059846
8 5.649550e+14 122.729403
9 5.650051e+14 124.555857
10 5.650551e+14 117.902151
11 5.651052e+14 121.364290
12 5.651552e+14 122.474396
13 5.652053e+14 125.256229
14 5.652553e+14 116.846233
15 5.653054e+14 123.842699
16 5.653554e+14 120.119997
17 5.654055e+14 120.477693
18 5.654555e+14 124.179874
19 5.655056e+14 118.807326
20 5.655556e+14 113.366289
21 5.656057e+14 119.865434
22 5.656557e+14 128.335086
23 5.657058e+14 120.404528
24 5.657558e+14 123.901302
25 5.658059e+14 123.475617
26 5.658559e+14 116.166070
27 5.659060e+14 128.066485
28 5.659560e+14 117.773176
29 5.660061e+14 117.629509
30 5.660561e+14 111.505605
31 5.661062e+14 119.197788
32 5.661562e+14 124.487089
33 5.662063e+14 123.140211
34 5.662563e+14 130.181944
35 5.663064e+14 118.955457
36 5.663564e+14 117.420002
37 5.664065e+14 122.758762
38 5.664565e+14 127.054392
39 5.665066e+14 132.801764
40 5.665566e+14 124.814133
41 5.666067e+14 127.899506
42 5.666567e+14 127.765911
43 5.667068e+14 118.979275
44 5.667568e+14 125.864851
45 5.668069e+14 125.306200
46 5.668569e+14 120.792011
47 5.669070e+14 116.794967
48 5.669570e+14 126.799112
49 5.670071e+14 111.304395
50 5.670571e+14 122.772015
51 5.671072e+14 125.634378
52 5.671572e+14 112.292401
53 5.672073e+14 129.458053
54 5.672573e+14 127.751952
55 5.673074e+14 106.961466
56 5.673574e+14 116.366477
57 5.674075e+14 127.584833
58 5.674575e+14 123.581726
59 5.675076e+14 117.843014
60 5.675576e+14 129.348949
61 5.676077e+14 119.558840
62 5.676577e+14 130.898952
63 5.677078e+14 119.250938
64 5.677578e+14 117.364762
65 5.678079e+14 120.674096
66 5.678579e+14 121.776063
67 5.679080e+14 124.819290
68 5.679580e+14 117.656902
69 5.680081e+14 106.461488
70 5.680581e+14 114.423097
71 5.681082e+14 131.024087
72 5.681582e+14 121.523596
73 5.682083e+14 126.028902
74 5.682583e+14 117.567259
75 5.683084e+14 130.952090
76 5.683584e+14 121.943195
77 5.684085e+14 121.868046
78 5.684585e+14 118.366948
79 5.685086e+14 112.130655
80 5.685586e+14 126.698523
81 5.686087e+14 115.361450
82 5.686587e+14 119.140140
83 5.687088e+14 113.110490
84 5.687588e+14 128.965526
85 5.688089e+14 125.421042
86 5.688589e+14 121.286731
87 5.689090e+14 127.336406
88 5.689590e+14 119.449898
89 5.690091e+14 118.860386
90 5.690591e+14 113.893303
91 5.691092e+14 128.401345
92 5.691592e+14 127.437477
93 5.692093e+14 118.437678
94 5.692593e+14 130.471788
95 5.693094e+14 115.835651
96 5.693594e+14 130.235619
97 5.694095e+14 141.280035
98 5.694595e+14 131.642898
99 5.695096e+14 120.646555
100 5.695596e+14 123.750976
101 5.696097e+14 124.958329
102 5.696597e+14 110.701648
103 5.697098e+14 123.547973
104 5.697598e+14 125.044425
105 5.698099e+14 118.953827
106 5.698599e+14 115.490750
107 5.699100e+14 126.352681
108 5.699600e+14 119.314605
109 5.700101e+14 128.217225
110 5.700601e+14 122.177286
111 5.701102e+14 127.388633
112 5.701602e+14 122.265590
113 5.702103e+14 138.074360
114 5.702603e+14 121.585717
115 5.703104e+14 113.656123
116 5.703604e+14 130.334706
117 5.704105e+14 121.482321
118 5.704605e+14 128.921069
119 5.705106e+14 118.505449
120 5.705606e+14 122.498510
121 5.706107e+14 126.220760
122 5.706607e+14 121.998385
123 5.707108e+14 125.885668
124 5.707608e+14 133.802049
125 5.708109e+14 126.229836
126 5.708609e+14 119.405356
127 5.709110e+14 118.114227
128 5.709610e+14 125.515730
129 5.710111e+14 118.920368
130 5.710611e+14 139.363965
131 5.711112e+14 131.136185
132 5.711612e+14 125.374274
133 5.712113e+14 132.006553
134 5.712613e+14 115.053393
135 5.713114e+14 115.837619
136 5.713614e+14 111.874422
137 5.714115e+14 127.653067
138 5.714615e+14 125.215399
139 5.715116e+14 113.026433
140 5.715616e+14 131.213477
141 5.716117e+14 121.835540
142 5.716617e+14 116.466417
143 5.717118e+14 122.904323
144 5.717618e+14 132.151499
145 5.718119e+14 125.153117
146 5.718619e+14 116.772428
147 5.719120e+14 129.552743
148 5.719620e+14 125.075663
149 5.720121e+14 124.167062
150 5.720621e+14 118.477024
151 5.721122e+14 125.461402
152 5.721622e+14 129.157885
153 5.722123e+14 120.257200
154 5.722623e+14 118.820386
155 5.723124e+14 117.540058
156 5.723624e+14 119.633911
157 5.724125e+14 111.126453
158 5.724625e+14 126.060502
159 5.725126e+14 115.621225
160 5.725626e+14 125.401455
161 5.726127e+14 131.695427
162 5.726627e+14 126.108713
163 5.727128e+14 115.603034
164 5.727628e+14 120.947157
165 5.728129e+14 135.633371
166 5.728629e+14 123.493147
167 5.729130e+14 124.368949
168 5.729630e+14 127.820445
169 5.730131e+14 122.951157
170 5.730631e+14 111.313061
171 5.731132e+14 125.272843
172 5.731632e+14 117.755018
173 5.732133e+14 116.293573
174 5.732633e+14 126.200714
175 5.733134e+14 125.237074
176 5.733634e+14 120.577902
177 5.734135e+14 131.218899
178 5.734635e+14 122.078298
179 5.735136e+14 120.443070
180 5.735636e+14 132.096433
181 5.736137e+14 117.040939
182 5.736637e+14 123.748706
183 5.737138e+14 120.625536
184 5.737638e+14 124.805052
185 5.738139e+14 119.298796
186 5.738639e+14 108.124751
187 5.739140e+14 124.903573
188 5.739640e+14 120.379105
189 5.740141e+14 118.583020
190 5.740641e+14 132.108821
191 5.741142e+14 114.195951
192 5.741642e+14 136.486894
193 5.742143e+14 132.239253
194 5.742643e+14 127.499403
195 5.743144e+14 130.006636
196 5.743644e+14 129.428846
197 5.744145e+14 121.640351
198 5.744645e+14 114.365903
199 5.745146e+14 133.277840
200 5.745646e+14 116.801606
201 5.746147e+14 115.438652
202 5.746647e+14 128.583230
203 5.747148e+14 127.923539
204 5.747648e+14 125.731449
205 5.748149e+14 118.985525
206 5.748649e+14 123.204952
207 5.749150e+14 123.848713
208 5.749650e+14 116.541655
209 5.750151e+14 127.773223
210 5.750651e+14 120.994423
211 5.751152e+14 120.203021
212 5.751652e+14 124.988644
213 5.752153e+14 126.371282
214 5.752653e+14 117.302634
215 5.753154e+14 123.415044
216 5.753654e+14 128.262492
217 5.754155e+14 115.890629
218 5.754655e+14 121.720941
219 5.755156e+14 126.366063
220 5.755656e+14 120.577076
221 5.756157e+14 120.640063
222 5.756657e+14 118.451736
223 5.757158e+14 120.533542
224 5.757658e+14 114.867051
225 5.758159e+14 121.216281
226 5.758659e+14 118.687810
227 5.759160e+14 124.998945
228 5.759660e+14 124.442187
229 5.760161e+14 118.987209
230 5.760661e+14 123.296880
231 5.761162e+14 115.382611
232 5.761662e+14 113.991865
233 5.762163e+14 117.864075
234 5.762663e+14 112.928405
235 5.763164e+14 132.197784
236 5.763664e+14 118.375495
237 5.764165e+14 133.147413
238 5.764665e+14 125.507401
239 5.765166e+14 124.022849
240 5.765666e+14 108.981430
241 5.766167e+14 131.384431
242 5.766667e+14 115.581934
243 5.767168e+14 121.476696
244 5.767668e+14 122.928392
245 5.768169e+14 125.493653
246 5.768669e+14 119.463963
247 5.769170e+14 120.756854
248 5.769670e+14 115.930679
249 5.770171e+14 124.729469
250 5.770671e+14 126.634255
251 5.771172e+14 129.835326
252 5.771672e+14 132.777676
253 5.772173e+14 121.731604
254 5.772673e+14 129.509286
255 5.773174e+14 128.374934
256 5.773674e+14 133.392721
257 5.774175e+14 123.801065
258 5.774675e+14 118.822963
259 5.775176e+14 126.536938
260 5.775676e+14 119.253660
261 5.776177e+14 126.783629
262 5.776677e+14 132.345840
263 5.777178e+14 129.738477
264 5.777678e+14 124.235818
265 5.778179e+14 117.622326
266 5.778679e+14 129.346089
267 5.779180e+14 122.836341
268 5.779680e+14 119.068438
269 5.780181e+14 120.024198
270 5.780681e+14 117.002884
271 5.781182e+14 120.694472
272 5.781682e+14 115.383586
273 5.782183e+14 129.620177
274 5.782683e+14 123.841089
275 5.783184e+14 119.765950
276 5.783684e+14 125.850417
277 5.784185e+14 126.586886
278 5.784685e+14 123.058813
279 5.785186e+14 119.748634
280 5.785686e+14 116.358522
281 5.786187e+14 120.117830
282 5.786687e+14 125.816712
283 5.787188e+14 114.840339
284 5.787688e+14 114.257158
285 5.788189e+14 126.290388
286 5.788689e+14 128.591293
287 5.789190e+14 131.785380
288 5.789690e+14 115.463228
289 5.790191e+14 121.792034
290 5.790691e+14 118.727453
291 5.791192e+14 121.507088
292 5.791692e+14 122.260475
293 5.792193e+14 123.967576
294 5.792693e+14 135.360084
295 5.793194e+14 113.820477
296 5.793694e+14 127.925900
297 5.794195e+14 118.010179
298 5.794695e+14 130.196413
299 5.795196e+14 133.849079
300 5.795696e+14 132.694378
301 5.796197e+14 114.485365
302 5.796697e+14 120.380225
303 5.797198e+14 130.929824
304 5.797698e+14 122.396932
305 5.798199e+14 127.457504
306 5.798699e+14 131.290932
307 5.799200e+14 118.157058
308 5.799700e+14 129.062444
309 5.800201e+14 132.240924
310 5.800701e+14 110.443908
311 5.801202e+14 122.996404
312 5.801702e+14 119.980517
313 5.802203e+14 115.153226
314 5.802703e+14 115.632038
315 5.803204e+14 124.257104
316 5.803704e+14 118.129744
317 5.804205e+14 122.781590
318 5.804705e+14 118.321889
319 5.805206e+14 123.787509
320 5.805706e+14 131.163766
321 5.806207e+14 139.356945
322 5.806707e+14 132.560734
323 5.807208e+14 125.179698
324 5.807708e+14 130.997520
325 5.808209e+14 121.738372
326 5.808709e+14 121.749382
327 5.809210e+14 119.825949
328 5.809710e+14 120.436638
329 5.810211e+14 132.188073
330 5.810711e+14 144.432272
331 5.811212e+14 123.238359
332 5.811712e+14 134.244527
333 5.812213e+14 129.125173
334 5.812713e+14 126.640567
335 5.813214e+14 135.834965
336 5.813714e+14 114.429777
337 5.814215e+14 119.141788
338 5.814715e+14 138.785623
339 5.815216e+14 125.629019
340 5.815716e+14 133.049787
341 5.816217e+14 127.970012
342 5.816717e+14 129.601063
343 5.817218e+14 123.277219
344 5.817718e+14 124.848784
345 5.818219e+14 122.349357
346 5.818719e+14 120.794208
347 5.819220e+14 122.938488
348 5.819720e+14 134.234053
349 5.820221e+14 129.302242
350 5.820721e+14 122.239233
351 5.821222e+14 117.023940
352 5.821722e+14 120.348806
353 5.822223e+14 127.799375
354 5.822723e+14 128.577330
355 5.823224e+14 121.728666
356 5.823724e+14 130.972958
357 5.824225e+14 119.951250
358 5.824725e+14 123.747434
359 5.825226e+14 130.152306
360 5.825726e+14 121.317568
361 5.826227e+14 127.550644
362 5.826727e+14 124.083384
363 5.827228e+14 122.249991
364 5.827728e+14 116.677679
365 5.828229e+14 137.359184
366 5.828729e+14 122.987078
367 5.829230e+14 126.439102
368 5.829730e+14 130.383035
369 5.830231e+14 121.641520
370 5.830731e+14 124.402259
371 5.831232e+14 124.284378
372 5.831732e+14 125.583072
373 5.832233e+14 133.850456
374 5.832733e+14 116.485525
375 5.833234e+14 122.068065
376 5.833734e+14 114.459041
377 5.834235e+14 121.366363
378 5.834735e+14 125.693866
379 5.835236e+14 121.662867
380 5.835736e+14 122.343820
381 5.836237e+14 126.234846
382 5.836737e+14 134.850471
383 5.837238e+14 140.866441
384 5.837738e+14 126.988946
385 5.838239e+14 126.320531
386 5.838739e+14 135.998093
387 5.839240e+14 123.850334
388 5.839740e+14 127.431199
389 5.840241e+14 134.711459
390 5.840741e+14 138.996435
391 5.841242e+14 122.976699
392 5.841742e+14 122.470425
393 5.842243e+14 128.048741
394 5.842743e+14 126.401523
395 5.843244e+14 127.511226
396 5.843744e+14 125.558889
397 5.844245e+14 123.746423
398 5.844745e+14 126.142819
399 5.845246e+14 127.221875
400 5.845746e+14 128.216965
401 5.846247e+14 134.229662
402 5.846747e+14 125.809946
403 5.847248e+14 116.335785
404 5.847748e+14 131.468406
405 5.848249e+14 116.065564
406 5.848749e+14 126.420276
407 5.849250e+14 131.713392
408 5.849750e+14 121.619108
409 5.850251e+14 128.313922
410 5.850751e+14 126.702593
411 5.851252e+14 123.804528
412 5.851752e+14 132.351086
413 5.852253e+14 130.091180
414 5.852753e+14 123.875669
415 5.853254e+14 128.661980
416 5.853754e+14 116.306963
417 5.854255e+14 129.781902
418 5.854755e+14 130.068687
419 5.855256e+14 127.007071
420 5.855756e+14 121.731931
421 5.856257e+14 132.679926
422 5.856757e+14 125.048086
423 5.857258e+14 125.516580
424 5.857758e+14 132.755942
425 5.858259e+14 133.902615
426 5.858759e+14 138.687066
427 5.859260e+14 134.979724
428 5.859760e+14 134.312168
429 5.860261e+14 129.830395
430 5.860761e+14 137.578165
431 5.861262e+14 130.353954
432 5.861763e+14 130.404501
433 5.862263e+14 127.200968
434 5.862764e+14 125.529904
435 5.863264e+14 132.754562
436 5.863765e+14 137.307724
437 5.864265e+14 128.509590
438 5.864766e+14 136.806187
439 5.865266e+14 124.665691
440 5.865767e+14 133.777502
441 5.866267e+14 122.232650
442 5.866768e+14 122.976091
443 5.867268e+14 133.159316
444 5.867769e+14 142.280617
445 5.868269e+14 133.636142
446 5.868770e+14 141.849349
447 5.869270e+14 131.062121
448 5.869771e+14 127.832324
449 5.870271e+14 137.224991
450 5.870772e+14 124.850693
451 5.871272e+14 129.590321
452 5.871773e+14 130.575788
453 5.872273e+14 142.697710
454 5.872774e+14 129.114471
455 5.873274e+14 131.914978
456 5.873775e+14 142.491533
457 5.874275e+14 134.446425
458 5.874776e+14 135.357522
459 5.875276e+14 141.271620
460 5.875777e+14 144.758851
461 5.876277e+14 125.125162
462 5.876778e+14 131.915744
463 5.877278e+14 140.531629
464 5.877779e+14 142.539820
465 5.878279e+14 134.397226
466 5.878780e+14 124.133720
467 5.879280e+14 142.625007
468 5.879781e+14 136.756838
469 5.880281e+14 137.327276
470 5.880782e+14 131.620941
471 5.881282e+14 130.841144
472 5.881783e+14 131.654933
473 5.882283e+14 135.882390
474 5.882784e+14 144.863153
475 5.883284e+14 130.152741
476 5.883785e+14 139.674288
477 5.884285e+14 131.115622
478 5.884786e+14 133.535769
479 5.885286e+14 125.894900
480 5.885787e+14 139.238598
481 5.886287e+14 137.928251
482 5.886788e+14 142.419863
483 5.887288e+14 130.681086
484 5.887789e+14 130.247915
485 5.888289e+14 147.620463
486 5.888790e+14 138.976809
487 5.889290e+14 122.535621
488 5.889791e+14 130.515245
489 5.890291e+14 132.194957
490 5.890792e+14 130.590137
491 5.891292e+14 146.941792
492 5.891793e+14 131.618049
493 5.892293e+14 137.282450
494 5.892794e+14 130.407613
495 5.893294e+14 134.661106
496 5.893795e+14 131.648198
497 5.894295e+14 123.329939
498 5.894796e+14 138.721648
499 5.895296e+14 141.585998
500 5.895797e+14 137.782146
501 5.896297e+14 142.966788
502 5.896798e+14 135.802115
503 5.897298e+14 140.705647
504 5.897799e+14 133.474294
505 5.898299e+14 129.493326
506 5.898800e+14 131.866481
507 5.899300e+14 138.778878
508 5.899801e+14 136.230426
509 5.900301e+14 141.779952
510 5.900802e+14 134.233825
511 5.901302e+14 144.737028
512 5.901803e+14 141.342246
513 5.902303e+14 139.097613
514 5.902804e+14 132.410118
515 5.903304e+14 124.265086
516 5.903805e+14 133.538024
517 5.904305e+14 153.355779
518 5.904806e+14 139.012003
519 5.905306e+14 133.673505
520 5.905807e+14 142.469763
521 5.906307e+14 151.361880
522 5.906808e+14 142.549886
523 5.907308e+14 135.969813
524 5.907809e+14 143.645789
525 5.908309e+14 146.959843
526 5.908810e+14 142.259610
527 5.909310e+14 138.977828
528 5.909811e+14 140.999198
529 5.910311e+14 148.215395
530 5.910812e+14 153.420046
531 5.911312e+14 141.833828
532 5.911813e+14 141.736749
533 5.912313e+14 139.908323
534 5.912814e+14 147.279905
535 5.913314e+14 136.950469
536 5.913815e+14 136.236328
537 5.914315e+14 145.337110
538 5.914816e+14 138.209475
539 5.915316e+14 132.122070
540 5.915817e+14 140.997100
541 5.916317e+14 145.477665
542 5.916818e+14 127.528745
543 5.917318e+14 140.444780
544 5.917819e+14 142.161135
545 5.918319e+14 150.230930
546 5.918820e+14 143.452405
547 5.919320e+14 136.545428
548 5.919821e+14 152.073960
549 5.920321e+14 146.659257
550 5.920822e+14 142.498922
551 5.921322e+14 145.049169
552 5.921823e+14 145.355061
553 5.922323e+14 143.123163
554 5.922824e+14 141.397528
555 5.923324e+14 131.410499
556 5.923825e+14 142.973141
557 5.924325e+14 136.739974
558 5.924826e+14 142.871574
559 5.925326e+14 139.904905
560 5.925827e+14 157.496856
561 5.926327e+14 149.434504
562 5.926828e+14 150.900687
563 5.927328e+14 150.703845
564 5.927829e+14 138.313244
565 5.928329e+14 146.014719
566 5.928830e+14 145.386475
567 5.929330e+14 146.455277
568 5.929831e+14 149.880759
569 5.930331e+14 149.388569
570 5.930832e+14 159.581224
571 5.931332e+14 138.015299
572 5.931833e+14 145.507400
573 5.932333e+14 148.213457
574 5.932834e+14 144.081287
575 5.933334e+14 142.159703
576 5.933835e+14 146.071665
577 5.934335e+14 157.940228
578 5.934836e+14 147.260593
579 5.935336e+14 151.526180
580 5.935837e+14 143.576772
581 5.936337e+14 157.132794
582 5.936838e+14 148.365555
583 5.937338e+14 150.982913
584 5.937839e+14 151.742656
585 5.938339e+14 150.928561
586 5.938840e+14 149.631958
587 5.939340e+14 130.017066
588 5.939841e+14 140.233360
589 5.940341e+14 144.602947
590 5.940842e+14 149.854568
591 5.941342e+14 147.133729
592 5.941843e+14 152.662917
593 5.942343e+14 154.313982
594 5.942844e+14 145.897937
595 5.943344e+14 156.980566
596 5.943845e+14 152.489488
597 5.944345e+14 154.020448
598 5.944846e+14 151.772047
599 5.945346e+14 162.284292
600 5.945847e+14 147.542300
601 5.946347e+14 148.779195
602 5.946848e+14 147.881804
603 5.947348e+14 145.613506
604 5.947849e+14 146.175289
605 5.948349e+14 140.419355
606 5.948850e+14 149.791742
607 5.949350e+14 145.979549
608 5.949851e+14 152.592941
609 5.950351e+14 149.823553
610 5.950852e+14 152.381752
611 5.951352e+14 154.857748
612 5.951853e+14 156.622038
613 5.952353e+14 149.847817
614 5.952854e+14 153.122336
615 5.953354e+14 148.709641
616 5.953855e+14 148.272232
617 5.954355e+14 148.134659
618 5.954856e+14 145.860136
619 5.955356e+14 148.040484
620 5.955857e+14 148.168538
621 5.956357e+14 151.256043
622 5.956858e+14 154.448410
623 5.957358e+14 138.159211
624 5.957859e+14 156.233210
625 5.958359e+14 154.892314
626 5.958860e+14 143.502167
627 5.959360e+14 156.306053
628 5.959861e+14 152.611892
629 5.960361e+14 145.437151
630 5.960862e+14 150.168034
631 5.961362e+14 144.547545
632 5.961863e+14 163.793029
633 5.962363e+14 147.135607
634 5.962864e+14 150.863278
635 5.963364e+14 147.341062
636 5.963865e+14 153.109643
637 5.964365e+14 154.069941
638 5.964866e+14 149.279018
639 5.965366e+14 148.428875
640 5.965867e+14 157.895276
641 5.966367e+14 154.525951
642 5.966868e+14 150.294412
643 5.967368e+14 142.047940
644 5.967869e+14 142.855850
645 5.968369e+14 155.460983
646 5.968870e+14 138.735861
647 5.969370e+14 150.198596
648 5.969871e+14 152.617470
649 5.970371e+14 153.409950
650 5.970872e+14 158.951501
651 5.971372e+14 145.063908
652 5.971873e+14 154.222255
653 5.972373e+14 150.226532
654 5.972874e+14 151.087237
655 5.973374e+14 158.802312
656 5.973875e+14 147.719167
657 5.974375e+14 146.493660
658 5.974876e+14 147.902848
659 5.975376e+14 154.571502
660 5.975877e+14 148.243230
661 5.976377e+14 158.858222
662 5.976878e+14 153.631536
663 5.977378e+14 157.878710
664 5.977879e+14 161.584142
665 5.978379e+14 150.260199
666 5.978880e+14 159.718808
667 5.979380e+14 146.990390
668 5.979881e+14 147.938424
669 5.980381e+14 145.746916
670 5.980882e+14 142.103034
671 5.981382e+14 145.212060
672 5.981883e+14 145.619964
673 5.982383e+14 149.953573
674 5.982884e+14 159.686198
675 5.983384e+14 151.050132
676 5.983885e+14 156.565234
677 5.984385e+14 141.457903
678 5.984886e+14 145.107178
679 5.985386e+14 150.469967
680 5.985887e+14 150.039300
681 5.986387e+14 141.226746
682 5.986888e+14 148.067910
683 5.987388e+14 142.243726
684 5.987889e+14 143.547479
685 5.988389e+14 135.127814
686 5.988890e+14 147.499679
687 5.989390e+14 141.412236
688 5.989891e+14 147.538944
689 5.990391e+14 157.673629
690 5.990892e+14 157.590646
691 5.991392e+14 141.406045
692 5.991893e+14 157.446302
693 5.992393e+14 149.066571
694 5.992894e+14 149.683608
695 5.993394e+14 144.501965
696 5.993895e+14 144.758450
697 5.994395e+14 150.708273
698 5.994896e+14 149.875110
699 5.995396e+14 152.153665
700 5.995897e+14 138.775542
701 5.996397e+14 156.082165
702 5.996898e+14 154.819588
703 5.997398e+14 144.596530
704 5.997899e+14 147.941713
705 5.998399e+14 145.014051
706 5.998900e+14 145.405081
707 5.999400e+14 140.945324
708 5.999901e+14 153.513927
709 6.000401e+14 149.301608
710 6.000902e+14 145.392429
711 6.001402e+14 138.461491
712 6.001903e+14 137.563033
713 6.002403e+14 142.847438
714 6.002904e+14 150.930648
715 6.003404e+14 143.358085
716 6.003905e+14 144.428706
717 6.004405e+14 154.674635
718 6.004906e+14 145.703522
719 6.005406e+14 141.927793
720 6.005907e+14 155.989472
721 6.006407e+14 149.028336
722 6.006908e+14 151.328823
723 6.007408e+14 138.564418
724 6.007909e+14 142.020595
725 6.008409e+14 147.975840
726 6.008910e+14 158.380224
727 6.009410e+14 151.250901
728 6.009911e+14 149.052362
729 6.010411e+14 148.546300
730 6.010912e+14 149.851232
731 6.011412e+14 158.381243
732 6.011913e+14 138.878875
733 6.012413e+14 145.580893
734 6.012914e+14 146.121240
735 6.013414e+14 149.373348
736 6.013915e+14 148.002271
737 6.014415e+14 151.979972
738 6.014916e+14 135.580073
739 6.015416e+14 135.665461
740 6.015917e+14 140.307849
741 6.016417e+14 152.684549
742 6.016918e+14 149.411295
743 6.017418e+14 157.136328
744 6.017919e+14 137.532616
745 6.018419e+14 153.444189
746 6.018920e+14 149.256571
747 6.019420e+14 140.037180
748 6.019921e+14 145.369148
749 6.020421e+14 134.861057
750 6.020922e+14 140.947125
751 6.021422e+14 142.614501
752 6.021923e+14 135.080773
753 6.022423e+14 143.817984
754 6.022924e+14 137.054759
755 6.023424e+14 149.937348
756 6.023925e+14 134.694652
757 6.024425e+14 139.376277
758 6.024926e+14 150.850768
759 6.025426e+14 147.268799
760 6.025927e+14 138.410949
761 6.026427e+14 144.686508
762 6.026928e+14 141.459682
763 6.027428e+14 134.361539
764 6.027929e+14 148.656355
765 6.028429e+14 132.651671
766 6.028930e+14 141.941204
767 6.029430e+14 144.620325
768 6.029931e+14 138.405413
769 6.030431e+14 146.016193
770 6.030932e+14 151.206540
771 6.031432e+14 142.489435
772 6.031933e+14 144.051667
773 6.032433e+14 144.371981
774 6.032934e+14 142.376332
775 6.033434e+14 136.444096
776 6.033935e+14 144.564498
777 6.034435e+14 134.350334
778 6.034936e+14 133.141686
779 6.035436e+14 142.029733
780 6.035937e+14 140.226394
781 6.036437e+14 146.058273
782 6.036938e+14 147.375973
783 6.037438e+14 141.585693
784 6.037939e+14 148.329230
785 6.038439e+14 134.626082
786 6.038940e+14 148.173418
787 6.039440e+14 142.579559
788 6.039941e+14 146.933427
789 6.040441e+14 136.730450
790 6.040942e+14 140.709889
791 6.041442e+14 148.380823
792 6.041943e+14 130.432993
793 6.042443e+14 147.607909
794 6.042944e+14 129.363920
795 6.043444e+14 147.803941
796 6.043945e+14 146.281027
797 6.044445e+14 151.990276
798 6.044946e+14 135.761502
799 6.045446e+14 131.159403
800 6.045947e+14 147.444631
801 6.046447e+14 129.850175
802 6.046948e+14 138.583349
803 6.047448e+14 134.193799
804 6.047949e+14 135.732131
805 6.048449e+14 140.157021
806 6.048950e+14 124.963284
807 6.049450e+14 142.536234
808 6.049951e+14 136.249417
809 6.050451e+14 127.313093
810 6.050952e+14 137.205408
811 6.051452e+14 143.717969
812 6.051953e+14 147.749857
813 6.052453e+14 138.415853
814 6.052954e+14 138.085820
815 6.053454e+14 131.645844
816 6.053955e+14 136.767180
817 6.054455e+14 129.292904
818 6.054956e+14 135.087430
819 6.055456e+14 143.851309
820 6.055957e+14 146.464869
821 6.056457e+14 142.239026
822 6.056958e+14 147.072672
823 6.057458e+14 134.696054
824 6.057959e+14 133.886847
825 6.058459e+14 128.575113
826 6.058960e+14 129.459713
827 6.059460e+14 129.551621
828 6.059961e+14 135.606518
829 6.060461e+14 145.121125
830 6.060962e+14 133.989533
831 6.061462e+14 136.173731
832 6.061963e+14 139.417631
833 6.062463e+14 135.157218
834 6.062964e+14 140.143111
835 6.063464e+14 135.451053
836 6.063965e+14 133.654622
837 6.064465e+14 143.921664
838 6.064966e+14 131.243363
839 6.065466e+14 137.167857
840 6.065967e+14 143.213022
841 6.066467e+14 130.799887
842 6.066968e+14 144.385948
843 6.067468e+14 129.521543
844 6.067969e+14 140.057725
845 6.068469e+14 133.222077
846 6.068970e+14 133.958668
847 6.069470e+14 147.558704
848 6.069971e+14 128.334686
849 6.070471e+14 139.362454
850 6.070972e+14 129.134427
851 6.071472e+14 133.324903
852 6.071973e+14 123.978064
853 6.072473e+14 139.261997
854 6.072974e+14 138.633146
855 6.073474e+14 140.257308
856 6.073975e+14 132.433005
857 6.074475e+14 141.681181
858 6.074976e+14 133.443594
859 6.075476e+14 137.126587
860 6.075977e+14 137.477144
861 6.076477e+14 144.456566
862 6.076978e+14 133.372160
863 6.077478e+14 121.577247
864 6.077979e+14 133.978202
865 6.078479e+14 132.698326
866 6.078980e+14 129.161198
867 6.079480e+14 139.646742
868 6.079981e+14 116.987720
869 6.080481e+14 126.999093
870 6.080982e+14 136.565245
871 6.081482e+14 141.901124
872 6.081983e+14 134.564032
873 6.082483e+14 134.482847
874 6.082984e+14 131.220039
875 6.083484e+14 130.530076
876 6.083985e+14 133.833643
877 6.084485e+14 123.882578
878 6.084986e+14 131.859964
879 6.085486e+14 132.722662
880 6.085987e+14 135.846953
881 6.086487e+14 131.457556
882 6.086988e+14 132.138615
883 6.087488e+14 127.169763
884 6.087989e+14 125.951375
885 6.088489e+14 130.052771
886 6.088990e+14 144.463653
887 6.089490e+14 128.578810
888 6.089991e+14 139.153001
889 6.090491e+14 128.443928
890 6.090992e+14 134.665141
891 6.091492e+14 125.312343
892 6.091993e+14 128.194499
893 6.092493e+14 141.067410
894 6.092994e+14 135.454788
895 6.093494e+14 136.872804
896 6.093995e+14 153.203227
897 6.094495e+14 137.612465
898 6.094996e+14 127.191466
899 6.095496e+14 135.636806
900 6.095997e+14 137.934891
901 6.096497e+14 137.052525
902 6.096998e+14 133.472286
903 6.097498e+14 135.729992
904 6.097999e+14 134.278550
905 6.098499e+14 136.460302
906 6.099000e+14 124.698650
907 6.099500e+14 131.116448
908 6.100001e+14 138.314705
909 6.100501e+14 134.231478
910 6.101002e+14 137.770093
911 6.101502e+14 135.370875
912 6.102003e+14 133.367957
913 6.102503e+14 128.851793
914 6.103004e+14 136.821770
915 6.103504e+14 133.541811
916 6.104005e+14 142.272579
917 6.104505e+14 134.006628
918 6.105006e+14 140.267868
919 6.105506e+14 128.313414
920 6.106007e+14 129.936803
921 6.106507e+14 143.990734
922 6.107008e+14 125.403754
923 6.107508e+14 134.364729
924 6.108009e+14 129.426960
925 6.108509e+14 132.741963
926 6.109010e+14 137.053017
927 6.109510e+14 129.666442
928 6.110011e+14 126.968560
929 6.110511e+14 129.464904
930 6.111012e+14 134.394922
931 6.111512e+14 124.321114
932 6.112013e+14 128.927507
933 6.112513e+14 129.252236
934 6.113014e+14 131.042050
935 6.113514e+14 131.146974
936 6.114015e+14 139.837802
937 6.114515e+14 133.988302
938 6.115016e+14 126.160331
939 6.115516e+14 135.162640
940 6.116017e+14 137.929074
941 6.116517e+14 133.997865
942 6.117018e+14 133.146765
943 6.117518e+14 128.426714
944 6.118019e+14 137.833041
945 6.118519e+14 131.501336
946 6.119020e+14 131.884857
947 6.119520e+14 136.000195
948 6.120021e+14 140.255421
949 6.120521e+14 128.598039
950 6.121022e+14 133.984494
951 6.121522e+14 138.165216
952 6.122023e+14 123.363942
953 6.122523e+14 127.989936
954 6.123024e+14 123.400933
955 6.123524e+14 138.141538
956 6.124025e+14 136.491306
957 6.124525e+14 128.342434
958 6.125026e+14 131.598886
959 6.125526e+14 129.083688
960 6.126027e+14 138.884543
961 6.126527e+14 128.562905
962 6.127028e+14 137.945943
963 6.127528e+14 128.624167
964 6.128029e+14 134.199659
965 6.128529e+14 126.927145
966 6.129030e+14 127.334870
967 6.129530e+14 131.880354
968 6.130031e+14 137.849748
969 6.130531e+14 134.120936
970 6.131032e+14 123.939908
971 6.131532e+14 138.066259
972 6.132033e+14 127.856710
973 6.132533e+14 137.333846
974 6.133034e+14 144.615871
975 6.133534e+14 135.206629
976 6.134035e+14 133.778307
977 6.134535e+14 139.301125
978 6.135036e+14 132.188434
979 6.135536e+14 126.251068
980 6.136037e+14 139.739491
981 6.136537e+14 126.395044
982 6.137038e+14 133.275024
983 6.137538e+14 122.898097
984 6.138039e+14 134.213456
985 6.138539e+14 128.617517
986 6.139040e+14 140.688806
987 6.139540e+14 140.590363
988 6.140041e+14 137.841448
989 6.140541e+14 131.875523
990 6.141042e+14 127.513387
991 6.141542e+14 124.638302
992 6.142043e+14 133.755505
993 6.142543e+14 131.080533
994 6.143044e+14 124.389374
995 6.143544e+14 140.475137
996 6.144045e+14 128.926464
997 6.144545e+14 128.598084
998 6.145046e+14 127.586991
999 6.145546e+14 135.447362
