# Date: 19/07/01, Author: E.Hubble
# First column is index, second column is frequency (Hz), third column is spectra (A.U.)
0 5.622755e+14 132.442217
1 5.623256e+14 116.665556
2 5.623756e+14 123.502172
3 5.624257e+14 127.906482
4 5.624757e+14 129.482678
5 5.625258e+14 129.299628
6 5.625758e+14 131.933692
7 5.626259e+14 121.058245
8 5.626759e+14 132.666886
9 5.627260e+14 127.364773
10 5.627760e+14 131.573039
11 5.628261e+14 125.702170
12 5.628761e+14 132.510866
13 5.629262e+14 121.834147
14 5.629762e+14 128.106027
15 5.630263e+14 122.661574
16 5.630763e+14 130.295437
17 5.631264e+14 119.154673
18 5.631764e+14 122.453245
19 5.632265e+14 131.620326
20 5.632765e+14 124.838812
21 5.633266e+14 120.929936
22 5.633766e+14 128.882257
23 5.634267e+14 125.235286
24 5.634767e+14 133.108093
25 5.635268e+14 120.937844
26 5.635768e+14 124.676806
27 5.636269e+14 131.994669
28 5.636769e+14 125.771916
29 5.637270e+14 127.075527
30 5.637771e+14 134.018088
31 5.638271e+14 128.575396
32 5.638772e+14 123.122728
33 5.639272e+14 132.931620
34 5.639773e+14 123.211158
35 5.640273e+14 127.797334
36 5.640774e+14 126.189986
37 5.641274e+14 129.445734
38 5.641775e+14 136.207136
39 5.642275e+14 129.307213
40 5.642776e+14 119.723988
41 5.643276e+14 118.175697
42 5.643777e+14 139.389333
43 5.644277e+14 131.917757
44 5.644778e+14 135.123755
45 5.645278e+14 128.500531
46 5.645779e+14 135.984403
47 5.646279e+14 126.833182
48 5.646780e+14 126.545992
49 5.647280e+14 118.852269
50 5.647781e+14 119.305546
51 5.648281e+14 127.073672
52 5.648782e+14 128.475007
53 5.649282e+14 117.104908
54 5.649783e+14 124.369516
55 5.650283e+14 124.892718
56 5.650784e+14 126.608981
57 5.651284e+14 125.183369
58 5.651785e+14 127.848508
59 5.652285e+14 117.735217
60 5.652786e+14 121.263606
61 5.653286e+14 127.285717
62 5.653787e+14 129.850524
63 5.654287e+14 134.175789
64 5.654788e+14 131.731060
65 5.655288e+14 122.497923
66 5.655789e+14 126.984154
67 5.656289e+14 125.701172
68 5.656790e+14 136.198724
69 5.657290e+14 128.929439
70 5.657791e+14 131.488027
71 5.658291e+14 137.334489
72 5.658792e+14 122.597635
73 5.659292e+14 130.715516
74 5.659793e+14 122.245931
75 5.660293e+14 117.853821
76 5.660794e+14 126.945158
77 5.661294e+14 123.026265
78 5.661795e+14 132.528195
79 5.662295e+14 131.370431
80 5.662796e+14 118.877136
81 5.663296e+14 129.041111
82 5.663797e+14 140.076941
83 5.664297e+14 125.318616
84 5.664798e+14 114.909372
85 5.665298e+14 138.274850
86 5.665799e+14 134.729443
87 5.666299e+14 120.222424
88 5.666800e+14 131.702759
89 5.667300e+14 123.640008
90 5.667801e+14 130.884907
91 5.668301e+14 123.889582
92 5.668802e+14 124.331096
93 5.669302e+14 119.590689
94 5.669803e+14 134.738855
95 5.670303e+14 129.305495
96 5.670804e+14 116.442709
97 5.671304e+14 115.265209
98 5.671805e+14 130.289941
99 5.672305e+14 122.028039
100 5.672806e+14 125.836276
101 5.673306e+14 121.590382
102 5.673807e+14 129.615824
103 5.674307e+14 125.478117
104 5.674808e+14 135.393020
105 5.675308e+14 134.105025
106 5.675809e+14 111.844539
107 5.676309e+14 123.195327
108 5.676810e+14 137.602770
109 5.677310e+14 123.806267
110 5.677811e+14 125.075317
111 5.678311e+14 129.470802
112 5.678812e+14 126.211258
113 5.679312e+14 132.825464
114 5.679813e+14 125.697379
115 5.680313e+14 125.625234
116 5.680814e+14 118.915544
117 5.681314e+14 111.952941
118 5.681815e+14 127.694454
119 5.682315e+14 119.445207
120 5.682816e+14 123.285104
121 5.683316e+14 120.835676
122 5.683817e+14 127.322018
123 5.684317e+14 115.787145
124 5.684818e+14 123.071890
125 5.685318e+14 115.342820
126 5.685819e+14 124.214200
127 5.686319e+14 126.912973
128 5.686820e+14 140.537554
129 5.687320e+14 123.640937
130 5.687821e+14 113.465797
131 5.688321e+14 124.911524
132 5.688822e+14 120.945135
133 5.689322e+14 133.380180
134 5.689823e+14 117.331179
135 5.690323e+14 120.445154
136 5.690824e+14 134.393032
137 5.691324e+14 121.433912
138 5.691825e+14 122.678234
139 5.692325e+14 117.470559
140 5.692826e+14 112.928624
141 5.693326e+14 120.719413
142 5.693827e+14 125.288558
143 5.694327e+14 114.617990
144 5.694828e+14 122.524074
145 5.695328e+14 119.417372
146 5.695829e+14 115.943365
147 5.696329e+14 120.794551
148 5.696830e+14 121.100960
149 5.697330e+14 123.536552
150 5.697831e+14 128.790932
151 5.698331e+14 118.155365
152 5.698832e+14 119.292929
153 5.699332e+14 116.370204
154 5.699833e+14 131.664332
155 5.700333e+14 125.600669
156 5.700834e+14 122.519320
157 5.701334e+14 122.191326
158 5.701835e+14 136.680357
159 5.702335e+14 125.368614
160 5.702836e+14 117.211513
161 5.703336e+14 123.264504
162 5.703837e+14 126.018923
163 5.704337e+14 114.754172
164 5.704838e+14 126.589792
165 5.705338e+14 123.808882
166 5.705839e+14 122.940347
167 5.706339e+14 116.882866
168 5.706840e+14 127.763203
169 5.707340e+14 121.691237
170 5.707841e+14 130.998253
171 5.708341e+14 127.551934
172 5.708842e+14 127.598400
173 5.709342e+14 117.778076
174 5.709843e+14 115.429251
175 5.710343e+14 122.564408
176 5.710844e+14 124.420032
177 5.711344e+14 113.400821
178 5.711845e+14 125.148867
179 5.712345e+14 126.484322
180 5.712846e+14 121.286116
181 5.713346e+14 124.068176
182 5.713847e+14 119.512975
183 5.714347e+14 117.264558
184 5.714848e+14 116.817468
185 5.715348e+14 112.785456
186 5.715849e+14 121.616195
187 5.716349e+14 118.192490
188 5.716850e+14 130.169611
189 5.717350e+14 133.964969
190 5.717851e+14 116.197866
191 5.718351e+14 132.402964
192 5.718852e+14 113.265420
193 5.719352e+14 119.725863
194 5.719853e+14 126.494431
195 5.720353e+14 126.129931
196 5.720854e+14 121.238687
197 5.721354e+14 113.373984
198 5.721855e+14 112.526422
199 5.722355e+14 106.594850
200 5.722856e+14 114.054232
201 5.723356e+14 118.843517
202 5.723857e+14 117.112439
203 5.724357e+14 114.731531
204 5.724858e+14 114.319172
205 5.725358e+14 121.808692
206 5.725859e+14 120.609454
207 5.726359e+14 122.150086
208 5.726860e+14 134.189311
209 5.727360e+14 122.380944
210 5.727861e+14 112.828430
211 5.728361e+14 124.724687
212 5.728862e+14 124.896603
213 5.729362e+14 125.069609
214 5.729863e+14 130.166683
215 5.730363e+14 128.215130
216 5.730864e+14 118.598841
217 5.731364e+14 116.475198
218 5.731865e+14 134.655256
219 5.732365e+14 115.091050
220 5.732866e+14 118.409286
221 5.733366e+14 124.899986
222 5.733867e+14 120.337101
223 5.734367e+14 123.654295
224 5.734868e+14 119.149477
225 5.735368e+14 122.513841
226 5.735869e+14 119.176819
227 5.736369e+14 128.784342
228 5.736870e+14 120.458681
229 5.737370e+14 122.602561
230 5.737871e+14 134.945712
231 5.738371e+14 126.820794
232 5.738872e+14 137.942251
233 5.739372e+14 144.283480
234 5.739873e+14 149.880447
235 5.740373e+14 150.745097
236 5.740874e+14 153.113643
237 5.741374e+14 141.439912
238 5.741875e+14 136.598428
239 5.742375e+14 150.459249
240 5.742876e+14 148.936842
241 5.743376e+14 139.065441
242 5.743877e+14 120.715576
243 5.744377e+14 121.698440
244 5.744878e+14 115.460414
245 5.745378e+14 127.557660
246 5.745879e+14 119.196184
247 5.746379e+14 130.257851
248 5.746880e+14 128.360811
249 5.747380e+14 114.077552
250 5.747881e+14 121.487769
251 5.748381e+14 118.031746
252 5.748882e+14 115.722855
253 5.749382e+14 125.439850
254 5.749883e+14 127.198115
255 5.750383e+14 125.637649
256 5.750884e+14 131.118872
257 5.751384e+14 116.423936
258 5.751885e+14 122.370453
259 5.752385e+14 114.758957
260 5.752886e+14 116.596806
261 5.753386e+14 117.702209
262 5.753887e+14 115.432781
263 5.754387e+14 111.902288
264 5.754888e+14 126.805067
265 5.755388e+14 121.463275
266 5.755889e+14 128.733119
267 5.756389e+14 117.412622
268 5.756890e+14 121.887360
269 5.757390e+14 120.101754
270 5.757891e+14 117.284981
271 5.758391e+14 122.102702
272 5.758892e+14 116.619006
273 5.759392e+14 127.966682
274 5.759893e+14 128.707007
275 5.760393e+14 119.689830
276 5.760894e+14 116.718092
277 5.761394e+14 123.037099
278 5.761895e+14 122.100360
279 5.762395e+14 121.757593
280 5.762896e+14 121.233339
281 5.763396e+14 124.609871
282 5.763897e+14 127.947359
283 5.764397e+14 126.499378
284 5.764898e+14 109.648462
285 5.765398e+14 112.479744
286 5.765899e+14 114.118610
287 5.766399e+14 120.694329
288 5.766900e+14 118.390261
289 5.767400e+14 125.663842
290 5.767901e+14 124.445344
291 5.768401e+14 117.419046
292 5.768902e+14 125.997647
293 5.769402e+14 123.994794
294 5.769903e+14 116.491606
295 5.770403e+14 116.489509
296 5.770904e+14 118.499273
297 5.771404e+14 118.093657
298 5.771905e+14 106.246390
299 5.772405e+14 120.017920
300 5.772906e+14 125.796535
301 5.773406e+14 122.805943
302 5.773907e+14 129.642545
303 5.774407e+14 126.766062
304 5.774908e+14 113.641178
305 5.775408e+14 114.699322
306 5.775909e+14 117.791504
307 5.776409e+14 119.816874
308 5.776910e+14 118.879026
309 5.777410e+14 121.941933
310 5.777911e+14 105.805118
311 5.778411e+14 106.702709
312 5.778912e+14 117.914018
313 5.779412e+14 106.368525
314 5.779913e+14 121.133099
315 5.780413e+14 119.958462
316 5.780914e+14 114.186041
317 5.781414e+14 121.356049
318 5.781915e+14 117.960574
319 5.782415e+14 125.315429
320 5.782916e+14 113.754700
321 5.783416e+14 115.954251
322 5.783917e+14 114.977531
323 5.784417e+14 124.604823
324 5.784918e+14 113.691025
325 5.785418e+14 123.583627
326 5.785919e+14 110.672841
327 5.786419e+14 106.371180
328 5.786920e+14 122.940643
329 5.787420e+14 116.571797
330 5.787921e+14 112.677204
331 5.788421e+14 112.673528
332 5.788922e+14 114.769015
333 5.789422e+14 118.398169
334 5.789923e+14 117.314457
335 5.790423e+14 118.568704
336 5.790924e+14 116.921332
337 5.791424e+14 113.219785
338 5.791925e+14 114.483016
339 5.792425e+14 111.768904
340 5.792926e+14 113.987866
341 5.793426e+14 108.768010
342 5.793927e+14 116.736976
343 5.794427e+14 119.980015
344 5.794928e+14 104.310751
345 5.795428e+14 110.965447
346 5.795929e+14 110.112272
347 5.796429e+14 123.562856
348 5.796930e+14 111.409729
349 5.797430e+14 113.367028
350 5.797931e+14 125.116374
351 5.798431e+14 120.535738
352 5.798932e+14 114.966593
353 5.799432e+14 113.567246
354 5.799933e+14 107.950454
355 5.800433e+14 124.402484
356 5.800934e+14 119.230418
357 5.801434e+14 105.413269
358 5.801935e+14 118.970886
359 5.802435e+14 108.444643
360 5.802936e+14 121.669256
361 5.803436e+14 115.114336
362 5.803937e+14 121.687410
363 5.804437e+14 125.269658
364 5.804938e+14 124.079274
365 5.805438e+14 114.782089
366 5.805939e+14 112.587192
367 5.806439e+14 122.172030
368 5.806940e+14 118.509193
369 5.807440e+14 114.120589
370 5.807941e+14 109.032031
371 5.808441e+14 117.903021
372 5.808942e+14 107.552140
373 5.809442e+14 125.867259
374 5.809943e+14 116.166424
375 5.810443e+14 120.854104
376 5.810944e+14 111.860150
377 5.811444e+14 118.478335
378 5.811945e+14 120.854564
379 5.812445e+14 120.660387
380 5.812946e+14 112.742447
381 5.813446e+14 112.201931
382 5.813947e+14 119.108634
383 5.814447e+14 115.310097
384 5.814948e+14 113.428381
385 5.815448e+14 118.381040
386 5.815949e+14 120.896083
387 5.816449e+14 110.894568
388 5.816950e+14 107.364947
389 5.817450e+14 109.588839
390 5.817951e+14 108.449046
391 5.818451e+14 107.971530
392 5.818952e+14 106.679280
393 5.819452e+14 114.921250
394 5.819953e+14 121.171689
395 5.820453e+14 118.060958
396 5.820954e+14 124.483270
397 5.821454e+14 115.231894
398 5.821955e+14 113.560335
399 5.822455e+14 110.053737
400 5.822956e+14 103.572378
401 5.823456e+14 118.040566
402 5.823957e+14 119.294537
403 5.824457e+14 124.655936
404 5.824958e+14 114.963163
405 5.825458e+14 120.468491
406 5.825959e+14 113.122300
407 5.826459e+14 107.845689
408 5.826960e+14 115.196673
409 5.827460e+14 112.679424
410 5.827961e+14 107.251391
411 5.828461e+14 120.746330
412 5.828962e+14 108.840292
413 5.829462e+14 112.845701
414 5.829963e+14 112.331420
415 5.830463e+14 116.968353
416 5.830964e+14 120.779023
417 5.831464e+14 113.412573
418 5.831965e+14 112.193027
419 5.832465e+14 116.375115
420 5.832966e+14 115.889126
421 5.833466e+14 115.830966
422 5.833967e+14 113.227477
423 5.834467e+14 120.256552
424 5.834968e+14 109.715887
425 5.835468e+14 112.559807
426 5.835969e+14 117.944567
427 5.836469e+14 119.501539
428 5.836970e+14 111.240375
429 5.837470e+14 106.657882
430 5.837971e+14 112.590523
431 5.838471e+14 106.074378
432 5.838972e+14 113.521205
433 5.839472e+14 109.751850
434 5.839973e+14 119.829572
435 5.840473e+14 112.092542
436 5.840974e+14 116.686403
437 5.841474e+14 119.552991
438 5.841975e+14 109.753432
439 5.842475e+14 106.823864
440 5.842976e+14 122.060476
441 5.843476e+14 112.040909
442 5.843977e+14 110.197564
443 5.844477e+14 106.761969
444 5.844978e+14 113.540873
445 5.845478e+14 111.879519
446 5.845979e+14 120.410749
447 5.846479e+14 119.541669
448 5.846980e+14 110.705830
449 5.847480e+14 118.468134
450 5.847981e+14 114.810761
451 5.848481e+14 116.710551
452 5.848982e+14 107.785032
453 5.849482e+14 108.079923
454 5.849983e+14 106.920286
455 5.850483e+14 110.162083
456 5.850984e+14 121.126935
457 5.851484e+14 114.271998
458 5.851985e+14 131.044708
459 5.852485e+14 116.383543
460 5.852986e+14 110.809583
461 5.853486e+14 109.864524
462 5.853987e+14 107.149245
463 5.854487e+14 114.619105
464 5.854988e+14 112.492742
465 5.855488e+14 113.560740
466 5.855989e+14 114.378341
467 5.856489e+14 114.973374
468 5.856990e+14 110.384350
469 5.857490e+14 107.567068
470 5.857991e+14 109.639419
471 5.858491e+14 117.013758
472 5.858992e+14 117.193845
473 5.859492e+14 104.777668
474 5.859993e+14 103.278725
475 5.860493e+14 116.197686
476 5.860994e+14 119.120354
477 5.861494e+14 114.718815
478 5.861995e+14 118.872675
479 5.862495e+14 114.392618
480 5.862996e+14 103.898256
481 5.863496e+14 123.441725
482 5.863997e+14 122.254636
483 5.864497e+14 108.998254
484 5.864998e+14 105.400806
485 5.865498e+14 118.993542
486 5.865999e+14 111.955974
487 5.866499e+14 107.436138
488 5.867000e+14 115.363500
489 5.867500e+14 103.892197
490 5.868001e+14 102.339172
491 5.868501e+14 112.226764
492 5.869002e+14 109.324521
493 5.869502e+14 107.576446
494 5.870003e+14 105.565963
495 5.870503e+14 100.402738
496 5.871004e+14 110.107433
497 5.871504e+14 105.762312
498 5.872005e+14 113.222019
499 5.872505e+14 111.582859
500 5.873006e+14 110.784936
501 5.873506e+14 99.484706
502 5.874007e+14 101.264387
503 5.874507e+14 114.643229
504 5.875008e+14 107.071272
505 5.875508e+14 110.903121
506 5.876009e+14 111.274292
507 5.876509e+14 109.754955
508 5.877010e+14 105.810873
509 5.877510e+14 114.123948
510 5.878011e+14 97.015613
511 5.878511e+14 100.164972
512 5.879012e+14 121.889679
513 5.879512e+14 107.984718
514 5.880013e+14 112.444523
515 5.880513e+14 118.414060
516 5.881014e+14 115.018461
517 5.881514e+14 106.450242
518 5.882015e+14 98.916733
519 5.882515e+14 114.489824
520 5.883016e+14 113.602010
521 5.883516e+14 111.328991
522 5.884017e+14 114.353223
523 5.884517e+14 99.299926
524 5.885018e+14 116.450558
525 5.885518e+14 110.171755
526 5.886019e+14 115.026132
527 5.886519e+14 117.766457
528 5.887020e+14 111.685369
529 5.887520e+14 113.862293
530 5.888021e+14 112.029358
531 5.888521e+14 106.117178
532 5.889022e+14 99.762406
533 5.889522e+14 122.842721
534 5.890023e+14 111.241959
535 5.890523e+14 112.827044
536 5.891024e+14 103.821659
537 5.891524e+14 115.015722
538 5.892025e+14 110.339485
539 5.892525e+14 118.693824
540 5.893026e+14 107.329720
541 5.893526e+14 108.461539
542 5.894027e+14 107.567865
543 5.894527e+14 103.540820
544 5.895028e+14 110.201865
545 5.895528e+14 111.276408
546 5.896029e+14 98.189809
547 5.896529e+14 107.111929
548 5.897030e+14 104.864225
549 5.897530e+14 95.300242
550 5.898031e+14 100.639385
551 5.898531e+14 111.472569
552 5.899032e+14 124.915159
553 5.899532e+14 107.185569
554 5.900033e+14 113.075682
555 5.900533e+14 109.355242
556 5.901034e+14 117.118993
557 5.901534e+14 116.887255
558 5.902035e+14 113.948884
559 5.902535e+14 111.255515
560 5.903036e+14 107.692852
561 5.903536e+14 100.811644
562 5.904037e+14 120.203931
563 5.904537e+14 117.692027
564 5.905038e+14 103.679839
565 5.905538e+14 122.532341
566 5.906039e+14 91.939054
567 5.906539e+14 113.218532
568 5.907040e+14 105.971313
569 5.907540e+14 119.110269
570 5.908041e+14 111.019226
571 5.908541e+14 111.032530
572 5.909042e+14 104.038955
573 5.909542e+14 106.600772
574 5.910043e+14 113.859887
575 5.910543e+14 116.277142
576 5.911044e+14 112.902089
577 5.911544e+14 117.461692
578 5.912045e+14 97.965094
579 5.912545e+14 106.155696
580 5.913046e+14 105.605998
581 5.913546e+14 107.890789
582 5.914047e+14 101.810506
583 5.914547e+14 117.221824
584 5.915048e+14 108.599627
585 5.915548e+14 91.366076
586 5.916049e+14 115.658949
587 5.916549e+14 109.975332
588 5.917050e+14 103.152309
589 5.917550e+14 109.572301
590 5.918051e+14 100.508435
591 5.918551e+14 102.719729
592 5.919052e+14 113.720399
593 5.919552e+14 105.168677
594 5.920053e+14 103.205425
595 5.920553e+14 110.316107
596 5.921054e+14 108.856516
597 5.921554e+14 123.889088
598 5.922055e+14 112.623022
599 5.922555e+14 110.595098
600 5.923056e+14 112.530910
601 5.923556e+14 110.157943
602 5.924057e+14 109.328836
603 5.924557e+14 108.194308
604 5.925058e+14 107.350517
605 5.925558e+14 99.616336
606 5.926059e+14 112.302304
607 5.926559e+14 108.401127
608 5.927060e+14 106.773898
609 5.927560e+14 111.426637
610 5.928061e+14 114.272563
611 5.928561e+14 112.641795
612 5.929062e+14 109.138060
613 5.929562e+14 110.651253
614 5.930063e+14 101.539980
615 5.930563e+14 111.672314
616 5.931064e+14 107.073815
617 5.931564e+14 98.695652
618 5.932065e+14 102.281709
619 5.932565e+14 108.539414
620 5.933066e+14 108.788465
621 5.933566e+14 106.514022
622 5.934067e+14 104.365076
623 5.934567e+14 106.902261
624 5.935068e+14 108.518463
625 5.935568e+14 98.151473
626 5.936069e+14 107.113981
627 5.936569e+14 102.142937
628 5.937070e+14 105.518889
629 5.937570e+14 104.609621
630 5.938071e+14 103.439363
631 5.938571e+14 105.161327
632 5.939072e+14 108.433026
633 5.939572e+14 99.877818
634 5.940073e+14 105.038338
635 5.940573e+14 109.465603
636 5.941074e+14 107.115936
637 5.941574e+14 97.605720
638 5.942075e+14 105.836522
639 5.942575e+14 111.445481
640 5.943076e+14 113.590359
641 5.943576e+14 103.490922
642 5.944077e+14 108.953719
643 5.944577e+14 107.701391
644 5.945078e+14 105.330250
645 5.945578e+14 116.514559
646 5.946079e+14 106.835053
647 5.946579e+14 100.179137
648 5.947080e+14 99.931683
649 5.947580e+14 102.500568
650 5.948081e+14 112.915797
651 5.948581e+14 107.945389
652 5.949082e+14 101.791993
653 5.949582e+14 104.237196
654 5.950083e+14 121.065490
655 5.950583e+14 112.035504
656 5.951084e+14 108.724035
657 5.951584e+14 111.930644
658 5.952085e+14 114.132995
659 5.952585e+14 108.856198
660 5.953086e+14 107.418741
661 5.953586e+14 100.953182
662 5.954087e+14 102.733999
663 5.954587e+14 111.662885
664 5.955088e+14 105.787543
665 5.955588e+14 88.450786
666 5.956089e+14 107.923176
667 5.956589e+14 113.782981
668 5.957090e+14 95.298102
669 5.957590e+14 100.695717
670 5.958091e+14 110.417954
671 5.958591e+14 97.850768
672 5.959092e+14 103.452311
673 5.959592e+14 90.994538
674 5.960093e+14 107.647173
675 5.960593e+14 96.087705
676 5.961094e+14 112.087125
677 5.961594e+14 109.068410
678 5.962095e+14 94.361600
679 5.962595e+14 107.262828
680 5.963096e+14 104.167868
681 5.963596e+14 101.774404
682 5.964097e+14 95.718153
683 5.964597e+14 116.126043
684 5.965098e+14 109.285112
685 5.965598e+14 108.451644
686 5.966099e+14 113.434382
687 5.966599e+14 103.546258
688 5.967100e+14 103.381113
689 5.967600e+14 103.492061
690 5.968101e+14 97.671176
691 5.968601e+14 102.635103
692 5.969102e+14 110.135225
693 5.969602e+14 101.254922
694 5.970103e+14 113.613693
695 5.970603e+14 103.358431
696 5.971104e+14 98.777824
697 5.971604e+14 111.279932
698 5.972105e+14 105.996655
699 5.972605e+14 111.035985
700 5.973106e+14 100.445240
701 5.973606e+14 109.049317
702 5.974107e+14 101.396354
703 5.974607e+14 110.088408
704 5.975108e+14 105.557129
705 5.975608e+14 91.677894
706 5.976109e+14 99.778632
707 5.976609e+14 104.323041
708 5.977110e+14 109.967735
709 5.977610e+14 102.526508
710 5.978111e+14 109.832127
711 5.978611e+14 115.060251
712 5.979112e+14 93.686281
713 5.979612e+14 121.765027
714 5.980113e+14 97.112293
715 5.980613e+14 105.823499
716 5.981114e+14 103.926013
717 5.981614e+14 106.399322
718 5.982115e+14 102.924884
719 5.982615e+14 113.826565
720 5.983116e+14 105.715849
721 5.983616e+14 101.489493
722 5.984117e+14 111.944778
723 5.984617e+14 102.678356
724 5.985118e+14 110.473114
725 5.985618e+14 101.913470
726 5.986119e+14 94.553904
727 5.986619e+14 107.399581
728 5.987120e+14 87.415818
729 5.987620e+14 104.457258
730 5.988121e+14 111.795800
731 5.988621e+14 108.330118
732 5.989122e+14 109.146269
733 5.989622e+14 100.896247
734 5.990123e+14 114.560760
735 5.990623e+14 109.705869
736 5.991124e+14 105.973486
737 5.991624e+14 108.945783
738 5.992125e+14 103.828881
739 5.992625e+14 103.295612
740 5.993126e+14 95.654119
741 5.993626e+14 105.680034
742 5.994127e+14 106.408698
743 5.994627e+14 96.386557
744 5.995128e+14 104.987984
745 5.995628e+14 96.359003
746 5.996129e+14 103.145002
747 5.996629e+14 99.769370
748 5.997130e+14 103.971351
749 5.997630e+14 89.236377
750 5.998131e+14 106.142094
751 5.998631e+14 96.432734
752 5.999132e+14 111.702722
753 5.999632e+14 107.767096
754 6.000133e+14 105.783944
755 6.000633e+14 98.715074
756 6.001134e+14 107.763512
757 6.001634e+14 102.510629
758 6.002135e+14 101.981746
759 6.002635e+14 108.167685
760 6.003136e+14 99.386082
761 6.003636e+14 105.981743
762 6.004137e+14 92.557135
763 6.004637e+14 95.374825
764 6.005138e+14 97.902426
765 6.005638e+14 99.409223
766 6.006139e+14 100.625476
767 6.006639e+14 104.256652
768 6.007140e+14 108.506624
769 6.007640e+14 102.030672
770 6.008141e+14 99.851321
771 6.008641e+14 96.330261
772 6.009142e+14 103.901653
773 6.009642e+14 103.095942
774 6.010143e+14 101.837357
775 6.010643e+14 102.596152
776 6.011144e+14 95.884140
777 6.011644e+14 97.739249
778 6.012145e+14 95.991732
779 6.012645e+14 102.853090
780 6.013146e+14 96.379119
781 6.013646e+14 107.451728
782 6.014147e+14 100.268156
783 6.014647e+14 99.312478
784 6.015148e+14 95.450303
785 6.015648e+14 105.185803
786 6.016149e+14 98.208245
787 6.016649e+14 104.696440
788 6.017150e+14 87.080348
789 6.017650e+14 109.497692
790 6.018151e+14 96.487578
791 6.018651e+14 97.551161
792 6.019152e+14 91.943057
793 6.019652e+14 102.609817
794 6.020153e+14 101.944916
795 6.020653e+14 89.790625
796 6.021154e+14 98.064211
797 6.021654e+14 98.988157
798 6.022155e+14 102.228494
799 6.022655e+14 102.879784
800 6.023156e+14 95.287396
801 6.023656e+14 99.182581
802 6.024157e+14 100.827269
803 6.024657e+14 102.277884
804 6.025158e+14 103.607763
805 6.025658e+14 86.571467
806 6.026159e+14 100.237305
807 6.026659e+14 101.743147
808 6.027160e+14 95.602838
809 6.027660e+14 110.189002
810 6.028161e+14 98.015803
811 6.028661e+14 96.352897
812 6.029162e+14 99.100785
813 6.029662e+14 98.528598
814 6.030163e+14 91.924545
815 6.030663e+14 102.024442
816 6.031164e+14 96.181793
817 6.031664e+14 106.959910
818 6.032165e+14 92.539413
819 6.032665e+14 111.299377
820 6.033166e+14 92.235504
821 6.033666e+14 90.441968
822 6.034167e+14 90.636128
823 6.034667e+14 106.236393
824 6.035168e+14 101.271040
825 6.035668e+14 93.543468
826 6.036169e+14 97.186519
827 6.036669e+14 92.785044
828 6.037170e+14 92.789247
829 6.037670e+14 107.313018
830 6.038171e+14 109.520415
831 6.038671e+14 99.986408
832 6.039172e+14 99.306638
833 6.039672e+14 93.017756
834 6.040173e+14 98.332155
835 6.040673e+14 93.439484
836 6.041174e+14 107.463483
837 6.041674e+14 91.065542
838 6.042175e+14 115.362346
839 6.042675e+14 98.625969
840 6.043176e+14 108.450368
841 6.043676e+14 101.928891
842 6.044177e+14 94.719633
843 6.044677e+14 106.037861
844 6.045178e+14 106.236948
845 6.045678e+14 98.457462
846 6.046179e+14 99.881878
847 6.046679e+14 100.131303
848 6.047180e+14 101.694393
849 6.047680e+14 107.619655
850 6.048181e+14 106.734955
851 6.048681e+14 107.761528
852 6.049182e+14 109.335156
853 6.049682e+14 99.566120
854 6.050183e+14 105.483060
855 6.050683e+14 97.496211
856 6.051184e+14 101.093697
857 6.051684e+14 98.926423
858 6.052185e+14 99.732505
859 6.052685e+14 106.270759
860 6.053186e+14 101.114533
861 6.053686e+14 98.026578
862 6.054187e+14 94.441075
863 6.054687e+14 98.098145
864 6.055188e+14 98.470513
865 6.055688e+14 98.964152
866 6.056189e+14 100.717277
867 6.056689e+14 99.646465
868 6.057190e+14 102.920928
869 6.057690e+14 114.130625
870 6.058191e+14 89.296054
871 6.058691e+14 83.033262
872 6.059192e+14 93.518796
873 6.059692e+14 111.238512
874 6.060193e+14 105.491774
875 6.060693e+14 98.973139
876 6.061194e+14 96.868430
877 6.061694e+14 98.074374
878 6.062195e+14 95.035187
879 6.062695e+14 95.793650
880 6.063196e+14 99.546661
881 6.063696e+14 111.257154
882 6.064197e+14 99.489726
883 6.064697e+14 98.093939
884 6.065198e+14 97.466838
885 6.065698e+14 94.132204
886 6.066199e+14 93.846544
887 6.066699e+14 90.813819
888 6.067200e+14 95.945107
889 6.067700e+14 85.585053
890 6.068201e+14 103.299117
891 6.068701e+14 106.184402
892 6.069202e+14 93.601530
893 6.069702e+14 100.712340
894 6.070203e+14 101.214074
895 6.070703e+14 95.220719
896 6.071204e+14 98.152547
897 6.071704e+14 95.280519
898 6.072205e+14 92.541189
899 6.072705e+14 99.451031
900 6.073206e+14 108.514657
901 6.073706e+14 95.787187
902 6.074207e+14 104.264430
903 6.074707e+14 98.506869
904 6.075208e+14 87.659244
905 6.075708e+14 98.711206
906 6.076209e+14 96.883379
907 6.076709e+14 95.756316
908 6.077210e+14 89.363197
909 6.077710e+14 102.616775
910 6.078211e+14 100.322068
911 6.078711e+14 92.409451
912 6.079212e+14 107.237607
913 6.079712e+14 108.442567
914 6.080213e+14 98.254637
915 6.080713e+14 106.349391
916 6.081214e+14 98.623066
917 6.081714e+14 97.062763
918 6.082215e+14 99.593492
919 6.082715e+14 92.668440
920 6.083216e+14 103.501536
921 6.083716e+14 93.495142
922 6.084217e+14 91.247186
923 6.084717e+14 103.224409
924 6.085218e+14 99.455926
925 6.085718e+14 95.091934
926 6.086219e+14 103.910676
927 6.086719e+14 89.523941
928 6.087220e+14 100.480951
929 6.087720e+14 101.385149
930 6.088221e+14 101.226909
931 6.088721e+14 97.924251
932 6.089222e+14 105.728384
933 6.089722e+14 104.495549
934 6.090223e+14 97.771197
935 6.090723e+14 97.720787
936 6.091224e+14 90.926902
937 6.091724e+14 94.687636
938 6.092225e+14 86.389325
939 6.092725e+14 92.842099
940 6.093226e+14 105.778742
941 6.093726e+14 90.302562
942 6.094227e+14 95.619635
943 6.094727e+14 96.158278
944 6.095228e+14 102.747070
945 6.095728e+14 96.517319
946 6.096229e+14 99.507012
947 6.096729e+14 80.356823
948 6.097230e+14 99.085483
949 6.097730e+14 105.678420
950 6.098231e+14 91.988963
951 6.098731e+14 101.094799
952 6.099232e+14 99.853657
953 6.099732e+14 85.829996
954 6.100233e+14 103.640619
955 6.100733e+14 87.696056
956 6.101234e+14 94.286677
957 6.101734e+14 91.861254
958 6.102235e+14 92.917848
959 6.102735e+14 104.267423
960 6.103236e+14 98.733887
961 6.103736e+14 84.599848
962 6.104237e+14 98.599148
963 6.104737e+14 96.498025
964 6.105238e+14 90.340546
965 6.105738e+14 95.338889
966 6.106239e+14 98.615635
967 6.106739e+14 94.483673
968 6.107240e+14 99.726663
969 6.107740e+14 96.178376
970 6.108241e+14 96.414381
971 6.108741e+14 99.241989
972 6.109242e+14 100.835094
973 6.109742e+14 86.971845
974 6.110243e+14 86.097454
975 6.110743e+14 96.097306
976 6.111244e+14 98.270275
977 6.111744e+14 88.976967
978 6.112245e+14 92.560036
979 6.112745e+14 98.424172
980 6.113246e+14 89.557605
981 6.113746e+14 92.184716
982 6.114247e+14 95.250380
983 6.114747e+14 97.576116
984 6.115248e+14 99.020333
985 6.115748e+14 98.853398
986 6.116249e+14 99.872247
987 6.116749e+14 88.632679
988 6.117250e+14 87.542058
989 6.117750e+14 91.493733
990 6.118251e+14 93.881832
991 6.118751e+14 90.349463
992 6.119252e+14 87.963141
993 6.119752e+14 96.139582
994 6.120253e+14 91.689352
995 6.120753e+14 92.287503
996 6.121254e+14 88.314263
997 6.121754e+14 99.603329
998 6.122255e+14 99.559887
999 6.122755e+14 100.527700
