# Date: 19/07/01, Author: E.Hubble
# First column is index, second column is frequency (Hz), third column is spectra (A.U.)
0 5.684464e+14 97.401274
1 5.684965e+14 101.495798
2 5.685465e+14 104.299871
3 5.685966e+14 103.757104
4 5.686466e+14 97.450240
5 5.686967e+14 102.806520
6 5.687467e+14 103.055469
7 5.687968e+14 100.854315
8 5.688468e+14 97.523933
9 5.688969e+14 116.077857
10 5.689469e+14 110.057111
11 5.689970e+14 105.577146
12 5.690470e+14 103.328493
13 5.690971e+14 99.841562
14 5.691471e+14 94.387763
15 5.691972e+14 100.246857
16 5.692472e+14 113.327753
17 5.692973e+14 98.178688
18 5.693473e+14 118.830363
19 5.693974e+14 103.019380
20 5.694474e+14 105.775378
21 5.694975e+14 108.410268
22 5.695475e+14 112.001137
23 5.695976e+14 102.771838
24 5.696476e+14 112.509672
25 5.696977e+14 108.112174
26 5.697477e+14 112.237871
27 5.697978e+14 115.088101
28 5.698478e+14 94.405808
29 5.698979e+14 113.104706
30 5.699479e+14 108.083255
31 5.699980e+14 104.693651
32 5.700480e+14 104.167589
33 5.700981e+14 110.399567
34 5.701481e+14 106.504680
35 5.701982e+14 104.350145
36 5.702482e+14 105.401678
37 5.702983e+14 108.110819
38 5.703483e+14 107.805211
39 5.703984e+14 106.462952
40 5.704484e+14 104.102716
41 5.704985e+14 107.722787
42 5.705485e+14 112.179719
43 5.705986e+14 109.820270
44 5.706486e+14 103.204592
45 5.706987e+14 99.979000
46 5.707487e+14 96.002107
47 5.707988e+14 107.413789
48 5.708488e+14 105.935940
49 5.708989e+14 107.640935
50 5.709489e+14 104.466859
51 5.709990e+14 112.539139
52 5.710490e+14 96.592553
53 5.710991e+14 106.833991
54 5.711491e+14 105.697834
55 5.711992e+14 92.219056
56 5.712492e+14 98.659736
57 5.712993e+14 100.139223
58 5.713493e+14 100.491476
59 5.713994e+14 99.094987
60 5.714494e+14 108.069672
61 5.714995e+14 121.455299
62 5.715495e+14 119.158156
63 5.715996e+14 109.176091
64 5.716496e+14 107.673927
65 5.716997e+14 100.116316
66 5.717497e+14 118.511707
67 5.717998e+14 110.456991
68 5.718498e+14 105.560450
69 5.718999e+14 105.959609
70 5.719499e+14 114.300453
71 5.720000e+14 113.625340
72 5.720500e+14 109.290861
73 5.721001e+14 93.243850
74 5.721501e+14 96.379059
75 5.722002e+14 103.647649
76 5.722502e+14 107.053240
77 5.723003e+14 105.309632
78 5.723503e+14 110.006035
79 5.724004e+14 115.651790
80 5.724504e+14 96.124640
81 5.725005e+14 111.321890
82 5.725505e+14 106.004625
83 5.726006e+14 109.031819
84 5.726506e+14 109.236121
85 5.727007e+14 105.402394
86 5.727507e+14 108.773216
87 5.728008e+14 102.971604
88 5.728508e+14 117.560738
89 5.729009e+14 104.223483
90 5.729509e+14 109.866875
91 5.730010e+14 100.656486
92 5.730510e+14 109.911019
93 5.731011e+14 104.325129
94 5.731511e+14 96.952335
95 5.732012e+14 109.568136
96 5.732512e+14 113.402568
97 5.733013e+14 111.129743
98 5.733513e+14 102.930361
99 5.734014e+14 102.938436
100 5.734514e+14 98.829936
101 5.735015e+14 99.058427
102 5.735515e+14 116.346591
103 5.736016e+14 103.091768
104 5.736516e+14 104.379734
105 5.737017e+14 107.260913
106 5.737517e+14 104.283626
107 5.738018e+14 98.608535
108 5.738518e+14 119.200446
109 5.739019e+14 97.956195
110 5.739519e+14 111.965267
111 5.740020e+14 111.516462
112 5.740520e+14 116.696080
113 5.741021e+14 114.142831
114 5.741521e+14 114.765297
115 5.742022e+14 106.988305
116 5.742522e+14 98.371118
117 5.743023e+14 103.358790
118 5.743523e+14 92.361049
119 5.744024e+14 107.637424
120 5.744524e+14 103.401549
121 5.745025e+14 116.447662
122 5.745525e+14 113.156308
123 5.746026e+14 109.919101
124 5.746526e+14 109.168591
125 5.747027e+14 104.530414
126 5.747527e+14 100.045913
127 5.748028e+14 105.671049
128 5.748528e+14 114.695524
129 5.749029e+14 108.078692
130 5.749529e+14 106.653045
131 5.750030e+14 113.161257
132 5.750530e+14 112.110100
133 5.751031e+14 110.542487
134 5.751531e+14 114.183137
135 5.752032e+14 113.742172
136 5.752532e+14 111.530435
137 5.753033e+14 95.905469
138 5.753533e+14 109.606818
139 5.754034e+14 99.297478
140 5.754534e+14 102.153845
141 5.755035e+14 102.302378
142 5.755535e+14 107.905958
143 5.756036e+14 108.634903
144 5.756536e+14 105.087777
145 5.757037e+14 108.544066
146 5.757537e+14 109.561886
147 5.758038e+14 112.918930
148 5.758538e+14 102.249382
149 5.759039e+14 109.947267
150 5.759539e+14 108.922243
151 5.760040e+14 107.986389
152 5.760540e+14 116.290740
153 5.761041e+14 108.168962
154 5.761541e+14 104.636788
155 5.762042e+14 112.900098
156 5.762542e+14 104.372770
157 5.763043e+14 104.606097
158 5.763543e+14 110.895400
159 5.764044e+14 100.152365
160 5.764544e+14 110.737729
161 5.765045e+14 106.549857
162 5.765545e+14 101.287184
163 5.766046e+14 99.783987
164 5.766546e+14 105.691333
165 5.767047e+14 109.404162
166 5.767547e+14 112.310508
167 5.768048e+14 99.067684
168 5.768548e+14 99.001670
169 5.769049e+14 115.074352
170 5.769549e+14 107.040944
171 5.770050e+14 108.610920
172 5.770550e+14 103.656527
173 5.771051e+14 107.517931
174 5.771551e+14 104.792005
175 5.772052e+14 100.964486
176 5.772552e+14 115.640701
177 5.773053e+14 100.802964
178 5.773553e+14 102.791380
179 5.774054e+14 113.300827
180 5.774554e+14 115.502035
181 5.775055e+14 102.195186
182 5.775555e+14 117.029301
183 5.776056e+14 99.018597
184 5.776556e+14 105.178373
185 5.777057e+14 103.134843
186 5.777557e+14 110.436165
187 5.778058e+14 107.430844
188 5.778558e+14 100.053293
189 5.779059e+14 115.921328
190 5.779559e+14 101.297982
191 5.780060e+14 97.110155
192 5.780560e+14 100.076401
193 5.781061e+14 111.654636
194 5.781561e+14 106.752406
195 5.782062e+14 93.249505
196 5.782562e+14 110.681176
197 5.783063e+14 113.249006
198 5.783563e+14 107.114765
199 5.784064e+14 104.559489
200 5.784564e+14 115.032900
201 5.785065e+14 107.183509
202 5.785565e+14 114.145480
203 5.786066e+14 104.259478
204 5.786566e+14 100.245077
205 5.787067e+14 99.274799
206 5.787567e+14 102.538169
207 5.788068e+14 98.433337
208 5.788568e+14 95.211034
209 5.789069e+14 102.908984
210 5.789569e+14 110.829961
211 5.790070e+14 116.423444
212 5.790570e+14 98.698901
213 5.791071e+14 116.130705
214 5.791571e+14 109.411274
215 5.792072e+14 101.691647
216 5.792572e+14 99.135059
217 5.793073e+14 106.670979
218 5.793573e+14 112.149047
219 5.794074e+14 109.243087
220 5.794574e+14 119.066555
221 5.795075e+14 111.131990
222 5.795575e+14 110.527354
223 5.796076e+14 104.360559
224 5.796576e+14 107.043619
225 5.797077e+14 114.778190
226 5.797577e+14 118.818086
227 5.798078e+14 105.793163
228 5.798578e+14 107.034137
229 5.799079e+14 111.894918
230 5.799579e+14 103.545642
231 5.800080e+14 116.230533
232 5.800580e+14 107.154442
233 5.801081e+14 111.939272
234 5.801581e+14 107.646687
235 5.802082e+14 101.122517
236 5.802582e+14 115.896841
237 5.803083e+14 108.618284
238 5.803583e+14 90.772986
239 5.804084e+14 106.790253
240 5.804584e+14 106.338004
241 5.805085e+14 102.008416
242 5.805585e+14 116.286930
243 5.806086e+14 104.748534
244 5.806586e+14 109.923262
245 5.807087e+14 100.260257
246 5.807587e+14 104.030318
247 5.808088e+14 100.782243
248 5.808588e+14 109.117181
249 5.809089e+14 118.687958
250 5.809589e+14 116.029730
251 5.810090e+14 101.300854
252 5.810590e+14 104.775472
253 5.811091e+14 109.922151
254 5.811591e+14 126.411078
255 5.812092e+14 104.452301
256 5.812592e+14 108.500661
257 5.813093e+14 99.546387
258 5.813593e+14 109.079021
259 5.814094e+14 101.413587
260 5.814594e+14 114.769467
261 5.815095e+14 118.431353
262 5.815595e+14 101.974660
263 5.816096e+14 117.187248
264 5.816596e+14 118.959548
265 5.817097e+14 115.576485
266 5.817597e+14 106.215898
267 5.818098e+14 101.349291
268 5.818598e+14 107.355489
269 5.819099e+14 107.852619
270 5.819599e+14 99.218993
271 5.820100e+14 111.809107
272 5.820600e+14 101.249317
273 5.821101e+14 112.853673
274 5.821601e+14 119.964072
275 5.822102e+14 109.873079
276 5.822602e+14 101.268324
277 5.823103e+14 107.898624
278 5.823603e+14 109.930659
279 5.824104e+14 98.875553
280 5.824604e+14 98.121448
281 5.825105e+14 126.979447
282 5.825605e+14 104.522265
283 5.826106e+14 108.765775
284 5.826606e+14 106.378243
285 5.827107e+14 106.984578
286 5.827607e+14 114.454797
287 5.828108e+14 112.972590
288 5.828608e+14 120.812876
289 5.829109e+14 119.902901
290 5.829609e+14 102.744110
291 5.830110e+14 103.682357
292 5.830610e+14 107.825391
293 5.831111e+14 105.350399
294 5.831611e+14 100.139280
295 5.832112e+14 100.484621
296 5.832612e+14 109.963499
297 5.833113e+14 108.650405
298 5.833613e+14 99.505172
299 5.834114e+14 104.114500
300 5.834614e+14 112.367275
301 5.835115e+14 111.553515
302 5.835615e+14 107.754326
303 5.836116e+14 107.354572
304 5.836616e+14 111.162491
305 5.837117e+14 106.169386
306 5.837617e+14 102.481917
307 5.838118e+14 104.599637
308 5.838618e+14 106.619174
309 5.839119e+14 115.010763
310 5.839619e+14 111.109173
311 5.840120e+14 108.048050
312 5.840620e+14 109.060788
313 5.841121e+14 101.808879
314 5.841621e+14 114.251803
315 5.842122e+14 111.017624
316 5.842622e+14 113.394290
317 5.843123e+14 106.467525
318 5.843623e+14 113.678431
319 5.844124e+14 105.680743
320 5.844624e+14 115.837335
321 5.845125e+14 120.291116
322 5.845625e+14 110.308121
323 5.846126e+14 108.496102
324 5.846626e+14 107.341649
325 5.847127e+14 104.123773
326 5.847627e+14 108.189401
327 5.848128e+14 107.388744
328 5.848628e+14 109.823392
329 5.849129e+14 118.653123
330 5.849629e+14 102.784324
331 5.850130e+14 105.745705
332 5.850630e+14 105.420141
333 5.851131e+14 107.022761
334 5.851631e+14 109.816629
335 5.852132e+14 107.148124
336 5.852632e+14 102.380273
337 5.853133e+14 112.161489
338 5.853633e+14 107.213247
339 5.854134e+14 109.681062
340 5.854634e+14 111.492740
341 5.855135e+14 109.645613
342 5.855635e+14 118.695627
343 5.856136e+14 106.706529
344 5.856636e+14 110.482845
345 5.857137e+14 101.787361
346 5.857637e+14 111.010235
347 5.858138e+14 107.876252
348 5.858638e+14 112.027494
349 5.859139e+14 108.638647
350 5.859639e+14 118.213786
351 5.860140e+14 112.628625
352 5.860640e+14 116.444861
353 5.861141e+14 102.106945
354 5.861641e+14 107.523024
355 5.862142e+14 116.902677
356 5.862642e+14 110.463808
357 5.863143e+14 108.790187
358 5.863643e+14 110.180552
359 5.864144e+14 111.365562
360 5.864644e+14 113.582059
361 5.865145e+14 112.562180
362 5.865645e+14 98.889882
363 5.866146e+14 106.356617
364 5.866646e+14 105.954989
365 5.867147e+14 111.056725
366 5.867647e+14 111.559558
367 5.868148e+14 112.033642
368 5.868648e+14 104.600656
369 5.869149e+14 111.818717
370 5.869649e+14 103.004290
371 5.870150e+14 112.953035
372 5.870650e+14 115.449513
373 5.871151e+14 110.210296
374 5.871651e+14 104.994606
375 5.872152e+14 108.604656
376 5.872652e+14 111.707888
377 5.873153e+14 107.086691
378 5.873653e+14 101.818837
379 5.874154e+14 110.980967
380 5.874654e+14 106.638488
381 5.875155e+14 118.766113
382 5.875655e+14 107.477142
383 5.876156e+14 115.422438
384 5.876656e+14 109.852602
385 5.877157e+14 111.470097
386 5.877657e+14 106.616027
387 5.878158e+14 110.661329
388 5.878658e+14 113.500901
389 5.879159e+14 117.495746
390 5.879659e+14 102.906388
391 5.880160e+14 110.352286
392 5.880660e+14 112.104135
393 5.881161e+14 108.229250
394 5.881661e+14 103.925586
395 5.882162e+14 108.888843
396 5.882662e+14 107.619697
397 5.883163e+14 111.223692
398 5.883663e+14 113.465539
399 5.884164e+14 114.555465
400 5.884664e+14 111.574076
401 5.885165e+14 106.992073
402 5.885665e+14 127.109728
403 5.886166e+14 117.469601
404 5.886666e+14 102.789407
405 5.887167e+14 115.438620
406 5.887667e+14 112.474253
407 5.888168e+14 114.927007
408 5.888668e+14 112.340090
409 5.889169e+14 106.278236
410 5.889669e+14 118.669131
411 5.890170e+14 107.893855
412 5.890670e+14 107.209634
413 5.891171e+14 111.020580
414 5.891671e+14 113.223357
415 5.892172e+14 105.833751
416 5.892672e+14 109.605712
417 5.893173e+14 105.620353
418 5.893673e+14 104.461328
419 5.894174e+14 122.545881
420 5.894674e+14 119.826715
421 5.895175e+14 119.170945
422 5.895675e+14 105.888760
423 5.896176e+14 110.488869
424 5.896676e+14 107.711115
425 5.897177e+14 117.514362
426 5.897677e+14 106.341184
427 5.898178e+14 117.749187
428 5.898678e+14 113.109701
429 5.899179e+14 124.990015
430 5.899679e+14 115.717619
431 5.900180e+14 116.113648
432 5.900680e+14 106.787645
433 5.901181e+14 113.340743
434 5.901681e+14 105.571830
435 5.902182e+14 109.435836
436 5.902682e+14 117.138044
437 5.903183e+14 110.708926
438 5.903683e+14 116.199980
439 5.904184e+14 105.332080
440 5.904684e+14 111.629194
441 5.905185e+14 112.153769
442 5.905685e+14 112.240350
443 5.906186e+14 116.136557
444 5.906686e+14 109.669489
445 5.907187e+14 108.863765
446 5.907687e+14 110.270615
447 5.908188e+14 118.680160
448 5.908688e+14 113.308019
449 5.909189e+14 103.733461
450 5.909689e+14 108.407875
451 5.910190e+14 105.910131
452 5.910690e+14 117.258922
453 5.911191e+14 119.803866
454 5.911691e+14 118.267905
455 5.912192e+14 110.090547
456 5.912692e+14 124.904341
457 5.913193e+14 115.682769
458 5.913693e+14 116.617037
459 5.914194e+14 114.375164
460 5.914694e+14 110.958461
461 5.915195e+14 111.237634
462 5.915695e+14 107.012461
463 5.916196e+14 119.069359
464 5.916696e+14 115.897733
465 5.917197e+14 116.427293
466 5.917697e+14 121.638808
467 5.918198e+14 104.900525
468 5.918698e+14 116.194861
469 5.919199e+14 116.221544
470 5.919699e+14 109.338390
471 5.920200e+14 106.225713
472 5.920700e+14 115.050166
473 5.921201e+14 106.483437
474 5.921701e+14 103.826461
475 5.922202e+14 104.167698
476 5.922702e+14 113.661079
477 5.923203e+14 107.111686
478 5.923703e+14 117.758136
479 5.924204e+14 97.446773
480 5.924704e+14 115.331380
481 5.925205e+14 113.316626
482 5.925705e+14 120.097339
483 5.926206e+14 108.713933
484 5.926706e+14 115.250126
485 5.927207e+14 110.389871
486 5.927707e+14 108.334854
487 5.928208e+14 112.185880
488 5.928708e+14 113.107686
489 5.929209e+14 121.724209
490 5.929709e+14 107.749993
491 5.930210e+14 116.594426
492 5.930710e+14 107.493501
493 5.931211e+14 106.957439
494 5.931711e+14 113.194509
495 5.932212e+14 111.623287
496 5.932712e+14 102.705481
497 5.933213e+14 107.774984
498 5.933713e+14 107.032826
499 5.934214e+14 109.995257
500 5.934714e+14 118.308214
501 5.935215e+14 110.225773
502 5.935715e+14 117.244815
503 5.936216e+14 104.502393
504 5.936716e+14 121.202117
505 5.937217e+14 118.742693
506 5.937717e+14 115.708158
507 5.938218e+14 106.471899
508 5.938718e+14 122.047767
509 5.939219e+14 114.260448
510 5.939719e+14 109.145465
511 5.940220e+14 114.246556
512 5.940720e+14 121.737660
513 5.941221e+14 108.450672
514 5.941721e+14 105.057003
515 5.942222e+14 115.004826
516 5.942722e+14 116.795974
517 5.943223e+14 113.077483
518 5.943723e+14 114.855446
519 5.944224e+14 119.606589
520 5.944724e+14 118.450755
521 5.945225e+14 103.433902
522 5.945725e+14 108.496059
523 5.946226e+14 116.656563
524 5.946726e+14 109.428977
525 5.947227e+14 114.897526
526 5.947727e+14 102.896222
527 5.948228e+14 110.983233
528 5.948728e+14 112.268425
529 5.949229e+14 119.926470
530 5.949729e+14 113.277530
531 5.950230e+14 108.735101
532 5.950730e+14 108.496960
533 5.951231e+14 113.479315
534 5.951731e+14 113.032852
535 5.952232e+14 120.138006
536 5.952732e+14 108.417981
537 5.953233e+14 115.558624
538 5.953733e+14 115.733102
539 5.954234e+14 120.144354
540 5.954734e+14 110.604286
541 5.955235e+14 110.210891
542 5.955735e+14 120.408926
543 5.956236e+14 120.111470
544 5.956736e+14 112.429065
545 5.957237e+14 109.205106
546 5.957737e+14 121.160525
547 5.958238e+14 117.173403
548 5.958738e+14 116.501541
549 5.959239e+14 128.899720
550 5.959739e+14 117.464702
551 5.960240e+14 118.124485
552 5.960740e+14 114.670342
553 5.961241e+14 115.080096
554 5.961741e+14 115.560984
555 5.962242e+14 109.727370
556 5.962742e+14 117.545743
557 5.963243e+14 109.268432
558 5.963743e+14 123.542564
559 5.964244e+14 113.372551
560 5.964744e+14 117.296991
561 5.965245e+14 120.854424
562 5.965745e+14 120.556926
563 5.966246e+14 118.165055
564 5.966746e+14 122.721069
565 5.967247e+14 110.864314
566 5.967747e+14 127.384598
567 5.968248e+14 118.043180
568 5.968748e+14 109.359872
569 5.969249e+14 125.131770
570 5.969749e+14 121.896282
571 5.970250e+14 124.371305
572 5.970750e+14 104.101151
573 5.971251e+14 126.253540
574 5.971751e+14 126.858540
575 5.972252e+14 117.085114
576 5.972752e+14 106.739371
577 5.973253e+14 114.887848
578 5.973753e+14 120.368793
579 5.974254e+14 114.384627
580 5.974754e+14 116.619571
581 5.975255e+14 125.631874
582 5.975755e+14 131.876101
583 5.976256e+14 111.466902
584 5.976756e+14 126.969553
585 5.977257e+14 116.201941
586 5.977757e+14 124.035435
587 5.978258e+14 106.828751
588 5.978758e+14 127.528055
589 5.979259e+14 123.694908
590 5.979759e+14 121.714486
591 5.980260e+14 121.715837
592 5.980760e+14 112.108400
593 5.981261e+14 118.477025
594 5.981761e+14 124.436489
595 5.982262e+14 126.883281
596 5.982762e+14 124.350703
597 5.983263e+14 111.306342
598 5.983763e+14 128.526580
599 5.984264e+14 124.136750
600 5.984764e+14 114.463242
601 5.985265e+14 119.522632
602 5.985765e+14 122.564320
603 5.986266e+14 123.577385
604 5.986766e+14 113.387658
605 5.987267e+14 128.765744
606 5.987767e+14 130.221461
607 5.988268e+14 125.600098
608 5.988768e+14 112.715376
609 5.989269e+14 122.879658
610 5.989769e+14 115.874946
611 5.990270e+14 118.652888
612 5.990770e+14 126.314204
613 5.991271e+14 128.205757
614 5.991771e+14 126.511009
615 5.992272e+14 123.445584
616 5.992772e+14 115.632049
617 5.993273e+14 135.164134
618 5.993773e+14 125.176000
619 5.994274e+14 128.760088
620 5.994774e+14 132.908693
621 5.995275e+14 117.797174
622 5.995775e+14 132.549574
623 5.996276e+14 126.556570
624 5.996776e+14 122.053196
625 5.997277e+14 128.169895
626 5.997777e+14 126.920788
627 5.998278e+14 130.782235
628 5.998778e+14 134.233547
629 5.999279e+14 125.760474
630 5.999779e+14 133.994197
631 6.000280e+14 135.982748
632 6.000780e+14 137.139472
633 6.001281e+14 119.083679
634 6.001781e+14 118.881275
635 6.002282e+14 137.348625
636 6.002782e+14 138.372619
637 6.003283e+14 126.692956
638 6.003783e+14 132.496544
639 6.004284e+14 122.292981
640 6.004784e+14 137.489781
641 6.005285e+14 122.189277
642 6.005785e+14 131.998595
643 6.006286e+14 130.357949
644 6.006786e+14 118.552869
645 6.007287e+14 126.560924
646 6.007787e+14 118.369242
647 6.008288e+14 138.933117
648 6.008788e+14 120.681032
649 6.009289e+14 128.177650
650 6.009789e+14 128.237408
651 6.010290e+14 126.497476
652 6.010790e+14 126.629864
653 6.011291e+14 132.509090
654 6.011791e+14 135.890402
655 6.012292e+14 134.371743
656 6.012792e+14 131.447115
657 6.013293e+14 137.913231
658 6.013793e+14 122.945792
659 6.014294e+14 127.672437
660 6.014794e+14 131.321787
661 6.015295e+14 132.700182
662 6.015795e+14 131.260297
663 6.016296e+14 133.204406
664 6.016796e+14 135.225167
665 6.017297e+14 139.027153
666 6.017797e+14 134.201092
667 6.018298e+14 134.860242
668 6.018798e+14 131.982271
669 6.019299e+14 136.745985
670 6.019799e+14 134.333920
671 6.020300e+14 123.973525
672 6.020800e+14 131.021722
673 6.021301e+14 124.187591
674 6.021801e+14 131.514549
675 6.022302e+14 136.582063
676 6.022802e+14 128.090454
677 6.023303e+14 136.792949
678 6.023803e+14 141.603624
679 6.024304e+14 132.229522
680 6.024804e+14 143.893197
681 6.025305e+14 131.665485
682 6.025805e+14 139.382646
683 6.026306e+14 131.061487
684 6.026806e+14 132.308870
685 6.027307e+14 124.244456
686 6.027807e+14 133.559313
687 6.028308e+14 131.157850
688 6.028808e+14 141.737620
689 6.029309e+14 129.292752
690 6.029809e+14 130.236657
691 6.030310e+14 133.709032
692 6.030810e+14 128.338812
693 6.031311e+14 146.881673
694 6.031811e+14 138.056284
695 6.032312e+14 130.109932
696 6.032812e+14 133.567523
697 6.033313e+14 129.051726
698 6.033813e+14 136.745824
699 6.034314e+14 147.100846
700 6.034814e+14 136.872859
701 6.035315e+14 127.843897
702 6.035815e+14 134.103277
703 6.036316e+14 142.274894
704 6.036816e+14 145.803001
705 6.037317e+14 136.197252
706 6.037817e+14 148.675004
707 6.038318e+14 139.957837
708 6.038818e+14 131.632794
709 6.039319e+14 140.868892
710 6.039819e+14 138.400442
711 6.040320e+14 138.932763
712 6.040820e+14 141.109331
713 6.041321e+14 139.847476
714 6.041821e+14 139.107352
715 6.042322e+14 140.832484
716 6.042822e+14 138.456425
717 6.043323e+14 142.305937
718 6.043823e+14 132.208624
719 6.044324e+14 136.770946
720 6.044824e+14 139.163715
721 6.045325e+14 142.005411
722 6.045825e+14 143.289448
723 6.046326e+14 142.906776
724 6.046826e+14 136.746681
725 6.047327e+14 147.709609
726 6.047827e+14 140.362280
727 6.048328e+14 152.045765
728 6.048828e+14 129.837632
729 6.049329e+14 137.017580
730 6.049829e+14 140.421982
731 6.050330e+14 141.915877
732 6.050830e+14 142.979120
733 6.051331e+14 146.110846
734 6.051831e+14 138.721657
735 6.052332e+14 148.093187
736 6.052832e+14 132.381954
737 6.053333e+14 137.150998
738 6.053833e+14 139.931081
739 6.054334e+14 148.413409
740 6.054834e+14 142.813419
741 6.055335e+14 143.982694
742 6.055835e+14 137.109285
743 6.056336e+14 145.557964
744 6.056836e+14 135.992595
745 6.057337e+14 142.282218
746 6.057837e+14 136.889588
747 6.058338e+14 146.293528
748 6.058838e+14 146.776669
749 6.059339e+14 143.768658
750 6.059839e+14 142.256594
751 6.060340e+14 144.156406
752 6.060840e+14 155.403708
753 6.061341e+14 141.328016
754 6.061841e+14 148.159791
755 6.062342e+14 142.810936
756 6.062842e+14 146.517646
757 6.063343e+14 141.954118
758 6.063843e+14 128.377133
759 6.064344e+14 147.231968
760 6.064844e+14 131.799977
761 6.065345e+14 129.863781
762 6.065845e+14 135.333540
763 6.066346e+14 133.656793
764 6.066846e+14 139.439290
765 6.067347e+14 138.878827
766 6.067847e+14 148.546457
767 6.068348e+14 140.027835
768 6.068848e+14 146.602494
769 6.069349e+14 145.848223
770 6.069849e+14 147.297383
771 6.070350e+14 139.052268
772 6.070850e+14 144.147630
773 6.071351e+14 142.825123
774 6.071851e+14 143.434307
775 6.072352e+14 137.107666
776 6.072852e+14 141.343498
777 6.073353e+14 149.509636
778 6.073853e+14 138.758075
779 6.074354e+14 139.662171
780 6.074854e+14 138.833644
781 6.075355e+14 138.314766
782 6.075855e+14 134.375471
783 6.076356e+14 138.180638
784 6.076856e+14 147.337305
785 6.077357e+14 136.390341
786 6.077857e+14 149.583981
787 6.078358e+14 145.758664
788 6.078858e+14 148.741704
789 6.079359e+14 139.003695
790 6.079859e+14 133.997700
791 6.080360e+14 146.335729
792 6.080860e+14 135.742446
793 6.081361e+14 132.909420
794 6.081861e+14 145.076794
795 6.082362e+14 146.986494
796 6.082862e+14 137.391839
797 6.083363e+14 138.391124
798 6.083863e+14 135.735626
799 6.084364e+14 146.202694
800 6.084864e+14 147.056700
801 6.085365e+14 144.596478
802 6.085865e+14 152.493661
803 6.086366e+14 146.910665
804 6.086866e+14 142.692348
805 6.087367e+14 147.840386
806 6.087867e+14 152.801111
807 6.088368e+14 150.535892
808 6.088868e+14 136.928924
809 6.089369e+14 137.072916
810 6.089869e+14 131.625362
811 6.090370e+14 149.512804
812 6.090870e+14 146.425647
813 6.091371e+14 136.001464
814 6.091871e+14 138.066825
815 6.092372e+14 143.286965
816 6.092872e+14 143.139354
817 6.093373e+14 139.798104
818 6.093873e+14 144.811692
819 6.094374e+14 125.725347
820 6.094874e+14 141.392571
821 6.095375e+14 146.271248
822 6.095875e+14 129.825506
823 6.096376e+14 140.801352
824 6.096876e+14 142.605873
825 6.097377e+14 145.599685
826 6.097877e+14 132.858151
827 6.098378e+14 143.485253
828 6.098878e+14 132.295448
829 6.099379e+14 141.245142
830 6.099879e+14 140.613642
831 6.100380e+14 128.305183
832 6.100880e+14 144.243612
833 6.101381e+14 143.486125
834 6.101881e+14 141.659941
835 6.102382e+14 142.906713
836 6.102882e+14 137.584134
837 6.103383e+14 138.776367
838 6.103883e+14 142.954926
839 6.104384e+14 135.036841
840 6.104884e+14 137.724165
841 6.105385e+14 140.194606
842 6.105885e+14 135.677021
843 6.106386e+14 146.724126
844 6.106886e+14 133.413034
845 6.107387e+14 141.299027
846 6.107887e+14 123.207806
847 6.108388e+14 133.840795
848 6.108888e+14 134.429832
849 6.109389e+14 144.295551
850 6.109889e+14 133.899228
851 6.110390e+14 137.274126
852 6.110890e+14 143.693789
853 6.111391e+14 142.604708
854 6.111891e+14 130.532688
855 6.112392e+14 136.699023
856 6.112892e+14 133.167027
857 6.113393e+14 139.716689
858 6.113893e+14 135.834884
859 6.114394e+14 146.591097
860 6.114894e+14 134.757162
861 6.115395e+14 143.029959
862 6.115895e+14 125.728852
863 6.116396e+14 138.397356
864 6.116896e+14 136.737145
865 6.117397e+14 136.799037
866 6.117897e+14 131.150236
867 6.118398e+14 134.353215
868 6.118898e+14 131.136635
869 6.119399e+14 136.809692
870 6.119899e+14 128.623363
871 6.120400e+14 131.950856
872 6.120900e+14 135.849879
873 6.121401e+14 127.082477
874 6.121901e+14 132.159131
875 6.122402e+14 135.747298
876 6.122902e+14 135.992467
877 6.123403e+14 130.988407
878 6.123903e+14 142.775645
879 6.124404e+14 129.823593
880 6.124904e+14 130.143371
881 6.125405e+14 136.510323
882 6.125905e+14 152.074267
883 6.126406e+14 138.262323
884 6.126906e+14 127.169621
885 6.127407e+14 142.817877
886 6.127907e+14 132.656264
887 6.128408e+14 127.460936
888 6.128908e+14 134.310841
889 6.129409e+14 135.919506
890 6.129909e+14 130.593586
891 6.130410e+14 135.882508
892 6.130910e+14 138.745378
893 6.131411e+14 129.862700
894 6.131911e+14 132.338459
895 6.132412e+14 129.276988
896 6.132912e+14 134.528554
897 6.133413e+14 134.330707
898 6.133913e+14 134.392031
899 6.134414e+14 132.520270
900 6.134914e+14 133.531410
901 6.135415e+14 131.099835
902 6.135916e+14 144.323481
903 6.136416e+14 127.994915
904 6.136917e+14 123.800234
905 6.137417e+14 135.447004
906 6.137918e+14 126.911806
907 6.138418e+14 130.251089
908 6.138919e+14 135.040741
909 6.139419e+14 130.459042
910 6.139920e+14 139.097722
911 6.140420e+14 131.740220
912 6.140921e+14 132.458235
913 6.141421e+14 142.937616
914 6.141922e+14 128.323055
915 6.142422e+14 136.134710
916 6.142923e+14 133.792685
917 6.143423e+14 142.131515
918 6.143924e+14 123.838110
919 6.144424e+14 128.629715
920 6.144925e+14 114.255996
921 6.145425e+14 134.689400
922 6.145926e+14 125.683336
923 6.146426e+14 134.612701
924 6.146927e+14 128.202814
925 6.147427e+14 126.547600
926 6.147928e+14 128.524722
927 6.148428e+14 127.969236
928 6.148929e+14 128.458729
929 6.149429e+14 117.377377
930 6.149930e+14 131.923840
931 6.150430e+14 125.349317
932 6.150931e+14 128.109489
933 6.151431e+14 133.301690
934 6.151932e+14 127.920469
935 6.152432e+14 132.219011
936 6.152933e+14 125.409918
937 6.153433e+14 137.458205
938 6.153934e+14 119.029706
939 6.154434e+14 134.589429
940 6.154935e+14 133.516732
941 6.155435e+14 125.263270
942 6.155936e+14 126.534120
943 6.156436e+14 118.628225
944 6.156937e+14 122.600101
945 6.157437e+14 125.587760
946 6.157938e+14 128.845601
947 6.158438e+14 137.463780
948 6.158939e+14 124.120317
949 6.159439e+14 125.688561
950 6.159940e+14 116.824339
951 6.160440e+14 127.492991
952 6.160941e+14 122.162638
953 6.161441e+14 124.557964
954 6.161942e+14 133.608714
955 6.162442e+14 118.585006
956 6.162943e+14 118.538872
957 6.163443e+14 125.986435
958 6.163944e+14 129.445325
959 6.164444e+14 122.298125
960 6.164945e+14 111.270326
961 6.165445e+14 129.353659
962 6.165946e+14 123.966052
963 6.166446e+14 127.909988
964 6.166947e+14 126.655945
965 6.167447e+14 121.548450
966 6.167948e+14 115.404511
967 6.168448e+14 122.242102
968 6.168949e+14 123.530748
969 6.169449e+14 127.843091
970 6.169950e+14 120.738956
971 6.170450e+14 113.962741
972 6.170951e+14 119.510104
973 6.171451e+14 116.329507
974 6.171952e+14 128.806565
975 6.172452e+14 116.526925
976 6.172953e+14 125.583318
977 6.173453e+14 112.393846
978 6.173954e+14 134.254002
979 6.174454e+14 120.949520
980 6.174955e+14 130.777069
981 6.175455e+14 120.735841
982 6.175956e+14 130.177838
983 6.176456e+14 137.752789
984 6.176957e+14 135.495441
985 6.177457e+14 121.402134
986 6.177958e+14 123.700228
987 6.178458e+14 127.144823
988 6.178959e+14 127.669660
989 6.179459e+14 118.382875
990 6.179960e+14 121.673008
991 6.180460e+14 113.818407
992 6.180961e+14 121.138777
993 6.181461e+14 117.174245
994 6.181962e+14 123.888818
995 6.182462e+14 121.070884
996 6.182963e+14 125.697107
997 6.183463e+14 112.952909
998 6.183964e+14 125.922504
999 6.184464e+14 121.895414
