# Date: 19/07/01, Author: E.Hubble
# First column is index, second column is frequency (Hz), third column is spectra (A.U.)
0 5.697665e+14 119.180686
1 5.698166e+14 114.792920
2 5.698666e+14 127.044603
3 5.699167e+14 115.009535
4 5.699667e+14 129.546410
5 5.700168e+14 115.743628
6 5.700668e+14 122.258595
7 5.701169e+14 131.958735
8 5.701669e+14 117.439893
9 5.702170e+14 123.138524
10 5.702670e+14 121.693495
11 5.703171e+14 130.732104
12 5.703671e+14 119.765935
13 5.704172e+14 116.318914
14 5.704672e+14 115.013819
15 5.705173e+14 115.306282
16 5.705673e+14 131.191446
17 5.706174e+14 119.150065
18 5.706674e+14 121.367189
19 5.707175e+14 117.871061
20 5.707675e+14 127.749334
21 5.708176e+14 117.939257
22 5.708676e+14 120.244164
23 5.709177e+14 125.758671
24 5.709677e+14 120.751157
25 5.710178e+14 123.544311
26 5.710678e+14 126.939346
27 5.711179e+14 120.130974
28 5.711679e+14 115.752595
29 5.712180e+14 122.999875
30 5.712680e+14 125.943471
31 5.713181e+14 128.572506
32 5.713681e+14 117.053932
33 5.714182e+14 117.860300
34 5.714682e+14 129.674250
35 5.715183e+14 112.320731
36 5.715683e+14 121.522266
37 5.716184e+14 123.038516
38 5.716684e+14 125.357352
39 5.717185e+14 118.859720
40 5.717685e+14 113.205117
41 5.718186e+14 129.051206
42 5.718686e+14 126.016920
43 5.719187e+14 113.587672
44 5.719687e+14 108.978950
45 5.720188e+14 124.496574
46 5.720688e+14 124.764636
47 5.721189e+14 122.474486
48 5.721689e+14 123.894562
49 5.722190e+14 110.666945
50 5.722690e+14 121.306487
51 5.723191e+14 120.130683
52 5.723691e+14 112.368102
53 5.724192e+14 127.657793
54 5.724692e+14 130.730621
55 5.725193e+14 122.893633
56 5.725693e+14 109.642457
57 5.726194e+14 111.195468
58 5.726694e+14 130.934651
59 5.727195e+14 122.951361
60 5.727695e+14 112.988546
61 5.728196e+14 119.253147
62 5.728696e+14 121.116798
63 5.729197e+14 123.598775
64 5.729697e+14 120.688580
65 5.730198e+14 120.543099
66 5.730698e+14 123.907141
67 5.731199e+14 119.597774
68 5.731699e+14 125.522984
69 5.732200e+14 117.353839
70 5.732700e+14 132.197714
71 5.733201e+14 127.399073
72 5.733701e+14 123.556988
73 5.734202e+14 125.238994
74 5.734702e+14 123.487619
75 5.735203e+14 127.230111
76 5.735703e+14 115.548925
77 5.736204e+14 125.103270
78 5.736704e+14 115.815072
79 5.737205e+14 129.135645
80 5.737705e+14 121.457787
81 5.738206e+14 116.851540
82 5.738706e+14 114.688599
83 5.739207e+14 126.927427
84 5.739707e+14 117.013912
85 5.740208e+14 116.920286
86 5.740708e+14 113.930904
87 5.741209e+14 109.702507
88 5.741709e+14 108.152572
89 5.742210e+14 122.714561
90 5.742710e+14 132.608190
91 5.743211e+14 126.280867
92 5.743711e+14 115.636537
93 5.744212e+14 112.698553
94 5.744712e+14 115.901517
95 5.745213e+14 124.068912
96 5.745713e+14 121.880063
97 5.746214e+14 117.530305
98 5.746714e+14 125.922944
99 5.747215e+14 120.467275
100 5.747715e+14 121.676934
101 5.748216e+14 115.495278
102 5.748716e+14 122.243279
103 5.749217e+14 121.252810
104 5.749717e+14 118.957737
105 5.750218e+14 112.441779
106 5.750718e+14 113.409781
107 5.751219e+14 122.927746
108 5.751719e+14 120.765361
109 5.752220e+14 112.504316
110 5.752720e+14 120.315566
111 5.753221e+14 132.981253
112 5.753721e+14 125.994715
113 5.754222e+14 120.304802
114 5.754722e+14 112.001122
115 5.755223e+14 110.902959
116 5.755723e+14 123.128143
117 5.756224e+14 110.806139
118 5.756724e+14 125.704099
119 5.757225e+14 115.071813
120 5.757725e+14 127.714789
121 5.758226e+14 116.775826
122 5.758726e+14 111.971371
123 5.759227e+14 113.838763
124 5.759727e+14 127.903407
125 5.760228e+14 119.567434
126 5.760728e+14 113.896330
127 5.761229e+14 116.439396
128 5.761729e+14 105.851420
129 5.762230e+14 126.596942
130 5.762730e+14 115.969530
131 5.763231e+14 120.811113
132 5.763731e+14 105.205457
133 5.764232e+14 111.892890
134 5.764732e+14 113.170450
135 5.765233e+14 126.716363
136 5.765733e+14 111.388120
137 5.766234e+14 126.053431
138 5.766734e+14 124.191113
139 5.767235e+14 112.827740
140 5.767735e+14 112.566119
141 5.768236e+14 112.052055
142 5.768736e+14 110.808207
143 5.769237e+14 109.164747
144 5.769737e+14 119.462414
145 5.770238e+14 105.423115
146 5.770738e+14 114.531062
147 5.771239e+14 122.693483
148 5.771739e+14 109.918884
149 5.772240e+14 109.582400
150 5.772740e+14 126.748802
151 5.773241e+14 115.250920
152 5.773741e+14 121.115900
153 5.774242e+14 119.076453
154 5.774742e+14 113.633424
155 5.775243e+14 125.051842
156 5.775743e+14 119.808896
157 5.776244e+14 113.242007
158 5.776744e+14 109.859708
159 5.777245e+14 104.707958
160 5.777745e+14 122.739061
161 5.778246e+14 107.520017
162 5.778746e+14 117.319840
163 5.779247e+14 124.377599
164 5.779747e+14 117.464794
165 5.780248e+14 120.403535
166 5.780748e+14 119.000248
167 5.781249e+14 117.357124
168 5.781749e+14 114.284475
169 5.782250e+14 113.394690
170 5.782750e+14 114.465894
171 5.783251e+14 108.727603
172 5.783751e+14 112.710029
173 5.784252e+14 104.770353
174 5.784752e+14 107.284832
175 5.785253e+14 113.995943
176 5.785753e+14 111.878604
177 5.786254e+14 132.981776
178 5.786754e+14 119.276862
179 5.787255e+14 114.943161
180 5.787755e+14 123.890920
181 5.788256e+14 117.774683
182 5.788756e+14 110.574753
183 5.789257e+14 113.485981
184 5.789757e+14 108.256150
185 5.790258e+14 107.270218
186 5.790758e+14 104.876245
187 5.791259e+14 133.783815
188 5.791759e+14 119.348007
189 5.792260e+14 107.073437
190 5.792760e+14 120.711085
191 5.793261e+14 108.895659
192 5.793761e+14 109.859548
193 5.794262e+14 106.325295
194 5.794762e+14 120.814028
195 5.795263e+14 111.938966
196 5.795763e+14 109.436358
197 5.796264e+14 121.345739
198 5.796764e+14 111.835220
199 5.797265e+14 111.658297
200 5.797765e+14 109.261460
201 5.798266e+14 118.246823
202 5.798766e+14 98.871973
203 5.799267e+14 112.678926
204 5.799767e+14 96.662253
205 5.800268e+14 111.098102
206 5.800768e+14 113.452556
207 5.801269e+14 125.157993
208 5.801769e+14 116.652684
209 5.802270e+14 104.129317
210 5.802770e+14 117.441234
211 5.803271e+14 117.422671
212 5.803771e+14 99.403268
213 5.804272e+14 115.088451
214 5.804772e+14 120.194072
215 5.805273e+14 111.961638
216 5.805773e+14 116.562981
217 5.806274e+14 114.495456
218 5.806774e+14 106.772367
219 5.807275e+14 110.409870
220 5.807775e+14 106.463550
221 5.808276e+14 109.398966
222 5.808776e+14 116.182587
223 5.809277e+14 111.224276
224 5.809777e+14 103.156592
225 5.810278e+14 112.409622
226 5.810778e+14 107.118173
227 5.811279e+14 128.365758
228 5.811779e+14 101.981778
229 5.812280e+14 113.627243
230 5.812780e+14 110.588677
231 5.813281e+14 111.106290
232 5.813781e+14 112.249758
233 5.814282e+14 111.044888
234 5.814782e+14 117.602828
235 5.815283e+14 108.884437
236 5.815783e+14 110.354788
237 5.816284e+14 113.036542
238 5.816784e+14 106.633458
239 5.817285e+14 104.256602
240 5.817785e+14 108.812260
241 5.818286e+14 118.776367
242 5.818786e+14 122.295957
243 5.819287e+14 119.051878
244 5.819787e+14 111.769833
245 5.820288e+14 101.688044
246 5.820788e+14 108.280918
247 5.821289e+14 108.545723
248 5.821789e+14 117.126382
249 5.822290e+14 108.064870
250 5.822790e+14 107.790893
251 5.823291e+14 116.009266
252 5.823791e+14 119.367120
253 5.824292e+14 123.405736
254 5.824792e+14 109.944555
255 5.825293e+14 122.955883
256 5.825793e+14 109.476035
257 5.826294e+14 107.786838
258 5.826794e+14 105.293535
259 5.827295e+14 112.215939
260 5.827795e+14 116.739276
261 5.828296e+14 109.228612
262 5.828796e+14 101.932647
263 5.829297e+14 114.547644
264 5.829797e+14 104.190846
265 5.830298e+14 116.332375
266 5.830798e+14 111.957434
267 5.831299e+14 112.906565
268 5.831799e+14 116.105131
269 5.832300e+14 113.026152
270 5.832800e+14 109.563473
271 5.833301e+14 108.990234
272 5.833801e+14 113.824953
273 5.834302e+14 110.546353
274 5.834802e+14 119.509768
275 5.835303e+14 99.747215
276 5.835803e+14 115.435747
277 5.836304e+14 117.640638
278 5.836804e+14 99.031492
279 5.837305e+14 112.269027
280 5.837805e+14 109.231540
281 5.838306e+14 118.089343
282 5.838806e+14 103.422982
283 5.839307e+14 110.109989
284 5.839807e+14 101.582379
285 5.840308e+14 115.721764
286 5.840808e+14 105.280853
287 5.841309e+14 120.624146
288 5.841809e+14 98.935589
289 5.842310e+14 113.227652
290 5.842810e+14 111.781586
291 5.843311e+14 114.990457
292 5.843811e+14 123.374144
293 5.844312e+14 109.809606
294 5.844812e+14 112.215723
295 5.845313e+14 107.522650
296 5.845813e+14 108.665946
297 5.846314e+14 115.789010
298 5.846814e+14 111.949473
299 5.847315e+14 109.742488
300 5.847815e+14 106.912114
301 5.848316e+14 105.597402
302 5.848816e+14 112.407577
303 5.849317e+14 104.173549
304 5.849817e+14 126.314470
305 5.850318e+14 111.637074
306 5.850818e+14 108.379456
307 5.851319e+14 106.811482
308 5.851819e+14 109.769277
309 5.852320e+14 113.722615
310 5.852820e+14 106.913675
311 5.853321e+14 113.998356
312 5.853821e+14 112.087406
313 5.854322e+14 105.461142
314 5.854822e+14 102.781274
315 5.855323e+14 108.043159
316 5.855823e+14 102.748198
317 5.856324e+14 113.995421
318 5.856824e+14 103.118482
319 5.857325e+14 107.760781
320 5.857825e+14 120.243242
321 5.858326e+14 103.458827
322 5.858826e+14 111.297335
323 5.859327e+14 113.986668
324 5.859827e+14 107.527926
325 5.860328e+14 114.214106
326 5.860828e+14 109.933692
327 5.861329e+14 108.687301
328 5.861829e+14 109.311616
329 5.862330e+14 113.182179
330 5.862830e+14 112.904225
331 5.863331e+14 113.460290
332 5.863831e+14 117.714615
333 5.864332e+14 104.629556
334 5.864832e+14 99.312852
335 5.865333e+14 97.233765
336 5.865833e+14 112.177767
337 5.866334e+14 97.374831
338 5.866834e+14 102.880422
339 5.867335e+14 101.358228
340 5.867835e+14 112.145089
341 5.868336e+14 108.155770
342 5.868836e+14 113.310718
343 5.869337e+14 109.626372
344 5.869837e+14 111.767108
345 5.870338e+14 106.413693
346 5.870838e+14 115.074506
347 5.871339e+14 107.922589
348 5.871839e+14 120.118247
349 5.872340e+14 109.907565
350 5.872840e+14 96.287797
351 5.873341e+14 100.723453
352 5.873841e+14 104.595893
353 5.874342e+14 107.063167
354 5.874842e+14 103.402817
355 5.875343e+14 104.040288
356 5.875843e+14 106.646948
357 5.876344e+14 110.454073
358 5.876844e+14 104.787105
359 5.877345e+14 109.224999
360 5.877845e+14 103.708598
361 5.878346e+14 96.122338
362 5.878846e+14 116.443672
363 5.879347e+14 110.647243
364 5.879847e+14 105.587444
365 5.880348e+14 113.020502
366 5.880848e+14 114.735956
367 5.881349e+14 108.806639
368 5.881849e+14 114.701558
369 5.882350e+14 109.468502
370 5.882850e+14 118.617331
371 5.883351e+14 110.823288
372 5.883851e+14 103.461231
373 5.884352e+14 96.941325
374 5.884852e+14 115.592872
375 5.885353e+14 120.186079
376 5.885853e+14 123.672555
377 5.886354e+14 108.167000
378 5.886854e+14 119.340908
379 5.887355e+14 109.459710
380 5.887855e+14 100.390277
381 5.888356e+14 113.857817
382 5.888856e+14 102.057351
383 5.889357e+14 105.734044
384 5.889857e+14 109.681190
385 5.890358e+14 117.572379
386 5.890858e+14 96.444688
387 5.891359e+14 101.098733
388 5.891859e+14 115.787965
389 5.892360e+14 107.456664
390 5.892860e+14 113.404419
391 5.893361e+14 103.206101
392 5.893861e+14 113.229876
393 5.894362e+14 104.922491
394 5.894862e+14 108.157802
395 5.895363e+14 104.368765
396 5.895863e+14 104.897370
397 5.896364e+14 119.350262
398 5.896864e+14 114.288995
399 5.897365e+14 109.770163
400 5.897865e+14 113.679543
401 5.898366e+14 106.923633
402 5.898866e+14 109.940225
403 5.899367e+14 117.494268
404 5.899867e+14 104.066061
405 5.900368e+14 115.561788
406 5.900868e+14 103.784336
407 5.901369e+14 112.375472
408 5.901869e+14 110.416569
409 5.902370e+14 109.188634
410 5.902870e+14 111.611963
411 5.903371e+14 106.250344
412 5.903871e+14 113.203572
413 5.904372e+14 105.475662
414 5.904872e+14 108.003296
415 5.905373e+14 97.912460
416 5.905873e+14 103.478980
417 5.906374e+14 99.947257
418 5.906874e+14 112.233941
419 5.907375e+14 112.701106
420 5.907875e+14 101.024430
421 5.908376e+14 112.292964
422 5.908876e+14 95.410892
423 5.909377e+14 100.062109
424 5.909877e+14 116.434344
425 5.910378e+14 104.925078
426 5.910878e+14 108.773141
427 5.911379e+14 107.373315
428 5.911879e+14 106.502374
429 5.912380e+14 113.582126
430 5.912880e+14 115.475683
431 5.913381e+14 110.809179
432 5.913881e+14 113.417431
433 5.914382e+14 104.056911
434 5.914882e+14 116.587795
435 5.915383e+14 107.095511
436 5.915883e+14 115.856040
437 5.916384e+14 97.848368
438 5.916884e+14 113.742682
439 5.917385e+14 112.260820
440 5.917885e+14 101.957253
441 5.918386e+14 107.240844
442 5.918886e+14 109.576292
443 5.919387e+14 105.346955
444 5.919887e+14 113.753209
445 5.920388e+14 110.277327
446 5.920888e+14 98.322105
447 5.921389e+14 110.243156
448 5.921889e+14 108.430521
449 5.922390e+14 100.927636
450 5.922890e+14 116.398737
451 5.923391e+14 105.733337
452 5.923891e+14 110.200338
453 5.924392e+14 106.837865
454 5.924892e+14 105.492365
455 5.925393e+14 100.020025
456 5.925893e+14 104.443094
457 5.926394e+14 110.224839
458 5.926894e+14 109.109061
459 5.927395e+14 112.265839
460 5.927895e+14 106.913339
461 5.928396e+14 106.909680
462 5.928896e+14 124.718164
463 5.929397e+14 107.696350
464 5.929897e+14 114.038436
465 5.930398e+14 98.077056
466 5.930898e+14 106.488556
467 5.931399e+14 112.203901
468 5.931899e+14 114.046596
469 5.932400e+14 113.089356
470 5.932900e+14 106.513904
471 5.933401e+14 102.849463
472 5.933901e+14 119.996679
473 5.934402e+14 116.913549
474 5.934902e+14 107.598062
475 5.935403e+14 114.619134
476 5.935903e+14 110.379877
477 5.936404e+14 113.709065
478 5.936904e+14 118.181757
479 5.937405e+14 110.801888
480 5.937905e+14 122.052636
481 5.938406e+14 118.611567
482 5.938906e+14 118.739194
483 5.939407e+14 114.460840
484 5.939907e+14 117.578299
485 5.940408e+14 113.717442
486 5.940908e+14 109.247678
487 5.941409e+14 120.302994
488 5.941909e+14 112.840740
489 5.942410e+14 105.866955
490 5.942910e+14 112.237732
491 5.943411e+14 100.400615
492 5.943911e+14 112.561448
493 5.944412e+14 108.134581
494 5.944912e+14 115.002328
495 5.945413e+14 111.678154
496 5.945913e+14 117.229419
497 5.946414e+14 117.077513
498 5.946914e+14 120.509252
499 5.947415e+14 117.300832
500 5.947915e+14 114.680722
501 5.948416e+14 116.246480
502 5.948916e+14 114.852971
503 5.949417e+14 118.811528
504 5.949917e+14 117.141356
505 5.950418e+14 112.618674
506 5.950918e+14 109.860703
507 5.951419e+14 115.357176
508 5.951919e+14 116.461473
509 5.952420e+14 112.808944
510 5.952920e+14 109.507203
511 5.953421e+14 124.850430
512 5.953921e+14 112.141101
513 5.954422e+14 108.034427
514 5.954922e+14 109.957236
515 5.955423e+14 112.213053
516 5.955923e+14 112.563581
517 5.956424e+14 119.842012
518 5.956924e+14 117.331107
519 5.957425e+14 115.829547
520 5.957925e+14 115.976683
521 5.958426e+14 123.818564
522 5.958926e+14 114.519811
523 5.959427e+14 119.246685
524 5.959927e+14 107.787086
525 5.960428e+14 118.319840
526 5.960928e+14 116.856861
527 5.961429e+14 128.094642
528 5.961929e+14 120.012255
529 5.962430e+14 110.622710
530 5.962930e+14 118.964365
531 5.963431e+14 123.373320
532 5.963931e+14 114.485693
533 5.964432e+14 104.331743
534 5.964932e+14 110.877443
535 5.965433e+14 116.556861
536 5.965933e+14 109.966393
537 5.966434e+14 116.973309
538 5.966934e+14 106.099921
539 5.967435e+14 117.038561
540 5.967935e+14 116.928832
541 5.968436e+14 123.238850
542 5.968936e+14 111.914738
543 5.969437e+14 115.732208
544 5.969937e+14 120.349596
545 5.970438e+14 117.408614
546 5.970938e+14 107.853209
547 5.971439e+14 115.446177
548 5.971939e+14 130.644065
549 5.972440e+14 116.895667
550 5.972940e+14 115.224357
551 5.973441e+14 110.291556
552 5.973941e+14 127.487074
553 5.974442e+14 124.522219
554 5.974942e+14 116.975858
555 5.975443e+14 118.193709
556 5.975943e+14 120.773848
557 5.976444e+14 121.321545
558 5.976944e+14 114.234055
559 5.977445e+14 107.889016
560 5.977945e+14 115.987990
561 5.978446e+14 128.180912
562 5.978946e+14 110.564869
563 5.979447e+14 114.687279
564 5.979947e+14 125.298053
565 5.980448e+14 121.005085
566 5.980948e+14 114.044584
567 5.981449e+14 119.792636
568 5.981949e+14 109.883458
569 5.982450e+14 108.844613
570 5.982950e+14 119.951556
571 5.983451e+14 121.038631
572 5.983951e+14 107.453893
573 5.984452e+14 121.975759
574 5.984952e+14 118.850477
575 5.985453e+14 120.027269
576 5.985953e+14 124.093588
577 5.986454e+14 128.139075
578 5.986954e+14 118.726251
579 5.987455e+14 130.185832
580 5.987955e+14 128.081409
581 5.988456e+14 128.912271
582 5.988956e+14 129.788843
583 5.989457e+14 134.895593
584 5.989957e+14 121.988574
585 5.990458e+14 116.995337
586 5.990958e+14 117.082856
587 5.991459e+14 113.924556
588 5.991959e+14 131.253616
589 5.992460e+14 131.964402
590 5.992960e+14 111.244829
591 5.993461e+14 125.854069
592 5.993961e+14 121.558466
593 5.994462e+14 126.387764
594 5.994962e+14 125.710158
595 5.995463e+14 124.288094
596 5.995963e+14 123.009154
597 5.996464e+14 132.566223
598 5.996964e+14 119.956085
599 5.997465e+14 121.015242
600 5.997965e+14 121.153919
601 5.998466e+14 124.577854
602 5.998966e+14 123.382702
603 5.999467e+14 113.649734
604 5.999967e+14 120.855115
605 6.000468e+14 136.206528
606 6.000968e+14 114.049041
607 6.001469e+14 131.007742
608 6.001969e+14 120.479255
609 6.002470e+14 119.297221
610 6.002970e+14 120.271149
611 6.003471e+14 129.225802
612 6.003971e+14 119.784975
613 6.004472e+14 127.495310
614 6.004972e+14 121.196581
615 6.005473e+14 121.313601
616 6.005973e+14 134.350254
617 6.006474e+14 129.439473
618 6.006974e+14 120.430975
619 6.007475e+14 127.343188
620 6.007975e+14 129.897826
621 6.008476e+14 123.158250
622 6.008976e+14 118.043791
623 6.009477e+14 135.421388
624 6.009977e+14 130.820942
625 6.010478e+14 125.751429
626 6.010978e+14 114.523388
627 6.011479e+14 121.407249
628 6.011979e+14 130.408969
629 6.012480e+14 124.593881
630 6.012980e+14 135.246234
631 6.013481e+14 123.874931
632 6.013981e+14 132.246560
633 6.014482e+14 117.916385
634 6.014982e+14 140.153456
635 6.015483e+14 122.190278
636 6.015983e+14 119.149300
637 6.016484e+14 130.627813
638 6.016984e+14 119.268287
639 6.017485e+14 129.542409
640 6.017985e+14 124.353396
641 6.018486e+14 119.777441
642 6.018986e+14 119.231271
643 6.019487e+14 124.953765
644 6.019987e+14 127.439585
645 6.020488e+14 132.329232
646 6.020989e+14 126.554991
647 6.021489e+14 116.736005
648 6.021990e+14 121.698857
649 6.022490e+14 120.634521
650 6.022991e+14 125.354501
651 6.023491e+14 131.562812
652 6.023992e+14 117.382405
653 6.024492e+14 124.175061
654 6.024993e+14 115.160714
655 6.025493e+14 127.996614
656 6.025994e+14 119.987755
657 6.026494e+14 116.831543
658 6.026995e+14 118.531757
659 6.027495e+14 133.732322
660 6.027996e+14 123.104778
661 6.028496e+14 127.995676
662 6.028997e+14 124.695260
663 6.029497e+14 127.371229
664 6.029998e+14 131.666404
665 6.030498e+14 133.114875
666 6.030999e+14 127.236847
667 6.031499e+14 131.828783
668 6.032000e+14 133.176055
669 6.032500e+14 129.604003
670 6.033001e+14 122.249925
671 6.033501e+14 122.238729
672 6.034002e+14 121.049693
673 6.034502e+14 132.434361
674 6.035003e+14 117.768358
675 6.035503e+14 125.912915
676 6.036004e+14 123.110711
677 6.036504e+14 122.524287
678 6.037005e+14 123.159219
679 6.037505e+14 119.098569
680 6.038006e+14 113.833530
681 6.038506e+14 124.200993
682 6.039007e+14 123.062690
683 6.039507e+14 123.413258
684 6.040008e+14 115.631095
685 6.040508e+14 118.099388
686 6.041009e+14 125.979036
687 6.041509e+14 122.263017
688 6.042010e+14 125.959671
689 6.042510e+14 122.471552
690 6.043011e+14 129.911213
691 6.043511e+14 107.651404
692 6.044012e+14 127.912014
693 6.044512e+14 128.536964
694 6.045013e+14 116.922593
695 6.045513e+14 130.708669
696 6.046014e+14 111.225351
697 6.046514e+14 123.552586
698 6.047015e+14 118.820005
699 6.047515e+14 122.609271
700 6.048016e+14 119.834450
701 6.048516e+14 124.752885
702 6.049017e+14 121.434508
703 6.049517e+14 136.391348
704 6.050018e+14 128.515934
705 6.050518e+14 123.129189
706 6.051019e+14 119.079049
707 6.051519e+14 121.384956
708 6.052020e+14 116.023479
709 6.052520e+14 122.533292
710 6.053021e+14 117.400345
711 6.053521e+14 122.910887
712 6.054022e+14 115.804553
713 6.054522e+14 121.264624
714 6.055023e+14 123.687902
715 6.055523e+14 123.968498
716 6.056024e+14 123.938344
717 6.056524e+14 133.740024
718 6.057025e+14 112.368257
719 6.057525e+14 113.236408
720 6.058026e+14 128.575343
721 6.058526e+14 110.362236
722 6.059027e+14 121.689364
723 6.059527e+14 122.660381
724 6.060028e+14 122.250135
725 6.060528e+14 123.355756
726 6.061029e+14 114.256125
727 6.061529e+14 121.540569
728 6.062030e+14 121.093698
729 6.062530e+14 127.325872
730 6.063031e+14 104.068527
731 6.063531e+14 117.602642
732 6.064032e+14 116.396975
733 6.064532e+14 134.237593
734 6.065033e+14 109.393733
735 6.065533e+14 120.241380
736 6.066034e+14 113.748903
737 6.066534e+14 116.392877
738 6.067035e+14 132.599883
739 6.067535e+14 117.650024
740 6.068036e+14 114.885965
741 6.068536e+14 113.807021
742 6.069037e+14 118.154472
743 6.069537e+14 114.677161
744 6.070038e+14 114.996936
745 6.070538e+14 112.773058
746 6.071039e+14 111.676168
747 6.071539e+14 103.477146
748 6.072040e+14 112.963101
749 6.072540e+14 125.156477
750 6.073041e+14 117.441567
751 6.073541e+14 108.368099
752 6.074042e+14 113.183374
753 6.074542e+14 112.715378
754 6.075043e+14 106.127898
755 6.075543e+14 116.416606
756 6.076044e+14 115.077217
757 6.076544e+14 118.819351
758 6.077045e+14 111.499061
759 6.077545e+14 110.882445
760 6.078046e+14 111.842484
761 6.078546e+14 110.282454
762 6.079047e+14 108.626478
763 6.079547e+14 115.281699
764 6.080048e+14 113.817656
765 6.080548e+14 119.422143
766 6.081049e+14 115.484597
767 6.081549e+14 104.228836
768 6.082050e+14 113.495933
769 6.082550e+14 113.517941
770 6.083051e+14 108.175283
771 6.083551e+14 113.217912
772 6.084052e+14 119.834903
773 6.084552e+14 103.470857
774 6.085053e+14 104.328904
775 6.085553e+14 122.864640
776 6.086054e+14 103.323150
777 6.086554e+14 113.817035
778 6.087055e+14 111.412328
779 6.087555e+14 95.672904
780 6.088056e+14 129.542411
781 6.088556e+14 104.975509
782 6.089057e+14 101.043694
783 6.089557e+14 109.156091
784 6.090058e+14 115.173878
785 6.090558e+14 109.138631
786 6.091059e+14 109.295076
787 6.091559e+14 97.414229
788 6.092060e+14 116.762314
789 6.092560e+14 107.734573
790 6.093061e+14 102.144830
791 6.093561e+14 119.748745
792 6.094062e+14 110.537588
793 6.094562e+14 109.969737
794 6.095063e+14 106.556605
795 6.095563e+14 92.520927
796 6.096064e+14 108.934960
797 6.096564e+14 117.680150
798 6.097065e+14 101.458531
799 6.097565e+14 102.371792
800 6.098066e+14 112.840260
801 6.098566e+14 105.109565
802 6.099067e+14 106.574574
803 6.099567e+14 99.217514
804 6.100068e+14 106.756903
805 6.100568e+14 107.829418
806 6.101069e+14 112.771261
807 6.101569e+14 102.655149
808 6.102070e+14 101.607281
809 6.102570e+14 103.658780
810 6.103071e+14 107.865107
811 6.103571e+14 107.604872
812 6.104072e+14 99.687670
813 6.104572e+14 91.522808
814 6.105073e+14 94.808456
815 6.105573e+14 93.087556
816 6.106074e+14 108.990070
817 6.106574e+14 96.493677
818 6.107075e+14 113.566101
819 6.107575e+14 98.294982
820 6.108076e+14 103.114599
821 6.108576e+14 94.054268
822 6.109077e+14 108.870599
823 6.109577e+14 101.717012
824 6.110078e+14 108.468870
825 6.110578e+14 102.070357
826 6.111079e+14 109.422473
827 6.111579e+14 98.874545
828 6.112080e+14 114.253769
829 6.112580e+14 101.507475
830 6.113081e+14 104.077803
831 6.113581e+14 108.308314
832 6.114082e+14 92.048344
833 6.114582e+14 94.666947
834 6.115083e+14 99.580109
835 6.115583e+14 96.584148
836 6.116084e+14 96.095694
837 6.116584e+14 107.565867
838 6.117085e+14 106.095350
839 6.117585e+14 93.440657
840 6.118086e+14 113.129757
841 6.118586e+14 92.404366
842 6.119087e+14 96.891676
843 6.119587e+14 95.328545
844 6.120088e+14 99.405166
845 6.120588e+14 96.374707
846 6.121089e+14 101.518627
847 6.121589e+14 95.473513
848 6.122090e+14 95.242070
849 6.122590e+14 96.382902
850 6.123091e+14 91.571260
851 6.123591e+14 108.477577
852 6.124092e+14 94.325396
853 6.124592e+14 96.925703
854 6.125093e+14 97.217044
855 6.125593e+14 93.486457
856 6.126094e+14 99.598371
857 6.126594e+14 97.478934
858 6.127095e+14 91.900517
859 6.127595e+14 97.512173
860 6.128096e+14 103.725624
861 6.128596e+14 86.866523
862 6.129097e+14 94.315120
863 6.129597e+14 99.320169
864 6.130098e+14 91.990039
865 6.130598e+14 85.774668
866 6.131099e+14 86.380459
867 6.131599e+14 97.000005
868 6.132100e+14 87.295327
869 6.132600e+14 99.294512
870 6.133101e+14 88.402357
871 6.133601e+14 95.911942
872 6.134102e+14 97.793173
873 6.134602e+14 96.917335
874 6.135103e+14 83.349482
875 6.135603e+14 103.439144
876 6.136104e+14 96.659050
877 6.136604e+14 86.670035
878 6.137105e+14 84.662173
879 6.137605e+14 92.132255
880 6.138106e+14 92.638220
881 6.138606e+14 104.037728
882 6.139107e+14 99.709958
883 6.139607e+14 87.967235
884 6.140108e+14 93.513324
885 6.140608e+14 97.275173
886 6.141109e+14 94.522723
887 6.141609e+14 104.867343
888 6.142110e+14 98.853883
889 6.142610e+14 87.282535
890 6.143111e+14 98.939680
891 6.143611e+14 94.820474
892 6.144112e+14 90.193622
893 6.144612e+14 95.509005
894 6.145113e+14 98.725305
895 6.145613e+14 89.758004
896 6.146114e+14 83.596582
897 6.146614e+14 95.585422
898 6.147115e+14 100.007919
899 6.147615e+14 88.497316
900 6.148116e+14 93.211863
901 6.148616e+14 80.399802
902 6.149117e+14 87.761751
903 6.149617e+14 89.390057
904 6.150118e+14 95.934286
905 6.150618e+14 75.512109
906 6.151119e+14 96.917130
907 6.151619e+14 90.861112
908 6.152120e+14 88.284340
909 6.152620e+14 86.885349
910 6.153121e+14 89.726537
911 6.153621e+14 92.614903
912 6.154122e+14 95.759791
913 6.154622e+14 92.489098
914 6.155123e+14 93.146440
915 6.155623e+14 91.896024
916 6.156124e+14 82.844089
917 6.156624e+14 84.679923
918 6.157125e+14 84.926232
919 6.157625e+14 90.817476
920 6.158126e+14 92.499885
921 6.158626e+14 98.740412
922 6.159127e+14 85.547010
923 6.159627e+14 82.449792
924 6.160128e+14 82.844124
925 6.160628e+14 77.947640
926 6.161129e+14 84.067192
927 6.161629e+14 101.622903
928 6.162130e+14 90.329431
929 6.162630e+14 85.103692
930 6.163131e+14 78.646430
931 6.163631e+14 84.025067
932 6.164132e+14 99.185765
933 6.164632e+14 73.619656
934 6.165133e+14 86.404588
935 6.165633e+14 85.892209
936 6.166134e+14 78.334213
937 6.166634e+14 94.635813
938 6.167135e+14 85.226522
939 6.167635e+14 83.500608
940 6.168136e+14 83.125809
941 6.168636e+14 92.593558
942 6.169137e+14 82.407070
943 6.169637e+14 96.354866
944 6.170138e+14 86.346545
945 6.170638e+14 100.232809
946 6.171139e+14 91.571908
947 6.171639e+14 85.401915
948 6.172140e+14 90.540157
949 6.172640e+14 87.204889
950 6.173141e+14 86.991792
951 6.173641e+14 99.233345
952 6.174142e+14 85.779506
953 6.174642e+14 84.412285
954 6.175143e+14 94.380629
955 6.175643e+14 84.197012
956 6.176144e+14 82.784279
957 6.176644e+14 71.684665
958 6.177145e+14 79.697628
959 6.177645e+14 84.533843
960 6.178146e+14 91.620414
961 6.178646e+14 81.960644
962 6.179147e+14 75.856162
963 6.179647e+14 87.110153
964 6.180148e+14 83.562966
965 6.180648e+14 82.803340
966 6.181149e+14 86.517571
967 6.181649e+14 90.012379
968 6.182150e+14 86.124285
969 6.182650e+14 82.834826
970 6.183151e+14 89.650265
971 6.183651e+14 86.647003
972 6.184152e+14 87.762028
973 6.184652e+14 84.660835
974 6.185153e+14 79.468965
975 6.185653e+14 86.757845
976 6.186154e+14 83.997840
977 6.186654e+14 93.296754
978 6.187155e+14 77.534050
979 6.187655e+14 82.003853
980 6.188156e+14 89.860588
981 6.188656e+14 89.375614
982 6.189157e+14 77.885506
983 6.189657e+14 86.419312
984 6.190158e+14 85.226429
985 6.190658e+14 95.704578
986 6.191159e+14 91.242078
987 6.191659e+14 91.603770
988 6.192160e+14 88.141261
989 6.192660e+14 99.736678
990 6.193161e+14 85.904983
991 6.193661e+14 85.146494
992 6.194162e+14 80.737121
993 6.194662e+14 70.231627
994 6.195163e+14 93.467520
995 6.195663e+14 63.958547
996 6.196164e+14 77.500561
997 6.196664e+14 87.705340
998 6.197165e+14 86.989980
999 6.197665e+14 86.112765
