# Date: 19/07/01, Author: E.Hubble
# First column is index, second column is frequency (Hz), third column is spectra (A.U.)
0 5.672968e+14 122.231331
1 5.673469e+14 99.200321
2 5.673969e+14 105.460558
3 5.674470e+14 115.669399
4 5.674970e+14 109.913308
5 5.675471e+14 124.003722
6 5.675971e+14 118.743090
7 5.676472e+14 112.178423
8 5.676972e+14 107.074407
9 5.677473e+14 104.050896
10 5.677973e+14 113.792264
11 5.678474e+14 110.550816
12 5.678974e+14 115.643229
13 5.679475e+14 113.586932
14 5.679975e+14 117.647253
15 5.680476e+14 120.252661
16 5.680976e+14 104.908696
17 5.681477e+14 104.443834
18 5.681977e+14 115.930294
19 5.682478e+14 102.343685
20 5.682978e+14 110.077752
21 5.683479e+14 107.258849
22 5.683979e+14 117.577975
23 5.684480e+14 111.701041
24 5.684980e+14 111.688684
25 5.685481e+14 116.669902
26 5.685981e+14 108.949787
27 5.686482e+14 110.033584
28 5.686982e+14 120.697811
29 5.687483e+14 102.576271
30 5.687983e+14 102.260824
31 5.688484e+14 102.518932
32 5.688984e+14 109.751675
33 5.689485e+14 113.272645
34 5.689985e+14 104.063174
35 5.690486e+14 116.427011
36 5.690986e+14 107.071536
37 5.691487e+14 102.820091
38 5.691987e+14 112.053676
39 5.692488e+14 106.696663
40 5.692988e+14 108.613647
41 5.693489e+14 106.356081
42 5.693989e+14 110.633485
43 5.694490e+14 93.816914
44 5.694990e+14 115.069728
45 5.695491e+14 104.744798
46 5.695991e+14 117.317823
47 5.696492e+14 118.396714
48 5.696992e+14 114.624683
49 5.697493e+14 101.214418
50 5.697993e+14 111.165947
51 5.698494e+14 104.585115
52 5.698994e+14 105.333518
53 5.699495e+14 108.100371
54 5.699995e+14 108.419129
55 5.700496e+14 97.584772
56 5.700996e+14 111.997393
57 5.701497e+14 111.189388
58 5.701997e+14 111.171557
59 5.702498e+14 101.220061
60 5.702998e+14 111.817551
61 5.703499e+14 105.538169
62 5.703999e+14 115.453572
63 5.704500e+14 115.267572
64 5.705000e+14 112.651226
65 5.705501e+14 111.479245
66 5.706001e+14 109.288677
67 5.706502e+14 103.549889
68 5.707002e+14 113.295514
69 5.707503e+14 104.571035
70 5.708003e+14 104.844138
71 5.708504e+14 113.955226
72 5.709004e+14 110.280136
73 5.709505e+14 101.737148
74 5.710005e+14 109.643498
75 5.710506e+14 117.595666
76 5.711006e+14 112.698067
77 5.711507e+14 114.494431
78 5.712007e+14 102.272647
79 5.712508e+14 107.748938
80 5.713008e+14 112.472524
81 5.713509e+14 116.074810
82 5.714009e+14 108.083448
83 5.714510e+14 110.715588
84 5.715010e+14 95.081968
85 5.715511e+14 110.626571
86 5.716011e+14 105.048049
87 5.716512e+14 106.219986
88 5.717012e+14 107.892413
89 5.717513e+14 115.181987
90 5.718013e+14 120.345354
91 5.718514e+14 110.229095
92 5.719014e+14 116.485592
93 5.719515e+14 103.541218
94 5.720015e+14 119.774621
95 5.720516e+14 116.660092
96 5.721016e+14 118.143758
97 5.721517e+14 115.267157
98 5.722017e+14 114.474072
99 5.722518e+14 106.910048
100 5.723018e+14 111.766931
101 5.723519e+14 104.522155
102 5.724019e+14 112.173738
103 5.724520e+14 112.563520
104 5.725020e+14 111.857000
105 5.725521e+14 115.065191
106 5.726021e+14 104.271267
107 5.726522e+14 116.230720
108 5.727022e+14 114.934688
109 5.727523e+14 106.701901
110 5.728023e+14 114.578576
111 5.728524e+14 109.232717
112 5.729024e+14 112.151755
113 5.729525e+14 111.469974
114 5.730025e+14 112.336409
115 5.730526e+14 118.806718
116 5.731026e+14 106.443542
117 5.731527e+14 112.216512
118 5.732027e+14 110.081527
119 5.732528e+14 95.177509
120 5.733028e+14 114.751524
121 5.733529e+14 113.865660
122 5.734029e+14 100.437233
123 5.734530e+14 111.624701
124 5.735030e+14 121.115613
125 5.735531e+14 100.153123
126 5.736031e+14 107.545586
127 5.736532e+14 115.009407
128 5.737032e+14 115.299125
129 5.737533e+14 109.326783
130 5.738033e+14 110.897441
131 5.738534e+14 113.637629
132 5.739034e+14 109.295200
133 5.739535e+14 109.385637
134 5.740035e+14 109.890128
135 5.740536e+14 103.883006
136 5.741036e+14 116.064801
137 5.741537e+14 97.001639
138 5.742037e+14 117.666899
139 5.742538e+14 106.483926
140 5.743038e+14 105.152188
141 5.743539e+14 108.657618
142 5.744039e+14 110.092144
143 5.744540e+14 101.451660
144 5.745040e+14 111.578471
145 5.745541e+14 109.486493
146 5.746041e+14 113.982442
147 5.746542e+14 116.819328
148 5.747042e+14 103.900620
149 5.747543e+14 104.041089
150 5.748043e+14 108.890313
151 5.748544e+14 117.629777
152 5.749044e+14 96.482294
153 5.749545e+14 112.543381
154 5.750045e+14 110.908935
155 5.750546e+14 107.226999
156 5.751046e+14 108.684985
157 5.751547e+14 112.230251
158 5.752047e+14 108.392539
159 5.752548e+14 103.485909
160 5.753048e+14 103.301373
161 5.753549e+14 102.532937
162 5.754049e+14 107.184802
163 5.754550e+14 115.421997
164 5.755050e+14 99.378876
165 5.755551e+14 96.481968
166 5.756051e+14 98.383732
167 5.756552e+14 103.871271
168 5.757052e+14 107.473031
169 5.757553e+14 105.123876
170 5.758053e+14 112.070506
171 5.758554e+14 93.240132
172 5.759054e+14 114.633840
173 5.759555e+14 110.203954
174 5.760055e+14 117.741174
175 5.760556e+14 108.721338
176 5.761056e+14 102.622500
177 5.761557e+14 108.084257
178 5.762057e+14 115.389788
179 5.762558e+14 112.643929
180 5.763058e+14 97.375652
181 5.763559e+14 103.574637
182 5.764059e+14 107.682699
183 5.764560e+14 106.524202
184 5.765060e+14 105.199780
185 5.765561e+14 105.787896
186 5.766061e+14 100.499268
187 5.766562e+14 105.639798
188 5.767062e+14 97.569840
189 5.767563e+14 117.136436
190 5.768063e+14 107.859098
191 5.768564e+14 106.294497
192 5.769064e+14 116.312138
193 5.769565e+14 113.517514
194 5.770065e+14 109.495251
195 5.770566e+14 103.232371
196 5.771066e+14 108.206795
197 5.771567e+14 115.420142
198 5.772067e+14 108.390121
199 5.772568e+14 103.012772
200 5.773068e+14 109.754151
201 5.773569e+14 113.245025
202 5.774069e+14 107.239325
203 5.774570e+14 112.296611
204 5.775070e+14 110.081010
205 5.775571e+14 112.294993
206 5.776071e+14 99.561725
207 5.776572e+14 108.743428
208 5.777072e+14 115.447179
209 5.777573e+14 113.069425
210 5.778073e+14 109.969611
211 5.778574e+14 90.697217
212 5.779074e+14 94.588426
213 5.779575e+14 115.738521
214 5.780075e+14 102.890047
215 5.780576e+14 103.215421
216 5.781076e+14 108.807916
217 5.781577e+14 94.235888
218 5.782077e+14 108.350428
219 5.782578e+14 105.844427
220 5.783078e+14 105.857508
221 5.783579e+14 113.941622
222 5.784079e+14 106.290302
223 5.784580e+14 101.787480
224 5.785080e+14 106.181330
225 5.785581e+14 115.843246
226 5.786081e+14 99.895476
227 5.786582e+14 99.339609
228 5.787082e+14 97.165861
229 5.787583e+14 110.783862
230 5.788083e+14 110.212309
231 5.788584e+14 108.309467
232 5.789084e+14 107.539436
233 5.789585e+14 104.360116
234 5.790085e+14 105.582990
235 5.790586e+14 112.100409
236 5.791086e+14 104.306710
237 5.791587e+14 117.319203
238 5.792087e+14 107.317041
239 5.792588e+14 110.160058
240 5.793088e+14 107.676071
241 5.793589e+14 110.862234
242 5.794089e+14 115.939260
243 5.794590e+14 107.445941
244 5.795090e+14 115.054622
245 5.795591e+14 105.897974
246 5.796091e+14 116.486888
247 5.796592e+14 111.794367
248 5.797092e+14 86.925165
249 5.797593e+14 102.025336
250 5.798093e+14 103.777945
251 5.798594e+14 113.028310
252 5.799094e+14 105.318673
253 5.799595e+14 104.972761
254 5.800095e+14 112.623121
255 5.800596e+14 109.485859
256 5.801096e+14 99.914455
257 5.801597e+14 105.645677
258 5.802097e+14 104.133689
259 5.802598e+14 98.136691
260 5.803098e+14 110.399449
261 5.803599e+14 110.479256
262 5.804099e+14 111.925681
263 5.804600e+14 110.167836
264 5.805100e+14 97.618716
265 5.805601e+14 98.586249
266 5.806101e+14 125.113936
267 5.806602e+14 107.996715
268 5.807102e+14 99.193415
269 5.807603e+14 97.529602
270 5.808103e+14 103.943664
271 5.808604e+14 99.733903
272 5.809104e+14 107.270563
273 5.809605e+14 102.367795
274 5.810105e+14 103.256804
275 5.810606e+14 115.977355
276 5.811106e+14 117.119500
277 5.811607e+14 115.230080
278 5.812107e+14 104.504393
279 5.812608e+14 114.209560
280 5.813108e+14 93.169686
281 5.813609e+14 104.876303
282 5.814109e+14 96.800515
283 5.814610e+14 106.251693
284 5.815110e+14 123.710862
285 5.815611e+14 107.520325
286 5.816111e+14 93.332256
287 5.816612e+14 109.231410
288 5.817112e+14 111.736893
289 5.817613e+14 105.529945
290 5.818113e+14 103.703960
291 5.818614e+14 107.269049
292 5.819114e+14 105.392153
293 5.819615e+14 106.762963
294 5.820115e+14 107.324282
295 5.820616e+14 111.514381
296 5.821116e+14 112.646809
297 5.821617e+14 108.521646
298 5.822117e+14 110.482095
299 5.822618e+14 103.839743
300 5.823118e+14 108.410556
301 5.823619e+14 109.164974
302 5.824119e+14 108.286296
303 5.824620e+14 113.139719
304 5.825120e+14 87.758207
305 5.825621e+14 100.465566
306 5.826121e+14 106.910244
307 5.826622e+14 103.199532
308 5.827122e+14 101.734399
309 5.827623e+14 113.114511
310 5.828123e+14 110.981353
311 5.828624e+14 112.113431
312 5.829124e+14 110.130329
313 5.829625e+14 115.717487
314 5.830125e+14 110.105068
315 5.830626e+14 102.268852
316 5.831126e+14 113.838488
317 5.831627e+14 102.051125
318 5.832127e+14 104.688782
319 5.832628e+14 93.958823
320 5.833128e+14 103.723297
321 5.833629e+14 104.521850
322 5.834129e+14 117.992373
323 5.834630e+14 107.818543
324 5.835130e+14 111.082195
325 5.835631e+14 106.914255
326 5.836131e+14 106.027814
327 5.836632e+14 106.071966
328 5.837132e+14 103.772832
329 5.837633e+14 99.790802
330 5.838133e+14 97.982266
331 5.838634e+14 99.521227
332 5.839134e+14 99.360257
333 5.839635e+14 107.167306
334 5.840135e+14 108.921074
335 5.840636e+14 108.248182
336 5.841136e+14 100.861072
337 5.841637e+14 94.285596
338 5.842137e+14 111.310971
339 5.842638e+14 98.748526
340 5.843138e+14 96.987644
341 5.843639e+14 107.466504
342 5.844139e+14 105.795918
343 5.844640e+14 115.248015
344 5.845140e+14 101.700456
345 5.845641e+14 104.169444
346 5.846141e+14 106.965366
347 5.846642e+14 103.647851
348 5.847142e+14 108.678725
349 5.847643e+14 105.613552
350 5.848143e+14 107.506821
351 5.848644e+14 107.442540
352 5.849144e+14 105.787417
353 5.849645e+14 107.249370
354 5.850145e+14 100.700753
355 5.850646e+14 107.936962
356 5.851146e+14 107.602305
357 5.851647e+14 104.685108
358 5.852147e+14 101.611691
359 5.852648e+14 117.975671
360 5.853148e+14 103.566460
361 5.853649e+14 95.614749
362 5.854149e+14 107.144384
363 5.854650e+14 93.413781
364 5.855150e+14 107.213265
365 5.855651e+14 107.401390
366 5.856151e+14 104.613363
367 5.856652e+14 105.413971
368 5.857152e+14 109.577428
369 5.857653e+14 109.364526
370 5.858153e+14 98.666469
371 5.858654e+14 114.628196
372 5.859154e+14 115.138846
373 5.859655e+14 111.143107
374 5.860155e+14 105.375376
375 5.860656e+14 107.492033
376 5.861156e+14 110.921618
377 5.861657e+14 103.912223
378 5.862157e+14 109.188734
379 5.862658e+14 103.958964
380 5.863158e+14 113.232724
381 5.863659e+14 90.411903
382 5.864159e+14 104.209856
383 5.864660e+14 110.362563
384 5.865160e+14 104.732427
385 5.865661e+14 104.069411
386 5.866161e+14 108.278703
387 5.866662e+14 97.988571
388 5.867162e+14 108.749128
389 5.867663e+14 109.894104
390 5.868163e+14 103.869743
391 5.868664e+14 113.172609
392 5.869164e+14 108.792557
393 5.869665e+14 103.356726
394 5.870165e+14 107.973898
395 5.870666e+14 105.428555
396 5.871166e+14 94.830876
397 5.871667e+14 109.010051
398 5.872167e+14 113.277329
399 5.872668e+14 107.961502
400 5.873168e+14 97.562754
401 5.873669e+14 105.479322
402 5.874169e+14 104.568826
403 5.874670e+14 111.967397
404 5.875170e+14 101.689997
405 5.875671e+14 112.288498
406 5.876171e+14 110.808995
407 5.876672e+14 113.704602
408 5.877172e+14 108.014724
409 5.877673e+14 105.112022
410 5.878173e+14 108.382127
411 5.878674e+14 103.487705
412 5.879174e+14 103.302695
413 5.879675e+14 101.266786
414 5.880175e+14 99.219966
415 5.880676e+14 117.222534
416 5.881176e+14 110.199548
417 5.881677e+14 115.416199
418 5.882177e+14 109.644031
419 5.882678e+14 110.674116
420 5.883178e+14 100.936872
421 5.883679e+14 100.294175
422 5.884179e+14 92.567109
423 5.884680e+14 107.222403
424 5.885181e+14 109.474308
425 5.885681e+14 105.114558
426 5.886182e+14 106.971470
427 5.886682e+14 96.727873
428 5.887183e+14 107.375046
429 5.887683e+14 114.696208
430 5.888184e+14 98.499633
431 5.888684e+14 114.185070
432 5.889185e+14 99.249365
433 5.889685e+14 105.104292
434 5.890186e+14 105.967230
435 5.890686e+14 113.215233
436 5.891187e+14 103.761689
437 5.891687e+14 102.337909
438 5.892188e+14 105.009160
439 5.892688e+14 101.130601
440 5.893189e+14 108.431140
441 5.893689e+14 108.338561
442 5.894190e+14 97.613442
443 5.894690e+14 99.858676
444 5.895191e+14 108.364257
445 5.895691e+14 108.557787
446 5.896192e+14 100.302393
447 5.896692e+14 100.827214
448 5.897193e+14 100.178282
449 5.897693e+14 118.165158
450 5.898194e+14 105.735947
451 5.898694e+14 113.970259
452 5.899195e+14 103.336766
453 5.899695e+14 120.399809
454 5.900196e+14 101.930858
455 5.900696e+14 109.743087
456 5.901197e+14 103.539739
457 5.901697e+14 100.644670
458 5.902198e+14 106.549460
459 5.902698e+14 109.060534
460 5.903199e+14 95.690555
461 5.903699e+14 111.574163
462 5.904200e+14 109.183137
463 5.904700e+14 92.779002
464 5.905201e+14 110.838441
465 5.905701e+14 108.150919
466 5.906202e+14 95.470290
467 5.906702e+14 117.866236
468 5.907203e+14 100.637343
469 5.907703e+14 102.357548
470 5.908204e+14 106.188081
471 5.908704e+14 103.000831
472 5.909205e+14 98.116571
473 5.909705e+14 115.784965
474 5.910206e+14 101.669184
475 5.910706e+14 98.546309
476 5.911207e+14 108.559153
477 5.911707e+14 113.893076
478 5.912208e+14 111.301687
479 5.912708e+14 105.699028
480 5.913209e+14 102.654156
481 5.913709e+14 103.819695
482 5.914210e+14 92.858240
483 5.914710e+14 111.092574
484 5.915211e+14 104.957169
485 5.915711e+14 111.404431
486 5.916212e+14 105.439929
487 5.916712e+14 115.085822
488 5.917213e+14 99.299284
489 5.917713e+14 105.889011
490 5.918214e+14 101.494869
491 5.918714e+14 110.800971
492 5.919215e+14 106.351822
493 5.919715e+14 117.768813
494 5.920216e+14 99.510310
495 5.920716e+14 102.496560
496 5.921217e+14 108.516332
497 5.921717e+14 102.033887
498 5.922218e+14 101.785456
499 5.922718e+14 98.655429
500 5.923219e+14 111.308274
501 5.923719e+14 101.960570
502 5.924220e+14 108.008413
503 5.924720e+14 102.369152
504 5.925221e+14 107.566973
505 5.925721e+14 107.966198
506 5.926222e+14 110.724403
507 5.926722e+14 110.160827
508 5.927223e+14 111.531277
509 5.927723e+14 110.024951
510 5.928224e+14 98.712490
511 5.928724e+14 103.851364
512 5.929225e+14 101.860072
513 5.929725e+14 101.890534
514 5.930226e+14 111.067289
515 5.930726e+14 113.150005
516 5.931227e+14 109.732522
517 5.931727e+14 99.299029
518 5.932228e+14 99.997249
519 5.932728e+14 107.757317
520 5.933229e+14 107.949579
521 5.933729e+14 98.549137
522 5.934230e+14 107.924865
523 5.934730e+14 97.338099
524 5.935231e+14 102.236220
525 5.935731e+14 111.280258
526 5.936232e+14 119.058682
527 5.936732e+14 106.853778
528 5.937233e+14 110.132632
529 5.937733e+14 97.547538
530 5.938234e+14 106.432572
531 5.938734e+14 90.649035
532 5.939235e+14 99.752767
533 5.939735e+14 117.237913
534 5.940236e+14 108.790097
535 5.940736e+14 110.858939
536 5.941237e+14 106.651354
537 5.941737e+14 107.697390
538 5.942238e+14 107.561062
539 5.942738e+14 94.830699
540 5.943239e+14 99.939428
541 5.943739e+14 103.329162
542 5.944240e+14 117.519920
543 5.944740e+14 113.075774
544 5.945241e+14 102.403469
545 5.945741e+14 104.648129
546 5.946242e+14 111.715805
547 5.946742e+14 107.801470
548 5.947243e+14 97.724257
549 5.947743e+14 109.237228
550 5.948244e+14 106.108771
551 5.948744e+14 101.744195
552 5.949245e+14 105.412634
553 5.949745e+14 105.609143
554 5.950246e+14 101.627137
555 5.950746e+14 108.981585
556 5.951247e+14 102.222843
557 5.951747e+14 114.164214
558 5.952248e+14 106.448008
559 5.952748e+14 105.819640
560 5.953249e+14 111.473764
561 5.953749e+14 115.037952
562 5.954250e+14 120.338544
563 5.954750e+14 113.394944
564 5.955251e+14 100.473686
565 5.955751e+14 110.465015
566 5.956252e+14 91.690388
567 5.956752e+14 102.105157
568 5.957253e+14 109.860490
569 5.957753e+14 112.092028
570 5.958254e+14 111.312477
571 5.958754e+14 112.760509
572 5.959255e+14 111.405876
573 5.959755e+14 106.435536
574 5.960256e+14 112.435312
575 5.960756e+14 104.642102
576 5.961257e+14 107.288788
577 5.961757e+14 107.330292
578 5.962258e+14 111.091912
579 5.962758e+14 120.325436
580 5.963259e+14 121.473403
581 5.963759e+14 120.069804
582 5.964260e+14 112.520929
583 5.964760e+14 108.832543
584 5.965261e+14 106.876082
585 5.965761e+14 124.667757
586 5.966262e+14 106.153856
587 5.966762e+14 115.875953
588 5.967263e+14 109.698364
589 5.967763e+14 110.690307
590 5.968264e+14 116.879822
591 5.968764e+14 99.792042
592 5.969265e+14 114.149224
593 5.969765e+14 112.456991
594 5.970266e+14 115.586942
595 5.970766e+14 116.155085
596 5.971267e+14 108.223146
597 5.971767e+14 107.148442
598 5.972268e+14 114.051627
599 5.972768e+14 115.280934
600 5.973269e+14 120.368344
601 5.973769e+14 120.619449
602 5.974270e+14 122.697488
603 5.974770e+14 113.932086
604 5.975271e+14 113.993120
605 5.975771e+14 115.613582
606 5.976272e+14 120.487116
607 5.976772e+14 128.226255
608 5.977273e+14 111.224534
609 5.977773e+14 114.490961
610 5.978274e+14 119.751276
611 5.978774e+14 127.199052
612 5.979275e+14 115.396144
613 5.979775e+14 132.336260
614 5.980276e+14 122.407100
615 5.980776e+14 122.113466
616 5.981277e+14 119.845829
617 5.981777e+14 129.798981
618 5.982278e+14 113.017104
619 5.982778e+14 129.138681
620 5.983279e+14 120.742352
621 5.983779e+14 117.841049
622 5.984280e+14 130.561380
623 5.984780e+14 117.691398
624 5.985281e+14 115.843973
625 5.985781e+14 118.617658
626 5.986282e+14 120.415454
627 5.986782e+14 124.356599
628 5.987283e+14 133.578771
629 5.987783e+14 125.016935
630 5.988284e+14 121.388123
631 5.988784e+14 130.452011
632 5.989285e+14 120.658392
633 5.989785e+14 125.150117
634 5.990286e+14 127.394150
635 5.990786e+14 111.705073
636 5.991287e+14 121.474710
637 5.991787e+14 132.975674
638 5.992288e+14 115.615476
639 5.992788e+14 111.858287
640 5.993289e+14 121.849166
641 5.993789e+14 123.700498
642 5.994290e+14 142.302855
643 5.994790e+14 128.996694
644 5.995291e+14 131.638500
645 5.995791e+14 124.712787
646 5.996292e+14 138.679543
647 5.996792e+14 126.123723
648 5.997293e+14 123.995400
649 5.997793e+14 133.381805
650 5.998294e+14 127.332457
651 5.998794e+14 120.362193
652 5.999295e+14 132.253476
653 5.999795e+14 132.824168
654 6.000296e+14 129.841831
655 6.000796e+14 126.041979
656 6.001297e+14 135.275090
657 6.001797e+14 137.703848
658 6.002298e+14 123.423175
659 6.002798e+14 128.434619
660 6.003299e+14 122.555692
661 6.003799e+14 128.558569
662 6.004300e+14 130.386469
663 6.004800e+14 129.624582
664 6.005301e+14 125.997283
665 6.005801e+14 121.016460
666 6.006302e+14 135.237270
667 6.006802e+14 125.015505
668 6.007303e+14 119.606943
669 6.007803e+14 127.035160
670 6.008304e+14 128.735760
671 6.008804e+14 128.388351
672 6.009305e+14 127.406201
673 6.009805e+14 120.494585
674 6.010306e+14 122.829810
675 6.010806e+14 129.359264
676 6.011307e+14 128.766477
677 6.011807e+14 123.988544
678 6.012308e+14 117.722404
679 6.012808e+14 125.018669
680 6.013309e+14 121.859037
681 6.013809e+14 121.344047
682 6.014310e+14 117.861168
683 6.014810e+14 124.598860
684 6.015311e+14 124.579114
685 6.015811e+14 123.117264
686 6.016312e+14 119.262744
687 6.016812e+14 117.731108
688 6.017313e+14 134.096234
689 6.017813e+14 131.878793
690 6.018314e+14 122.075259
691 6.018814e+14 118.803946
692 6.019315e+14 123.469954
693 6.019815e+14 117.278684
694 6.020316e+14 119.842739
695 6.020816e+14 127.547685
696 6.021317e+14 128.361007
697 6.021817e+14 121.786922
698 6.022318e+14 117.944727
699 6.022818e+14 124.815604
700 6.023319e+14 112.716939
701 6.023819e+14 136.115981
702 6.024320e+14 118.700056
703 6.024820e+14 114.239887
704 6.025321e+14 110.974552
705 6.025821e+14 111.619399
706 6.026322e+14 126.264838
707 6.026822e+14 126.674770
708 6.027323e+14 117.158661
709 6.027823e+14 113.993009
710 6.028324e+14 117.936513
711 6.028824e+14 116.410294
712 6.029325e+14 109.233881
713 6.029825e+14 110.183933
714 6.030326e+14 118.894791
715 6.030826e+14 121.897532
716 6.031327e+14 114.807428
717 6.031827e+14 110.324579
718 6.032328e+14 113.266579
719 6.032828e+14 108.298881
720 6.033329e+14 106.544009
721 6.033829e+14 109.783968
722 6.034330e+14 111.207316
723 6.034830e+14 116.854278
724 6.035331e+14 113.062820
725 6.035831e+14 114.527701
726 6.036332e+14 118.014813
727 6.036832e+14 119.510363
728 6.037333e+14 103.510576
729 6.037833e+14 113.499958
730 6.038334e+14 120.391575
731 6.038834e+14 101.551819
732 6.039335e+14 104.607856
733 6.039835e+14 113.597950
734 6.040336e+14 110.679052
735 6.040836e+14 113.404517
736 6.041337e+14 115.993019
737 6.041837e+14 117.592187
738 6.042338e+14 121.319316
739 6.042838e+14 108.730380
740 6.043339e+14 105.346810
741 6.043839e+14 110.109424
742 6.044340e+14 105.800044
743 6.044840e+14 110.039164
744 6.045341e+14 124.189937
745 6.045841e+14 116.149791
746 6.046342e+14 110.983768
747 6.046842e+14 112.161257
748 6.047343e+14 106.571578
749 6.047843e+14 113.260764
750 6.048344e+14 113.532858
751 6.048844e+14 101.286906
752 6.049345e+14 116.691588
753 6.049845e+14 100.340207
754 6.050346e+14 110.165819
755 6.050846e+14 101.526344
756 6.051347e+14 110.106342
757 6.051847e+14 108.094570
758 6.052348e+14 106.243374
759 6.052848e+14 109.256765
760 6.053349e+14 104.616915
761 6.053849e+14 116.036953
762 6.054350e+14 95.652777
763 6.054850e+14 102.935478
764 6.055351e+14 107.883655
765 6.055851e+14 97.642777
766 6.056352e+14 111.910420
767 6.056852e+14 94.694111
768 6.057353e+14 105.735092
769 6.057853e+14 112.313260
770 6.058354e+14 105.782774
771 6.058854e+14 103.659180
772 6.059355e+14 108.833678
773 6.059855e+14 106.181752
774 6.060356e+14 97.274293
775 6.060856e+14 103.585627
776 6.061357e+14 117.154977
777 6.061857e+14 116.709280
778 6.062358e+14 106.025455
779 6.062858e+14 92.202616
780 6.063359e+14 99.327388
781 6.063859e+14 100.317884
782 6.064360e+14 109.581047
783 6.064860e+14 108.777735
784 6.065361e+14 96.051377
785 6.065861e+14 100.544954
786 6.066362e+14 101.208655
787 6.066862e+14 116.378424
788 6.067363e+14 104.472398
789 6.067863e+14 99.761576
790 6.068364e+14 99.510609
791 6.068864e+14 97.770544
792 6.069365e+14 98.081752
793 6.069865e+14 104.088447
794 6.070366e+14 99.270463
795 6.070866e+14 99.006441
796 6.071367e+14 93.762047
797 6.071867e+14 111.566105
798 6.072368e+14 90.579697
799 6.072868e+14 100.147296
800 6.073369e+14 106.787929
801 6.073869e+14 96.188277
802 6.074370e+14 105.831040
803 6.074870e+14 103.461689
804 6.075371e+14 103.101942
805 6.075871e+14 94.483698
806 6.076372e+14 106.697333
807 6.076872e+14 105.747311
808 6.077373e+14 92.590236
809 6.077873e+14 103.704850
810 6.078374e+14 92.588945
811 6.078874e+14 107.926409
812 6.079375e+14 102.001311
813 6.079875e+14 107.231223
814 6.080376e+14 102.667935
815 6.080876e+14 103.848595
816 6.081377e+14 96.742370
817 6.081877e+14 95.557075
818 6.082378e+14 91.654556
819 6.082878e+14 106.417290
820 6.083379e+14 104.210891
821 6.083879e+14 97.761539
822 6.084380e+14 91.981540
823 6.084880e+14 100.965986
824 6.085381e+14 103.970201
825 6.085881e+14 109.412479
826 6.086382e+14 108.797408
827 6.086882e+14 104.578370
828 6.087383e+14 90.847543
829 6.087883e+14 109.515713
830 6.088384e+14 100.358614
831 6.088884e+14 96.299057
832 6.089385e+14 103.269196
833 6.089885e+14 110.543002
834 6.090386e+14 108.123396
835 6.090886e+14 93.979640
836 6.091387e+14 94.276491
837 6.091887e+14 93.875773
838 6.092388e+14 93.999186
839 6.092888e+14 90.831240
840 6.093389e+14 109.144952
841 6.093889e+14 107.375564
842 6.094390e+14 89.057807
843 6.094890e+14 96.331533
844 6.095391e+14 100.101630
845 6.095891e+14 96.890824
846 6.096392e+14 105.696885
847 6.096892e+14 104.167407
848 6.097393e+14 104.682671
849 6.097893e+14 96.215739
850 6.098394e+14 94.501201
851 6.098894e+14 102.875345
852 6.099395e+14 98.874847
853 6.099895e+14 104.400034
854 6.100396e+14 95.361980
855 6.100896e+14 99.557299
856 6.101397e+14 93.471192
857 6.101897e+14 88.642331
858 6.102398e+14 98.372606
859 6.102898e+14 99.766563
860 6.103399e+14 107.506543
861 6.103899e+14 93.703758
862 6.104400e+14 102.627526
863 6.104900e+14 94.552108
864 6.105401e+14 87.612599
865 6.105901e+14 95.951080
866 6.106402e+14 98.349941
867 6.106902e+14 97.410348
868 6.107403e+14 87.493921
869 6.107903e+14 103.769682
870 6.108404e+14 93.420782
871 6.108904e+14 107.124471
872 6.109405e+14 102.402394
873 6.109905e+14 98.398568
874 6.110406e+14 91.274594
875 6.110906e+14 102.547596
876 6.111407e+14 100.054189
877 6.111907e+14 95.280201
878 6.112408e+14 97.665307
879 6.112908e+14 95.619636
880 6.113409e+14 103.426115
881 6.113909e+14 94.325585
882 6.114410e+14 105.601803
883 6.114910e+14 94.776577
884 6.115411e+14 89.706490
885 6.115911e+14 102.885533
886 6.116412e+14 95.385698
887 6.116912e+14 95.150511
888 6.117413e+14 102.214499
889 6.117913e+14 106.957971
890 6.118414e+14 105.258525
891 6.118914e+14 96.691354
892 6.119415e+14 107.074840
893 6.119915e+14 97.977052
894 6.120416e+14 90.023999
895 6.120916e+14 109.665131
896 6.121417e+14 94.993062
897 6.121917e+14 96.243106
898 6.122418e+14 105.083841
899 6.122918e+14 100.385595
900 6.123419e+14 104.680205
901 6.123919e+14 104.919216
902 6.124420e+14 104.619172
903 6.124920e+14 100.693348
904 6.125421e+14 108.282571
905 6.125921e+14 100.965786
906 6.126422e+14 95.933076
907 6.126922e+14 105.731578
908 6.127423e+14 107.629267
909 6.127923e+14 108.914375
910 6.128424e+14 96.960528
911 6.128924e+14 107.976907
912 6.129425e+14 102.772631
913 6.129925e+14 98.692721
914 6.130426e+14 92.008150
915 6.130926e+14 95.514014
916 6.131427e+14 102.353732
917 6.131927e+14 111.005147
918 6.132428e+14 92.981013
919 6.132928e+14 91.829613
920 6.133429e+14 99.211664
921 6.133929e+14 94.209610
922 6.134430e+14 90.004552
923 6.134930e+14 110.814689
924 6.135431e+14 97.911091
925 6.135931e+14 98.475557
926 6.136432e+14 92.773029
927 6.136932e+14 104.001524
928 6.137433e+14 97.414644
929 6.137933e+14 100.231617
930 6.138434e+14 96.799374
931 6.138934e+14 108.668691
932 6.139435e+14 96.525121
933 6.139935e+14 107.795837
934 6.140436e+14 99.919436
935 6.140936e+14 104.308730
936 6.141437e+14 104.320224
937 6.141937e+14 99.020091
938 6.142438e+14 104.587749
939 6.142938e+14 103.928480
940 6.143439e+14 96.139457
941 6.143939e+14 94.364464
942 6.144440e+14 101.408099
943 6.144940e+14 97.010131
944 6.145441e+14 110.917701
945 6.145941e+14 93.868243
946 6.146442e+14 109.151536
947 6.146942e+14 104.477540
948 6.147443e+14 96.099239
949 6.147943e+14 98.246877
950 6.148444e+14 95.879805
951 6.148944e+14 106.307877
952 6.149445e+14 110.402833
953 6.149945e+14 104.508688
954 6.150446e+14 110.425119
955 6.150946e+14 104.508571
956 6.151447e+14 88.692290
957 6.151947e+14 87.583755
958 6.152448e+14 105.477280
959 6.152948e+14 110.090340
960 6.153449e+14 92.030288
961 6.153949e+14 103.631418
962 6.154450e+14 91.086005
963 6.154950e+14 96.620624
964 6.155451e+14 112.200830
965 6.155951e+14 99.632460
966 6.156452e+14 99.909181
967 6.156952e+14 113.679066
968 6.157453e+14 95.865285
969 6.157953e+14 107.245493
970 6.158454e+14 107.008078
971 6.158954e+14 93.794892
972 6.159455e+14 106.031379
973 6.159955e+14 90.024938
974 6.160456e+14 110.130199
975 6.160956e+14 91.077683
976 6.161457e+14 100.770148
977 6.161957e+14 94.536754
978 6.162458e+14 103.527081
979 6.162958e+14 100.632388
980 6.163459e+14 105.766261
981 6.163959e+14 98.850912
982 6.164460e+14 95.960817
983 6.164960e+14 97.962216
984 6.165461e+14 102.049977
985 6.165961e+14 95.155503
986 6.166462e+14 99.471664
987 6.166962e+14 92.522105
988 6.167463e+14 88.199762
989 6.167963e+14 96.634262
990 6.168464e+14 94.087076
991 6.168964e+14 91.860017
992 6.169465e+14 105.651522
993 6.169965e+14 104.514188
994 6.170466e+14 101.045320
995 6.170966e+14 91.294427
996 6.171467e+14 88.656504
997 6.171967e+14 100.797712
998 6.172468e+14 94.498360
999 6.172968e+14 90.002680
