# Date: 19/07/01, Author: E.Hubble
# First column is index, second column is frequency (Hz), third column is spectra (A.U.)
0 5.619412e+14 129.650982
1 5.619912e+14 137.592814
2 5.620413e+14 121.331712
3 5.620913e+14 127.496770
4 5.621414e+14 127.972260
5 5.621914e+14 131.719938
6 5.622415e+14 128.636001
7 5.622915e+14 132.119268
8 5.623416e+14 136.941949
9 5.623916e+14 129.318303
10 5.624417e+14 128.342458
11 5.624917e+14 125.268683
12 5.625418e+14 120.542222
13 5.625918e+14 133.060928
14 5.626419e+14 143.568344
15 5.626919e+14 125.379083
16 5.627420e+14 122.702429
17 5.627920e+14 110.059538
18 5.628421e+14 137.954980
19 5.628921e+14 122.648352
20 5.629422e+14 134.716079
21 5.629922e+14 128.958784
22 5.630423e+14 131.793352
23 5.630923e+14 129.892070
24 5.631424e+14 125.546903
25 5.631924e+14 130.269285
26 5.632425e+14 127.626760
27 5.632925e+14 132.922373
28 5.633426e+14 135.872552
29 5.633926e+14 136.969615
30 5.634427e+14 129.681185
31 5.634927e+14 120.662185
32 5.635428e+14 122.648031
33 5.635928e+14 126.470159
34 5.636429e+14 130.490150
35 5.636929e+14 131.980869
36 5.637430e+14 132.511417
37 5.637930e+14 130.295242
38 5.638431e+14 124.015245
39 5.638931e+14 131.871898
40 5.639432e+14 130.764898
41 5.639932e+14 125.633435
42 5.640433e+14 125.449963
43 5.640933e+14 124.859353
44 5.641434e+14 129.336794
45 5.641934e+14 143.651832
46 5.642435e+14 133.701030
47 5.642935e+14 129.262413
48 5.643436e+14 123.267883
49 5.643936e+14 126.670589
50 5.644437e+14 131.285227
51 5.644937e+14 132.286053
52 5.645438e+14 130.903046
53 5.645938e+14 120.349121
54 5.646439e+14 135.571909
55 5.646939e+14 127.415805
56 5.647440e+14 125.348050
57 5.647940e+14 126.566638
58 5.648441e+14 121.963778
59 5.648941e+14 119.662478
60 5.649442e+14 137.682873
61 5.649942e+14 128.292760
62 5.650443e+14 133.652300
63 5.650943e+14 133.757298
64 5.651444e+14 127.588547
65 5.651944e+14 133.468671
66 5.652445e+14 131.691478
67 5.652945e+14 129.468277
68 5.653446e+14 132.234279
69 5.653946e+14 125.952317
70 5.654447e+14 136.293594
71 5.654947e+14 132.391088
72 5.655448e+14 138.907163
73 5.655948e+14 121.775887
74 5.656449e+14 134.376119
75 5.656949e+14 111.412647
76 5.657450e+14 136.936438
77 5.657950e+14 132.541218
78 5.658451e+14 123.114203
79 5.658951e+14 129.157308
80 5.659452e+14 117.906570
81 5.659952e+14 128.340739
82 5.660453e+14 139.246261
83 5.660953e+14 127.713903
84 5.661454e+14 135.611739
85 5.661954e+14 136.493971
86 5.662455e+14 128.696587
87 5.662955e+14 136.991017
88 5.663456e+14 132.010558
89 5.663956e+14 129.239308
90 5.664457e+14 134.591439
91 5.664957e+14 135.664050
92 5.665458e+14 131.125047
93 5.665958e+14 131.112750
94 5.666459e+14 130.076241
95 5.666959e+14 136.462138
96 5.667460e+14 127.111640
97 5.667960e+14 135.406603
98 5.668461e+14 134.996029
99 5.668961e+14 132.143810
100 5.669462e+14 129.967222
101 5.669962e+14 126.629424
102 5.670463e+14 136.664605
103 5.670963e+14 140.270924
104 5.671464e+14 121.843640
105 5.671964e+14 124.215456
106 5.672465e+14 136.755660
107 5.672965e+14 137.157336
108 5.673466e+14 136.270366
109 5.673966e+14 133.161276
110 5.674467e+14 135.571411
111 5.674967e+14 143.619125
112 5.675468e+14 126.898675
113 5.675968e+14 117.909494
114 5.676469e+14 127.850843
115 5.676969e+14 128.283198
116 5.677470e+14 137.669664
117 5.677970e+14 127.364574
118 5.678471e+14 128.569480
119 5.678971e+14 129.455122
120 5.679472e+14 132.387394
121 5.679972e+14 129.593021
122 5.680473e+14 135.298039
123 5.680973e+14 133.757829
124 5.681474e+14 124.085347
125 5.681974e+14 136.358464
126 5.682475e+14 133.384885
127 5.682975e+14 135.846166
128 5.683476e+14 135.952809
129 5.683976e+14 129.110906
130 5.684477e+14 123.417794
131 5.684977e+14 135.216811
132 5.685478e+14 134.308427
133 5.685978e+14 137.674891
134 5.686479e+14 138.763897
135 5.686979e+14 138.650098
136 5.687480e+14 142.247085
137 5.687980e+14 134.369686
138 5.688481e+14 145.468762
139 5.688981e+14 136.210718
140 5.689482e+14 130.903111
141 5.689982e+14 132.679794
142 5.690483e+14 128.602589
143 5.690983e+14 124.676093
144 5.691484e+14 131.994841
145 5.691984e+14 139.049330
146 5.692485e+14 144.082103
147 5.692985e+14 128.539808
148 5.693486e+14 123.144220
149 5.693986e+14 127.779693
150 5.694487e+14 136.416251
151 5.694987e+14 133.561426
152 5.695488e+14 130.641160
153 5.695988e+14 132.524159
154 5.696489e+14 133.993321
155 5.696989e+14 128.201258
156 5.697490e+14 136.101058
157 5.697990e+14 134.159217
158 5.698491e+14 132.828124
159 5.698991e+14 134.950474
160 5.699492e+14 123.672530
161 5.699992e+14 140.222580
162 5.700493e+14 129.624683
163 5.700993e+14 129.247257
164 5.701494e+14 122.004148
165 5.701994e+14 136.100187
166 5.702495e+14 141.694809
167 5.702995e+14 138.027889
168 5.703496e+14 136.099545
169 5.703996e+14 142.564258
170 5.704497e+14 135.659325
171 5.704997e+14 136.190085
172 5.705498e+14 130.513336
173 5.705998e+14 134.880165
174 5.706499e+14 135.749778
175 5.706999e+14 135.962903
176 5.707500e+14 132.897709
177 5.708000e+14 131.800354
178 5.708501e+14 134.801836
179 5.709001e+14 137.701899
180 5.709502e+14 129.586465
181 5.710002e+14 130.744372
182 5.710503e+14 140.944554
183 5.711003e+14 136.796620
184 5.711504e+14 124.910447
185 5.712004e+14 138.786098
186 5.712505e+14 138.885227
187 5.713005e+14 142.364489
188 5.713506e+14 137.125324
189 5.714006e+14 131.712809
190 5.714507e+14 129.617055
191 5.715007e+14 136.291229
192 5.715508e+14 121.305776
193 5.716008e+14 147.538881
194 5.716509e+14 139.742153
195 5.717009e+14 138.944341
196 5.717510e+14 139.037870
197 5.718010e+14 131.909295
198 5.718511e+14 130.727709
199 5.719011e+14 136.114907
200 5.719512e+14 134.127006
201 5.720012e+14 133.316025
202 5.720513e+14 141.783454
203 5.721013e+14 130.080949
204 5.721514e+14 135.311100
205 5.722014e+14 134.576417
206 5.722515e+14 144.449230
207 5.723015e+14 141.455833
208 5.723516e+14 134.464897
209 5.724016e+14 144.674489
210 5.724517e+14 141.972329
211 5.725017e+14 138.145478
212 5.725518e+14 132.302238
213 5.726018e+14 130.882628
214 5.726519e+14 140.413742
215 5.727019e+14 131.465658
216 5.727520e+14 143.291622
217 5.728020e+14 132.261612
218 5.728521e+14 138.177385
219 5.729021e+14 141.097556
220 5.729522e+14 125.290962
221 5.730022e+14 147.889730
222 5.730523e+14 138.097941
223 5.731023e+14 127.938498
224 5.731524e+14 135.574602
225 5.732024e+14 137.865282
226 5.732525e+14 129.231171
227 5.733025e+14 141.135336
228 5.733526e+14 139.746306
229 5.734026e+14 148.015618
230 5.734527e+14 146.588373
231 5.735027e+14 132.231966
232 5.735528e+14 139.790195
233 5.736028e+14 140.910255
234 5.736529e+14 137.961003
235 5.737029e+14 137.987369
236 5.737530e+14 138.160379
237 5.738030e+14 134.298466
238 5.738531e+14 143.628994
239 5.739031e+14 130.825454
240 5.739532e+14 153.241087
241 5.740032e+14 126.804872
242 5.740533e+14 135.105304
243 5.741033e+14 126.100104
244 5.741534e+14 135.510001
245 5.742034e+14 142.876061
246 5.742535e+14 134.915731
247 5.743035e+14 130.227483
248 5.743536e+14 140.572388
249 5.744036e+14 136.729591
250 5.744537e+14 138.947472
251 5.745037e+14 128.350313
252 5.745538e+14 145.250898
253 5.746038e+14 132.967028
254 5.746539e+14 124.314040
255 5.747039e+14 142.710078
256 5.747540e+14 134.979453
257 5.748040e+14 142.733314
258 5.748541e+14 139.098082
259 5.749041e+14 138.593577
260 5.749542e+14 139.209453
261 5.750042e+14 151.589353
262 5.750543e+14 131.985310
263 5.751043e+14 137.525876
264 5.751544e+14 140.327793
265 5.752044e+14 139.714109
266 5.752545e+14 140.304711
267 5.753045e+14 122.773746
268 5.753546e+14 131.179148
269 5.754046e+14 134.265597
270 5.754547e+14 132.108793
271 5.755047e+14 142.304381
272 5.755548e+14 140.768924
273 5.756048e+14 137.154604
274 5.756549e+14 137.689826
275 5.757049e+14 137.338006
276 5.757550e+14 138.508427
277 5.758050e+14 138.822362
278 5.758551e+14 138.681346
279 5.759051e+14 146.399587
280 5.759552e+14 126.064095
281 5.760052e+14 138.074437
282 5.760553e+14 128.720491
283 5.761053e+14 137.724396
284 5.761554e+14 134.384313
285 5.762054e+14 140.287624
286 5.762555e+14 137.439065
287 5.763055e+14 131.624333
288 5.763556e+14 141.623659
289 5.764056e+14 147.118523
290 5.764557e+14 133.951719
291 5.765057e+14 140.304754
292 5.765558e+14 152.124794
293 5.766058e+14 135.970765
294 5.766559e+14 135.906230
295 5.767059e+14 142.938359
296 5.767560e+14 137.277880
297 5.768060e+14 134.144212
298 5.768561e+14 150.012907
299 5.769061e+14 134.169911
300 5.769562e+14 146.813596
301 5.770062e+14 129.787580
302 5.770563e+14 130.095840
303 5.771063e+14 127.706982
304 5.771564e+14 141.008312
305 5.772064e+14 128.113210
306 5.772565e+14 140.797779
307 5.773065e+14 148.337327
308 5.773566e+14 141.654868
309 5.774066e+14 131.177999
310 5.774567e+14 149.467243
311 5.775067e+14 142.212103
312 5.775568e+14 144.286985
313 5.776068e+14 129.939402
314 5.776569e+14 136.446183
315 5.777069e+14 146.933980
316 5.777570e+14 133.356610
317 5.778070e+14 125.530034
318 5.778571e+14 136.155579
319 5.779071e+14 137.268596
320 5.779572e+14 133.791825
321 5.780072e+14 136.740809
322 5.780573e+14 145.347034
323 5.781073e+14 142.622338
324 5.781574e+14 137.437475
325 5.782074e+14 145.403295
326 5.782575e+14 139.807982
327 5.783075e+14 149.099576
328 5.783576e+14 142.447526
329 5.784076e+14 154.047614
330 5.784577e+14 144.332844
331 5.785077e+14 138.725118
332 5.785578e+14 138.248624
333 5.786078e+14 149.160802
334 5.786579e+14 131.277225
335 5.787079e+14 137.564986
336 5.787580e+14 134.747623
337 5.788080e+14 130.470206
338 5.788581e+14 128.929942
339 5.789081e+14 138.862772
340 5.789582e+14 137.729279
341 5.790082e+14 130.989190
342 5.790583e+14 139.972285
343 5.791083e+14 144.253681
344 5.791584e+14 155.247508
345 5.792084e+14 136.404206
346 5.792585e+14 136.181608
347 5.793085e+14 146.535730
348 5.793586e+14 139.772446
349 5.794086e+14 136.402538
350 5.794587e+14 124.512127
351 5.795087e+14 132.385265
352 5.795588e+14 138.267879
353 5.796088e+14 134.250775
354 5.796589e+14 143.633983
355 5.797089e+14 150.183818
356 5.797590e+14 142.800989
357 5.798090e+14 141.076864
358 5.798591e+14 150.830740
359 5.799091e+14 135.104342
360 5.799592e+14 136.884129
361 5.800092e+14 135.462547
362 5.800593e+14 129.506138
363 5.801093e+14 141.825246
364 5.801594e+14 143.825387
365 5.802094e+14 144.604666
366 5.802595e+14 135.891138
367 5.803095e+14 136.118984
368 5.803596e+14 146.394319
369 5.804096e+14 156.364232
370 5.804597e+14 143.245412
371 5.805097e+14 135.201189
372 5.805598e+14 132.853097
373 5.806098e+14 136.685193
374 5.806599e+14 159.218994
375 5.807099e+14 152.912175
376 5.807600e+14 151.694068
377 5.808100e+14 149.319257
378 5.808601e+14 137.175169
379 5.809101e+14 149.483007
380 5.809602e+14 144.210042
381 5.810102e+14 150.427901
382 5.810603e+14 141.467878
383 5.811103e+14 147.566498
384 5.811604e+14 152.470240
385 5.812104e+14 140.088533
386 5.812605e+14 144.819164
387 5.813105e+14 143.970899
388 5.813606e+14 137.251644
389 5.814106e+14 139.537253
390 5.814607e+14 143.949704
391 5.815107e+14 152.520844
392 5.815608e+14 142.724329
393 5.816108e+14 137.540745
394 5.816609e+14 142.521219
395 5.817109e+14 144.177891
396 5.817610e+14 151.400292
397 5.818110e+14 144.196234
398 5.818611e+14 146.347566
399 5.819111e+14 142.212106
400 5.819612e+14 137.080105
401 5.820112e+14 140.113244
402 5.820613e+14 134.125922
403 5.821113e+14 141.388322
404 5.821614e+14 134.256549
405 5.822114e+14 151.495396
406 5.822615e+14 150.460855
407 5.823115e+14 145.238972
408 5.823616e+14 150.557983
409 5.824116e+14 140.124844
410 5.824617e+14 146.113661
411 5.825117e+14 153.703533
412 5.825618e+14 146.326121
413 5.826118e+14 146.719369
414 5.826619e+14 134.528203
415 5.827119e+14 144.668271
416 5.827620e+14 141.222533
417 5.828120e+14 150.644270
418 5.828621e+14 139.785303
419 5.829121e+14 142.088058
420 5.829622e+14 139.985748
421 5.830122e+14 143.387235
422 5.830623e+14 148.250926
423 5.831123e+14 147.385016
424 5.831624e+14 160.234874
425 5.832124e+14 149.970510
426 5.832625e+14 144.203737
427 5.833125e+14 165.725681
428 5.833626e+14 142.255855
429 5.834126e+14 150.688392
430 5.834627e+14 141.662500
431 5.835127e+14 146.251926
432 5.835628e+14 145.216094
433 5.836128e+14 145.594628
434 5.836629e+14 137.696621
435 5.837129e+14 140.321189
436 5.837630e+14 151.300403
437 5.838130e+14 144.774057
438 5.838631e+14 137.061853
439 5.839131e+14 150.001697
440 5.839632e+14 133.295824
441 5.840132e+14 159.440216
442 5.840633e+14 142.002539
443 5.841133e+14 143.752004
444 5.841634e+14 146.378821
445 5.842134e+14 149.972324
446 5.842635e+14 151.570311
447 5.843135e+14 147.192762
448 5.843636e+14 140.776573
449 5.844136e+14 148.841641
450 5.844637e+14 146.151666
451 5.845137e+14 152.981647
452 5.845638e+14 145.340908
453 5.846138e+14 157.485734
454 5.846639e+14 138.082941
455 5.847139e+14 151.860055
456 5.847640e+14 154.329033
457 5.848140e+14 136.412292
458 5.848641e+14 137.221296
459 5.849141e+14 144.667390
460 5.849642e+14 161.287764
461 5.850142e+14 145.828517
462 5.850643e+14 149.750469
463 5.851143e+14 155.869961
464 5.851644e+14 147.740280
465 5.852144e+14 144.739627
466 5.852645e+14 149.438903
467 5.853145e+14 159.915812
468 5.853646e+14 147.277349
469 5.854146e+14 151.161224
470 5.854647e+14 152.644660
471 5.855147e+14 147.215017
472 5.855648e+14 155.808303
473 5.856148e+14 146.880553
474 5.856649e+14 146.135411
475 5.857149e+14 149.222912
476 5.857650e+14 150.046292
477 5.858150e+14 152.210784
478 5.858651e+14 158.551710
479 5.859151e+14 159.287127
480 5.859652e+14 147.087681
481 5.860152e+14 152.174223
482 5.860653e+14 153.014730
483 5.861153e+14 154.738172
484 5.861654e+14 143.456118
485 5.862154e+14 152.963182
486 5.862655e+14 159.425865
487 5.863155e+14 148.843879
488 5.863656e+14 162.802670
489 5.864156e+14 151.802130
490 5.864657e+14 163.560641
491 5.865157e+14 162.501652
492 5.865658e+14 155.941336
493 5.866158e+14 151.165589
494 5.866659e+14 168.725806
495 5.867159e+14 159.354635
496 5.867660e+14 145.175896
497 5.868160e+14 169.352584
498 5.868661e+14 150.834695
499 5.869161e+14 152.691478
500 5.869662e+14 160.647340
501 5.870162e+14 157.158803
502 5.870663e+14 155.773586
503 5.871163e+14 146.687542
504 5.871664e+14 167.989035
505 5.872164e+14 160.754927
506 5.872665e+14 171.846160
507 5.873165e+14 152.664655
508 5.873666e+14 165.837133
509 5.874166e+14 159.008184
510 5.874667e+14 160.576138
511 5.875167e+14 158.856289
512 5.875668e+14 159.782483
513 5.876168e+14 160.076615
514 5.876669e+14 157.766407
515 5.877169e+14 156.479449
516 5.877670e+14 163.126577
517 5.878170e+14 151.321767
518 5.878671e+14 163.355184
519 5.879171e+14 158.511258
520 5.879672e+14 151.952115
521 5.880172e+14 166.524526
522 5.880673e+14 165.099269
523 5.881173e+14 167.667786
524 5.881674e+14 156.046793
525 5.882174e+14 167.568343
526 5.882675e+14 161.934283
527 5.883175e+14 163.863257
528 5.883676e+14 171.682989
529 5.884176e+14 167.611965
530 5.884677e+14 167.917415
531 5.885177e+14 165.313236
532 5.885678e+14 153.427353
533 5.886178e+14 171.719830
534 5.886679e+14 159.127925
535 5.887179e+14 163.153672
536 5.887680e+14 169.205909
537 5.888180e+14 165.060202
538 5.888681e+14 172.993407
539 5.889181e+14 179.614623
540 5.889682e+14 164.278036
541 5.890182e+14 162.981505
542 5.890683e+14 168.591586
543 5.891183e+14 171.277605
544 5.891684e+14 172.909682
545 5.892184e+14 168.563285
546 5.892685e+14 170.163073
547 5.893185e+14 170.194134
548 5.893686e+14 168.156532
549 5.894186e+14 166.498600
550 5.894687e+14 170.088218
551 5.895187e+14 171.345891
552 5.895688e+14 182.784982
553 5.896188e+14 173.833886
554 5.896689e+14 178.290036
555 5.897189e+14 173.232062
556 5.897690e+14 158.441803
557 5.898190e+14 169.696831
558 5.898691e+14 174.378764
559 5.899191e+14 174.997491
560 5.899692e+14 163.021426
561 5.900192e+14 171.225055
562 5.900693e+14 168.764938
563 5.901193e+14 160.833276
564 5.901694e+14 178.731870
565 5.902194e+14 185.900005
566 5.902695e+14 157.557315
567 5.903195e+14 167.682186
568 5.903696e+14 171.731440
569 5.904196e+14 185.532486
570 5.904697e+14 177.486475
571 5.905197e+14 166.276885
572 5.905698e+14 174.436820
573 5.906198e+14 175.785363
574 5.906699e+14 166.714226
575 5.907199e+14 173.387468
576 5.907700e+14 164.079583
577 5.908200e+14 177.147755
578 5.908701e+14 176.900225
579 5.909201e+14 172.274032
580 5.909702e+14 172.910666
581 5.910202e+14 170.671337
582 5.910703e+14 172.786425
583 5.911203e+14 186.396461
584 5.911704e+14 179.617818
585 5.912204e+14 162.618073
586 5.912705e+14 168.684819
587 5.913205e+14 168.531081
588 5.913706e+14 182.076138
589 5.914206e+14 170.409268
590 5.914707e+14 170.391665
591 5.915207e+14 171.139937
592 5.915708e+14 167.677196
593 5.916208e+14 178.602376
594 5.916709e+14 178.233364
595 5.917209e+14 186.923444
596 5.917710e+14 174.913703
597 5.918210e+14 182.390735
598 5.918711e+14 170.144930
599 5.919211e+14 179.446487
600 5.919712e+14 176.760630
601 5.920212e+14 176.184259
602 5.920713e+14 162.885206
603 5.921213e+14 181.267975
604 5.921714e+14 176.696980
605 5.922214e+14 164.685064
606 5.922715e+14 167.154377
607 5.923215e+14 172.619805
608 5.923716e+14 164.674333
609 5.924216e+14 180.702021
610 5.924717e+14 179.048707
611 5.925217e+14 175.943486
612 5.925718e+14 172.686279
613 5.926218e+14 178.433137
614 5.926719e+14 175.778646
615 5.927219e+14 182.447017
616 5.927720e+14 171.115211
617 5.928220e+14 168.878190
618 5.928721e+14 167.446347
619 5.929221e+14 173.087722
620 5.929722e+14 177.755320
621 5.930222e+14 180.482836
622 5.930723e+14 181.550196
623 5.931223e+14 165.160319
624 5.931724e+14 172.350718
625 5.932224e+14 165.078925
626 5.932725e+14 169.611889
627 5.933225e+14 162.236029
628 5.933726e+14 180.900508
629 5.934226e+14 171.100391
630 5.934727e+14 170.827886
631 5.935227e+14 171.551657
632 5.935728e+14 180.236128
633 5.936228e+14 168.712044
634 5.936729e+14 179.735997
635 5.937229e+14 168.735464
636 5.937730e+14 168.531748
637 5.938230e+14 170.646337
638 5.938731e+14 176.672364
639 5.939231e+14 175.051141
640 5.939732e+14 169.051150
641 5.940232e+14 166.513565
642 5.940733e+14 164.109500
643 5.941233e+14 170.184175
644 5.941734e+14 166.909522
645 5.942234e+14 174.380914
646 5.942735e+14 181.278647
647 5.943235e+14 170.357292
648 5.943736e+14 182.889448
649 5.944236e+14 168.859889
650 5.944737e+14 172.584308
651 5.945237e+14 165.963152
652 5.945738e+14 180.651316
653 5.946238e+14 168.651168
654 5.946739e+14 167.691047
655 5.947239e+14 169.905913
656 5.947740e+14 172.765538
657 5.948240e+14 178.280499
658 5.948741e+14 170.425589
659 5.949241e+14 179.366767
660 5.949742e+14 178.504887
661 5.950242e+14 168.096362
662 5.950743e+14 160.203771
663 5.951243e+14 178.818262
664 5.951744e+14 161.912503
665 5.952244e+14 169.899799
666 5.952745e+14 172.713148
667 5.953245e+14 164.323072
668 5.953746e+14 168.483023
669 5.954246e+14 170.299516
670 5.954747e+14 164.734344
671 5.955247e+14 171.139789
672 5.955748e+14 171.522121
673 5.956248e+14 163.851172
674 5.956749e+14 172.751040
675 5.957249e+14 152.603064
676 5.957750e+14 168.463860
677 5.958250e+14 167.157787
678 5.958751e+14 176.277980
679 5.959251e+14 179.307497
680 5.959752e+14 167.017230
681 5.960252e+14 175.076392
682 5.960753e+14 164.465353
683 5.961253e+14 158.570229
684 5.961754e+14 165.635234
685 5.962254e+14 167.744640
686 5.962755e+14 168.553988
687 5.963255e+14 165.894879
688 5.963756e+14 171.708965
689 5.964256e+14 168.805785
690 5.964757e+14 168.247258
691 5.965257e+14 167.000377
692 5.965758e+14 163.083717
693 5.966258e+14 163.404104
694 5.966759e+14 165.277228
695 5.967259e+14 166.084185
696 5.967760e+14 169.728188
697 5.968260e+14 162.510240
698 5.968761e+14 165.825828
699 5.969261e+14 159.739112
700 5.969762e+14 157.955211
701 5.970262e+14 154.753661
702 5.970763e+14 163.416390
703 5.971263e+14 168.780262
704 5.971764e+14 165.730836
705 5.972264e+14 162.972152
706 5.972765e+14 157.731993
707 5.973265e+14 158.740033
708 5.973766e+14 163.378889
709 5.974266e+14 155.730987
710 5.974767e+14 177.278518
711 5.975267e+14 158.741309
712 5.975768e+14 149.124878
713 5.976268e+14 159.158247
714 5.976769e+14 166.200504
715 5.977269e+14 154.621182
716 5.977770e+14 158.737067
717 5.978270e+14 161.429418
718 5.978771e+14 168.489408
719 5.979271e+14 168.613267
720 5.979772e+14 166.430531
721 5.980272e+14 164.627730
722 5.980773e+14 159.549722
723 5.981273e+14 162.327482
724 5.981774e+14 172.056038
725 5.982274e+14 157.684178
726 5.982775e+14 151.835003
727 5.983275e+14 153.446440
728 5.983776e+14 162.482906
729 5.984276e+14 160.298454
730 5.984777e+14 150.686491
731 5.985277e+14 160.960810
732 5.985778e+14 165.377649
733 5.986278e+14 150.307304
734 5.986779e+14 149.700046
735 5.987279e+14 158.401743
736 5.987780e+14 156.727389
737 5.988280e+14 149.607149
738 5.988781e+14 146.717099
739 5.989281e+14 156.064657
740 5.989782e+14 160.627110
741 5.990282e+14 155.439978
742 5.990783e+14 176.664409
743 5.991283e+14 156.662135
744 5.991784e+14 166.250867
745 5.992284e+14 155.390250
746 5.992785e+14 156.377052
747 5.993285e+14 157.067059
748 5.993786e+14 147.027300
749 5.994286e+14 168.045005
750 5.994787e+14 157.253708
751 5.995287e+14 152.003080
752 5.995788e+14 157.147944
753 5.996288e+14 162.092836
754 5.996789e+14 150.276189
755 5.997289e+14 161.198286
756 5.997790e+14 157.687066
757 5.998290e+14 155.542681
758 5.998791e+14 155.136016
759 5.999291e+14 157.200529
760 5.999792e+14 160.181184
761 6.000292e+14 149.399773
762 6.000793e+14 153.430871
763 6.001293e+14 153.799745
764 6.001794e+14 145.720593
765 6.002294e+14 156.637353
766 6.002795e+14 168.298816
767 6.003295e+14 156.873249
768 6.003796e+14 161.284333
769 6.004296e+14 152.353446
770 6.004797e+14 158.911248
771 6.005297e+14 153.976566
772 6.005798e+14 154.338298
773 6.006298e+14 159.218979
774 6.006799e+14 142.661592
775 6.007299e+14 153.590708
776 6.007800e+14 148.763832
777 6.008300e+14 174.756150
778 6.008801e+14 166.033323
779 6.009301e+14 153.338211
780 6.009802e+14 162.623207
781 6.010302e+14 159.752582
782 6.010803e+14 163.238928
783 6.011303e+14 164.911866
784 6.011804e+14 158.183947
785 6.012304e+14 147.073517
786 6.012805e+14 163.050683
787 6.013305e+14 148.379710
788 6.013806e+14 149.316736
789 6.014306e+14 161.014456
790 6.014807e+14 161.980989
791 6.015307e+14 174.276087
792 6.015808e+14 158.660209
793 6.016308e+14 155.555418
794 6.016809e+14 159.258699
795 6.017309e+14 154.828989
796 6.017810e+14 170.367506
797 6.018310e+14 157.225542
798 6.018811e+14 155.443472
799 6.019311e+14 156.817545
800 6.019812e+14 153.561282
801 6.020312e+14 167.538908
802 6.020813e+14 153.545330
803 6.021313e+14 153.016759
804 6.021814e+14 155.655127
805 6.022314e+14 157.240672
806 6.022815e+14 159.722972
807 6.023315e+14 163.281428
808 6.023816e+14 156.496027
809 6.024316e+14 151.564078
810 6.024817e+14 161.634212
811 6.025317e+14 158.083401
812 6.025818e+14 154.855932
813 6.026318e+14 146.916047
814 6.026819e+14 159.189815
815 6.027319e+14 153.722641
816 6.027820e+14 161.812951
817 6.028320e+14 155.969431
818 6.028821e+14 155.340526
819 6.029321e+14 152.167675
820 6.029822e+14 151.693053
821 6.030322e+14 160.094871
822 6.030823e+14 162.608301
823 6.031323e+14 149.562535
824 6.031824e+14 157.951928
825 6.032324e+14 157.656476
826 6.032825e+14 152.015764
827 6.033325e+14 177.844476
828 6.033826e+14 161.527903
829 6.034326e+14 162.485533
830 6.034827e+14 161.297945
831 6.035327e+14 157.030619
832 6.035828e+14 159.148783
833 6.036328e+14 151.374983
834 6.036829e+14 161.057594
835 6.037329e+14 161.330410
836 6.037830e+14 163.676696
837 6.038330e+14 145.751875
838 6.038831e+14 162.520281
839 6.039331e+14 149.529936
840 6.039832e+14 151.283548
841 6.040332e+14 168.869479
842 6.040833e+14 154.553150
843 6.041333e+14 158.120686
844 6.041834e+14 157.974172
845 6.042334e+14 162.389240
846 6.042835e+14 170.856502
847 6.043335e+14 158.573939
848 6.043836e+14 149.642231
849 6.044336e+14 169.869468
850 6.044837e+14 152.455946
851 6.045337e+14 172.053987
852 6.045838e+14 159.636799
853 6.046338e+14 149.539876
854 6.046839e+14 154.851934
855 6.047339e+14 158.988080
856 6.047840e+14 153.980277
857 6.048340e+14 165.489117
858 6.048841e+14 166.676917
859 6.049341e+14 158.797880
860 6.049842e+14 162.142206
861 6.050342e+14 152.196001
862 6.050843e+14 172.749501
863 6.051343e+14 160.184691
864 6.051844e+14 151.207276
865 6.052344e+14 152.460799
866 6.052845e+14 162.447153
867 6.053345e+14 160.562568
868 6.053846e+14 155.635165
869 6.054346e+14 159.446612
870 6.054847e+14 163.878284
871 6.055347e+14 155.898714
872 6.055848e+14 162.811635
873 6.056348e+14 156.548601
874 6.056849e+14 163.951132
875 6.057349e+14 153.398887
876 6.057850e+14 165.138208
877 6.058350e+14 167.230735
878 6.058851e+14 148.046604
879 6.059351e+14 157.024629
880 6.059852e+14 146.305748
881 6.060352e+14 151.263706
882 6.060853e+14 157.513126
883 6.061353e+14 152.603468
884 6.061854e+14 167.391181
885 6.062354e+14 162.288899
886 6.062855e+14 163.948197
887 6.063355e+14 151.917098
888 6.063856e+14 161.523356
889 6.064356e+14 158.197966
890 6.064857e+14 157.772064
891 6.065357e+14 161.498971
892 6.065858e+14 172.719346
893 6.066358e+14 161.319111
894 6.066859e+14 155.344528
895 6.067359e+14 166.958387
896 6.067860e+14 158.808714
897 6.068360e+14 152.182178
898 6.068861e+14 172.618200
899 6.069361e+14 153.935657
900 6.069862e+14 152.297367
901 6.070362e+14 160.797789
902 6.070863e+14 167.069742
903 6.071363e+14 155.895049
904 6.071864e+14 165.216612
905 6.072364e+14 155.274383
906 6.072865e+14 172.648365
907 6.073365e+14 154.613059
908 6.073866e+14 169.108614
909 6.074366e+14 158.713489
910 6.074867e+14 150.560521
911 6.075367e+14 162.431686
912 6.075868e+14 163.311678
913 6.076368e+14 155.405856
914 6.076869e+14 164.462105
915 6.077369e+14 148.965955
916 6.077870e+14 154.339405
917 6.078370e+14 155.125888
918 6.078871e+14 155.975773
919 6.079371e+14 159.315479
920 6.079872e+14 170.406538
921 6.080372e+14 158.333431
922 6.080873e+14 163.594685
923 6.081373e+14 156.814427
924 6.081874e+14 163.437969
925 6.082374e+14 163.645995
926 6.082875e+14 162.754716
927 6.083375e+14 153.285164
928 6.083876e+14 163.266436
929 6.084376e+14 156.626036
930 6.084877e+14 170.095451
931 6.085377e+14 163.752514
932 6.085878e+14 155.462326
933 6.086379e+14 169.647285
934 6.086879e+14 156.374398
935 6.087380e+14 160.725747
936 6.087880e+14 152.285432
937 6.088381e+14 152.731844
938 6.088881e+14 163.605407
939 6.089382e+14 167.843900
940 6.089882e+14 157.475737
941 6.090383e+14 160.284423
942 6.090883e+14 158.224029
943 6.091384e+14 161.343209
944 6.091884e+14 162.352970
945 6.092385e+14 170.982218
946 6.092885e+14 155.920210
947 6.093386e+14 158.491290
948 6.093886e+14 167.995437
949 6.094387e+14 165.268012
950 6.094887e+14 159.155435
951 6.095388e+14 171.186476
952 6.095888e+14 151.882931
953 6.096389e+14 162.572631
954 6.096889e+14 160.516675
955 6.097390e+14 156.643456
956 6.097890e+14 161.350316
957 6.098391e+14 166.330547
958 6.098891e+14 159.586928
959 6.099392e+14 168.757514
960 6.099892e+14 164.759316
961 6.100393e+14 151.710085
962 6.100893e+14 169.839563
963 6.101394e+14 155.122401
964 6.101894e+14 169.740132
965 6.102395e+14 153.664537
966 6.102895e+14 155.148019
967 6.103396e+14 167.969965
968 6.103896e+14 167.996381
969 6.104397e+14 154.390857
970 6.104897e+14 161.476084
971 6.105398e+14 169.884180
972 6.105898e+14 157.392477
973 6.106399e+14 167.098953
974 6.106899e+14 164.605270
975 6.107400e+14 171.756970
976 6.107900e+14 161.955004
977 6.108401e+14 163.157017
978 6.108901e+14 158.895415
979 6.109402e+14 170.526481
980 6.109902e+14 169.062882
981 6.110403e+14 151.783144
982 6.110903e+14 152.725373
983 6.111404e+14 151.217904
984 6.111904e+14 161.018349
985 6.112405e+14 166.932507
986 6.112905e+14 160.817550
987 6.113406e+14 167.881957
988 6.113906e+14 166.447426
989 6.114407e+14 165.601474
990 6.114907e+14 157.764336
991 6.115408e+14 148.004839
992 6.115908e+14 159.523653
993 6.116409e+14 176.581334
994 6.116909e+14 168.355184
995 6.117410e+14 165.123204
996 6.117910e+14 161.334034
997 6.118411e+14 159.792503
998 6.118911e+14 167.474207
999 6.119412e+14 159.848188
