# Date: 19/07/01, Author: E.Hubble
# First column is index, second column is frequency (Hz), third column is spectra (A.U.)
0 5.632982e+14 149.406848
1 5.633483e+14 142.301283
2 5.633983e+14 141.638716
3 5.634484e+14 146.778481
4 5.634984e+14 136.652815
5 5.635485e+14 138.513724
6 5.635985e+14 130.810434
7 5.636486e+14 135.185996
8 5.636986e+14 138.755834
9 5.637487e+14 138.800043
10 5.637987e+14 142.694380
11 5.638488e+14 140.430028
12 5.638988e+14 134.993654
13 5.639489e+14 149.199570
14 5.639989e+14 140.530196
15 5.640490e+14 139.182349
16 5.640990e+14 146.852592
17 5.641491e+14 156.753329
18 5.641991e+14 145.734885
19 5.642492e+14 147.079309
20 5.642992e+14 152.400110
21 5.643493e+14 144.582708
22 5.643993e+14 145.198962
23 5.644494e+14 137.195421
24 5.644994e+14 138.358394
25 5.645495e+14 132.441101
26 5.645995e+14 138.266355
27 5.646496e+14 142.659109
28 5.646996e+14 143.714897
29 5.647497e+14 135.362964
30 5.647997e+14 141.235601
31 5.648498e+14 135.361074
32 5.648998e+14 136.556103
33 5.649499e+14 135.089580
34 5.649999e+14 138.159515
35 5.650500e+14 152.785973
36 5.651000e+14 136.087790
37 5.651501e+14 140.344125
38 5.652001e+14 144.441299
39 5.652502e+14 140.414791
40 5.653002e+14 150.489933
41 5.653503e+14 145.735470
42 5.654003e+14 142.866260
43 5.654504e+14 137.842077
44 5.655005e+14 128.587086
45 5.655505e+14 131.123715
46 5.656006e+14 149.086517
47 5.656506e+14 142.163242
48 5.657007e+14 138.469744
49 5.657507e+14 142.757956
50 5.658008e+14 143.772522
51 5.658508e+14 150.217875
52 5.659009e+14 141.111301
53 5.659509e+14 139.791237
54 5.660010e+14 145.053767
55 5.660510e+14 138.051331
56 5.661011e+14 147.674625
57 5.661511e+14 141.481959
58 5.662012e+14 145.731929
59 5.662512e+14 148.871617
60 5.663013e+14 137.584217
61 5.663513e+14 133.242350
62 5.664014e+14 129.630438
63 5.664514e+14 146.889327
64 5.665015e+14 139.371185
65 5.665515e+14 137.259679
66 5.666016e+14 150.221274
67 5.666516e+14 135.030364
68 5.667017e+14 153.878193
69 5.667517e+14 144.457974
70 5.668018e+14 147.840232
71 5.668518e+14 142.040470
72 5.669019e+14 131.715366
73 5.669519e+14 141.329014
74 5.670020e+14 144.543413
75 5.670520e+14 138.638727
76 5.671021e+14 137.618446
77 5.671521e+14 143.149153
78 5.672022e+14 141.186543
79 5.672522e+14 138.540903
80 5.673023e+14 155.453848
81 5.673523e+14 147.379354
82 5.674024e+14 137.394648
83 5.674524e+14 138.376282
84 5.675025e+14 149.462702
85 5.675525e+14 137.715982
86 5.676026e+14 150.967704
87 5.676526e+14 152.825959
88 5.677027e+14 136.539846
89 5.677527e+14 138.446763
90 5.678028e+14 146.656028
91 5.678528e+14 138.963858
92 5.679029e+14 135.293193
93 5.679529e+14 146.322608
94 5.680030e+14 141.956544
95 5.680530e+14 142.435444
96 5.681031e+14 143.392845
97 5.681531e+14 127.337681
98 5.682032e+14 142.143005
99 5.682532e+14 131.002994
100 5.683033e+14 145.206530
101 5.683533e+14 141.502434
102 5.684034e+14 147.023402
103 5.684534e+14 138.228826
104 5.685035e+14 142.013820
105 5.685535e+14 147.945407
106 5.686036e+14 129.595486
107 5.686536e+14 135.630401
108 5.687037e+14 138.302361
109 5.687537e+14 150.084577
110 5.688038e+14 131.324480
111 5.688538e+14 155.689009
112 5.689039e+14 138.237816
113 5.689539e+14 134.077557
114 5.690040e+14 141.757872
115 5.690540e+14 138.797837
116 5.691041e+14 144.529341
117 5.691541e+14 144.313685
118 5.692042e+14 138.775370
119 5.692542e+14 131.327173
120 5.693043e+14 139.394499
121 5.693543e+14 140.834378
122 5.694044e+14 140.283838
123 5.694544e+14 142.972233
124 5.695045e+14 147.246732
125 5.695545e+14 143.271429
126 5.696046e+14 139.060820
127 5.696546e+14 134.693260
128 5.697047e+14 145.175551
129 5.697547e+14 148.855228
130 5.698048e+14 135.726962
131 5.698548e+14 133.709940
132 5.699049e+14 133.262410
133 5.699549e+14 134.978723
134 5.700050e+14 138.086276
135 5.700550e+14 145.742887
136 5.701051e+14 138.294255
137 5.701551e+14 134.385623
138 5.702052e+14 151.458852
139 5.702552e+14 138.534977
140 5.703053e+14 136.856999
141 5.703553e+14 136.712599
142 5.704054e+14 132.814870
143 5.704554e+14 134.915834
144 5.705055e+14 137.811175
145 5.705555e+14 142.728422
146 5.706056e+14 135.998242
147 5.706556e+14 142.219517
148 5.707057e+14 136.154132
149 5.707557e+14 133.312237
150 5.708058e+14 143.201720
151 5.708558e+14 136.714718
152 5.709059e+14 128.523990
153 5.709559e+14 135.535516
154 5.710060e+14 140.095976
155 5.710560e+14 136.461159
156 5.711061e+14 154.042152
157 5.711561e+14 142.706666
158 5.712062e+14 142.797950
159 5.712562e+14 139.436621
160 5.713063e+14 131.995463
161 5.713563e+14 134.849027
162 5.714064e+14 141.211460
163 5.714564e+14 145.048871
164 5.715065e+14 145.298887
165 5.715565e+14 137.699132
166 5.716066e+14 133.374217
167 5.716566e+14 146.374397
168 5.717067e+14 143.892407
169 5.717567e+14 143.708591
170 5.718068e+14 146.445054
171 5.718568e+14 137.782919
172 5.719069e+14 145.865446
173 5.719569e+14 150.337358
174 5.720070e+14 135.608395
175 5.720570e+14 142.247200
176 5.721071e+14 128.875735
177 5.721571e+14 137.799646
178 5.722072e+14 136.197376
179 5.722572e+14 143.379810
180 5.723073e+14 145.435622
181 5.723573e+14 137.157545
182 5.724074e+14 145.010295
183 5.724574e+14 145.577998
184 5.725075e+14 143.048696
185 5.725575e+14 140.706771
186 5.726076e+14 136.504793
187 5.726576e+14 155.394361
188 5.727077e+14 139.242953
189 5.727577e+14 141.081669
190 5.728078e+14 137.096458
191 5.728578e+14 139.079584
192 5.729079e+14 144.019937
193 5.729579e+14 138.912700
194 5.730080e+14 141.966001
195 5.730580e+14 159.032538
196 5.731081e+14 136.198039
197 5.731581e+14 144.852729
198 5.732082e+14 140.335941
199 5.732582e+14 141.278093
200 5.733083e+14 141.439626
201 5.733583e+14 143.255955
202 5.734084e+14 146.393783
203 5.734584e+14 139.753081
204 5.735085e+14 142.701499
205 5.735585e+14 138.517756
206 5.736086e+14 144.027510
207 5.736586e+14 147.614495
208 5.737087e+14 141.532714
209 5.737587e+14 128.944054
210 5.738088e+14 139.499478
211 5.738588e+14 143.121240
212 5.739089e+14 146.566948
213 5.739589e+14 147.247207
214 5.740090e+14 135.718951
215 5.740590e+14 142.575276
216 5.741091e+14 142.339975
217 5.741591e+14 142.006856
218 5.742092e+14 153.008728
219 5.742592e+14 140.087642
220 5.743093e+14 140.182795
221 5.743593e+14 137.753454
222 5.744094e+14 142.150660
223 5.744594e+14 135.701647
224 5.745095e+14 141.936062
225 5.745595e+14 134.381670
226 5.746096e+14 136.955420
227 5.746596e+14 142.246677
228 5.747097e+14 144.735775
229 5.747597e+14 140.411472
230 5.748098e+14 127.659816
231 5.748598e+14 134.434200
232 5.749099e+14 138.431361
233 5.749599e+14 132.636958
234 5.750100e+14 138.729969
235 5.750600e+14 152.719095
236 5.751101e+14 141.527332
237 5.751601e+14 136.010013
238 5.752102e+14 146.981418
239 5.752602e+14 141.462272
240 5.753103e+14 139.408269
241 5.753603e+14 134.535664
242 5.754104e+14 139.111047
243 5.754604e+14 129.498347
244 5.755105e+14 136.922271
245 5.755605e+14 149.457114
246 5.756106e+14 149.266324
247 5.756606e+14 146.457954
248 5.757107e+14 147.299046
249 5.757607e+14 146.869305
250 5.758108e+14 151.189615
251 5.758608e+14 151.757459
252 5.759109e+14 130.432439
253 5.759609e+14 121.705042
254 5.760110e+14 137.867061
255 5.760610e+14 145.790527
256 5.761111e+14 137.070943
257 5.761611e+14 134.187947
258 5.762112e+14 147.537646
259 5.762612e+14 135.679724
260 5.763113e+14 136.043764
261 5.763613e+14 145.580159
262 5.764114e+14 139.884763
263 5.764614e+14 137.089721
264 5.765115e+14 130.894231
265 5.765615e+14 145.188450
266 5.766116e+14 146.607889
267 5.766616e+14 137.010732
268 5.767117e+14 142.240896
269 5.767617e+14 130.529118
270 5.768118e+14 139.236658
271 5.768618e+14 138.817096
272 5.769119e+14 144.458477
273 5.769619e+14 134.977076
274 5.770120e+14 127.283635
275 5.770620e+14 134.926222
276 5.771121e+14 145.492232
277 5.771621e+14 150.066747
278 5.772122e+14 138.351462
279 5.772622e+14 142.879141
280 5.773123e+14 135.433183
281 5.773623e+14 144.637683
282 5.774124e+14 135.029063
283 5.774624e+14 148.315388
284 5.775125e+14 147.969779
285 5.775625e+14 131.532855
286 5.776126e+14 143.021536
287 5.776626e+14 135.378532
288 5.777127e+14 145.931679
289 5.777627e+14 129.145690
290 5.778128e+14 132.678269
291 5.778628e+14 135.434416
292 5.779129e+14 139.623020
293 5.779629e+14 139.252483
294 5.780130e+14 139.850602
295 5.780630e+14 136.197117
296 5.781131e+14 141.910436
297 5.781631e+14 142.144942
298 5.782132e+14 139.811830
299 5.782632e+14 137.067017
300 5.783133e+14 138.027434
301 5.783633e+14 144.025862
302 5.784134e+14 143.673888
303 5.784634e+14 128.359530
304 5.785135e+14 141.933798
305 5.785635e+14 131.297529
306 5.786136e+14 140.646755
307 5.786636e+14 134.219727
308 5.787137e+14 141.562070
309 5.787637e+14 138.242785
310 5.788138e+14 135.527631
311 5.788638e+14 139.896737
312 5.789139e+14 132.746661
313 5.789639e+14 142.298710
314 5.790140e+14 144.839948
315 5.790640e+14 136.013047
316 5.791141e+14 136.165216
317 5.791641e+14 138.237112
318 5.792142e+14 152.421999
319 5.792642e+14 129.600963
320 5.793143e+14 140.691634
321 5.793643e+14 147.031291
322 5.794144e+14 149.477887
323 5.794644e+14 131.171887
324 5.795145e+14 133.153118
325 5.795645e+14 143.228326
326 5.796146e+14 143.291218
327 5.796646e+14 139.896338
328 5.797147e+14 141.636297
329 5.797647e+14 145.483418
330 5.798148e+14 139.118492
331 5.798648e+14 141.480475
332 5.799149e+14 137.210848
333 5.799649e+14 151.767831
334 5.800150e+14 135.684287
335 5.800650e+14 137.768407
336 5.801151e+14 145.179716
337 5.801651e+14 143.477761
338 5.802152e+14 140.806356
339 5.802652e+14 146.985326
340 5.803153e+14 142.916163
341 5.803653e+14 144.189572
342 5.804154e+14 145.245688
343 5.804654e+14 146.613616
344 5.805155e+14 148.720472
345 5.805655e+14 135.662639
346 5.806156e+14 142.170750
347 5.806656e+14 148.058958
348 5.807157e+14 138.329586
349 5.807657e+14 135.135704
350 5.808158e+14 139.666565
351 5.808658e+14 140.668760
352 5.809159e+14 132.286546
353 5.809659e+14 143.234349
354 5.810160e+14 150.514315
355 5.810660e+14 149.580692
356 5.811161e+14 147.471268
357 5.811661e+14 148.668071
358 5.812162e+14 151.599716
359 5.812662e+14 149.994009
360 5.813163e+14 151.687672
361 5.813663e+14 158.918598
362 5.814164e+14 143.328197
363 5.814664e+14 146.437652
364 5.815165e+14 163.543264
365 5.815665e+14 151.785483
366 5.816166e+14 160.666358
367 5.816666e+14 153.535377
368 5.817167e+14 147.636329
369 5.817667e+14 155.474668
370 5.818168e+14 156.264375
371 5.818668e+14 147.661571
372 5.819169e+14 144.601053
373 5.819669e+14 146.567641
374 5.820170e+14 143.170602
375 5.820670e+14 144.964250
376 5.821171e+14 146.500276
377 5.821671e+14 137.055763
378 5.822172e+14 152.368725
379 5.822672e+14 155.768737
380 5.823173e+14 149.702202
381 5.823673e+14 151.113907
382 5.824174e+14 143.214202
383 5.824674e+14 161.366678
384 5.825175e+14 156.680987
385 5.825675e+14 149.533460
386 5.826176e+14 144.010905
387 5.826676e+14 165.263222
388 5.827177e+14 151.440149
389 5.827677e+14 159.252246
390 5.828178e+14 149.246930
391 5.828678e+14 150.841654
392 5.829179e+14 149.843363
393 5.829679e+14 155.345086
394 5.830180e+14 139.343659
395 5.830680e+14 161.066743
396 5.831181e+14 157.972302
397 5.831681e+14 150.510137
398 5.832182e+14 160.854587
399 5.832682e+14 150.083802
400 5.833183e+14 160.299049
401 5.833683e+14 161.259992
402 5.834184e+14 147.861304
403 5.834684e+14 159.687813
404 5.835185e+14 147.342495
405 5.835685e+14 155.780617
406 5.836186e+14 151.469720
407 5.836686e+14 168.683642
408 5.837187e+14 147.526619
409 5.837687e+14 165.296444
410 5.838188e+14 152.777704
411 5.838688e+14 153.140192
412 5.839189e+14 158.506785
413 5.839689e+14 163.212289
414 5.840190e+14 159.238654
415 5.840690e+14 155.224461
416 5.841191e+14 157.609399
417 5.841691e+14 163.612887
418 5.842192e+14 157.320367
419 5.842692e+14 152.820755
420 5.843193e+14 165.158843
421 5.843693e+14 155.475692
422 5.844194e+14 163.027216
423 5.844694e+14 166.636139
424 5.845195e+14 153.698576
425 5.845695e+14 163.464513
426 5.846196e+14 169.134502
427 5.846696e+14 161.223215
428 5.847197e+14 160.812125
429 5.847697e+14 157.585905
430 5.848198e+14 158.906018
431 5.848698e+14 153.082805
432 5.849199e+14 167.883818
433 5.849699e+14 150.395969
434 5.850200e+14 149.026614
435 5.850700e+14 157.828424
436 5.851201e+14 166.896447
437 5.851701e+14 162.598376
438 5.852202e+14 159.468979
439 5.852702e+14 162.510955
440 5.853203e+14 153.702483
441 5.853703e+14 160.610161
442 5.854204e+14 149.087496
443 5.854704e+14 158.153709
444 5.855205e+14 161.612029
445 5.855705e+14 158.483560
446 5.856206e+14 154.410488
447 5.856706e+14 164.621941
448 5.857207e+14 162.203620
449 5.857707e+14 167.011259
450 5.858208e+14 165.526893
451 5.858708e+14 158.001433
452 5.859209e+14 159.792665
453 5.859709e+14 165.059570
454 5.860210e+14 159.995758
455 5.860710e+14 152.229525
456 5.861211e+14 159.262937
457 5.861711e+14 164.239200
458 5.862212e+14 161.968094
459 5.862712e+14 165.820794
460 5.863213e+14 156.699443
461 5.863713e+14 172.621600
462 5.864214e+14 165.137887
463 5.864714e+14 170.463897
464 5.865215e+14 158.118278
465 5.865715e+14 163.013596
466 5.866216e+14 162.784287
467 5.866716e+14 157.927493
468 5.867217e+14 157.913169
469 5.867717e+14 160.541962
470 5.868218e+14 154.468701
471 5.868718e+14 168.609400
472 5.869219e+14 161.840906
473 5.869719e+14 176.420243
474 5.870220e+14 176.229675
475 5.870720e+14 163.596423
476 5.871221e+14 160.074183
477 5.871721e+14 173.127308
478 5.872222e+14 170.675967
479 5.872722e+14 159.327554
480 5.873223e+14 161.938173
481 5.873723e+14 158.647760
482 5.874224e+14 164.677487
483 5.874724e+14 158.716866
484 5.875225e+14 164.536225
485 5.875725e+14 163.079553
486 5.876226e+14 158.622606
487 5.876726e+14 157.775511
488 5.877227e+14 151.419437
489 5.877727e+14 153.674645
490 5.878228e+14 159.893977
491 5.878728e+14 165.842679
492 5.879229e+14 157.460938
493 5.879729e+14 145.953071
494 5.880230e+14 154.656170
495 5.880730e+14 164.758514
496 5.881231e+14 162.126403
497 5.881731e+14 167.141873
498 5.882232e+14 157.864090
499 5.882732e+14 159.586819
500 5.883233e+14 156.696511
501 5.883733e+14 160.571106
502 5.884234e+14 160.410418
503 5.884734e+14 165.698327
504 5.885235e+14 167.174501
505 5.885735e+14 159.923412
506 5.886236e+14 159.897897
507 5.886736e+14 159.563057
508 5.887237e+14 148.276201
509 5.887737e+14 161.546773
510 5.888238e+14 154.605909
511 5.888738e+14 166.356221
512 5.889239e+14 157.900784
513 5.889739e+14 160.468721
514 5.890240e+14 160.279371
515 5.890740e+14 167.379824
516 5.891241e+14 162.291250
517 5.891741e+14 157.857249
518 5.892242e+14 161.144711
519 5.892742e+14 177.156972
520 5.893243e+14 158.146898
521 5.893743e+14 158.531470
522 5.894244e+14 162.558788
523 5.894744e+14 145.781477
524 5.895245e+14 150.793416
525 5.895745e+14 158.337916
526 5.896246e+14 157.518504
527 5.896746e+14 155.570772
528 5.897247e+14 158.839969
529 5.897747e+14 138.932687
530 5.898248e+14 150.869950
531 5.898748e+14 154.464554
532 5.899249e+14 159.998027
533 5.899749e+14 150.192672
534 5.900250e+14 157.635506
535 5.900750e+14 155.154344
536 5.901251e+14 146.564478
537 5.901751e+14 150.439662
538 5.902252e+14 155.413938
539 5.902752e+14 149.950598
540 5.903253e+14 156.576984
541 5.903753e+14 142.933420
542 5.904254e+14 164.796812
543 5.904754e+14 154.548994
544 5.905255e+14 152.725496
545 5.905755e+14 155.598563
546 5.906256e+14 161.497590
547 5.906756e+14 153.438444
548 5.907257e+14 156.077393
549 5.907757e+14 157.081665
550 5.908258e+14 144.697010
551 5.908758e+14 156.610043
552 5.909259e+14 143.303635
553 5.909759e+14 146.950530
554 5.910260e+14 145.993281
555 5.910760e+14 152.381033
556 5.911261e+14 143.068125
557 5.911761e+14 146.812652
558 5.912262e+14 159.368935
559 5.912762e+14 150.459947
560 5.913263e+14 150.725848
561 5.913763e+14 154.415286
562 5.914264e+14 152.136287
563 5.914764e+14 145.078912
564 5.915265e+14 146.492051
565 5.915765e+14 145.507178
566 5.916266e+14 160.654600
567 5.916766e+14 138.064941
568 5.917267e+14 155.207545
569 5.917767e+14 150.142811
570 5.918268e+14 158.664639
571 5.918768e+14 153.535965
572 5.919269e+14 151.185302
573 5.919769e+14 148.572894
574 5.920270e+14 146.004694
575 5.920770e+14 148.888003
576 5.921271e+14 149.746109
577 5.921771e+14 148.525985
578 5.922272e+14 150.594954
579 5.922772e+14 148.065108
580 5.923273e+14 150.118684
581 5.923773e+14 136.970086
582 5.924274e+14 152.584206
583 5.924774e+14 152.291986
584 5.925275e+14 158.137442
585 5.925775e+14 149.215066
586 5.926276e+14 143.101789
587 5.926776e+14 150.448085
588 5.927277e+14 153.081180
589 5.927777e+14 149.877669
590 5.928278e+14 147.906664
591 5.928778e+14 149.191531
592 5.929279e+14 144.541184
593 5.929779e+14 136.800306
594 5.930280e+14 148.893970
595 5.930780e+14 134.487997
596 5.931281e+14 133.013388
597 5.931781e+14 142.968526
598 5.932282e+14 145.960775
599 5.932782e+14 136.564811
600 5.933283e+14 143.720004
601 5.933783e+14 154.259137
602 5.934284e+14 131.985910
603 5.934784e+14 148.804471
604 5.935285e+14 141.986253
605 5.935785e+14 139.067354
606 5.936286e+14 138.825491
607 5.936786e+14 141.196891
608 5.937287e+14 136.827600
609 5.937787e+14 139.560876
610 5.938288e+14 149.854422
611 5.938788e+14 153.902979
612 5.939289e+14 133.936943
613 5.939789e+14 150.839964
614 5.940290e+14 138.380253
615 5.940790e+14 134.829496
616 5.941291e+14 137.347452
617 5.941791e+14 151.071992
618 5.942292e+14 148.911559
619 5.942792e+14 135.436750
620 5.943293e+14 145.731852
621 5.943793e+14 143.418956
622 5.944294e+14 144.611119
623 5.944794e+14 132.123454
624 5.945295e+14 144.095281
625 5.945795e+14 143.824549
626 5.946296e+14 145.699588
627 5.946796e+14 133.885538
628 5.947297e+14 131.514428
629 5.947797e+14 137.835892
630 5.948298e+14 133.200034
631 5.948798e+14 153.184738
632 5.949299e+14 143.829271
633 5.949799e+14 139.649324
634 5.950300e+14 138.101223
635 5.950800e+14 139.044696
636 5.951301e+14 150.739683
637 5.951801e+14 136.764445
638 5.952302e+14 147.737466
639 5.952802e+14 145.698717
640 5.953303e+14 136.560861
641 5.953803e+14 141.965023
642 5.954304e+14 141.359034
643 5.954804e+14 141.699619
644 5.955305e+14 137.958313
645 5.955805e+14 144.139359
646 5.956306e+14 144.622398
647 5.956806e+14 153.830614
648 5.957307e+14 139.568960
649 5.957807e+14 147.410863
650 5.958308e+14 140.975392
651 5.958808e+14 133.003990
652 5.959309e+14 129.611706
653 5.959809e+14 143.762234
654 5.960310e+14 140.738366
655 5.960810e+14 144.602956
656 5.961311e+14 142.893765
657 5.961811e+14 145.418792
658 5.962312e+14 136.649394
659 5.962812e+14 144.023993
660 5.963313e+14 129.760460
661 5.963813e+14 140.106746
662 5.964314e+14 134.918815
663 5.964814e+14 142.037164
664 5.965315e+14 142.659103
665 5.965815e+14 154.458529
666 5.966316e+14 145.330457
667 5.966816e+14 133.877336
668 5.967317e+14 143.718034
669 5.967817e+14 139.929879
670 5.968318e+14 145.352858
671 5.968818e+14 147.420192
672 5.969319e+14 138.353156
673 5.969819e+14 131.404285
674 5.970320e+14 146.180237
675 5.970820e+14 136.888382
676 5.971321e+14 131.790779
677 5.971821e+14 149.117941
678 5.972322e+14 141.993650
679 5.972822e+14 148.319425
680 5.973323e+14 135.676920
681 5.973823e+14 127.526503
682 5.974324e+14 138.462211
683 5.974824e+14 131.167537
684 5.975325e+14 133.907180
685 5.975825e+14 150.537558
686 5.976326e+14 135.273778
687 5.976826e+14 130.750159
688 5.977327e+14 138.750398
689 5.977827e+14 131.505609
690 5.978328e+14 149.046144
691 5.978828e+14 142.324053
692 5.979329e+14 146.434132
693 5.979829e+14 140.254489
694 5.980330e+14 139.997816
695 5.980830e+14 141.371882
696 5.981331e+14 135.613101
697 5.981831e+14 140.180777
698 5.982332e+14 136.911340
699 5.982832e+14 137.177168
700 5.983333e+14 131.322412
701 5.983833e+14 127.720695
702 5.984334e+14 138.464484
703 5.984834e+14 138.819415
704 5.985335e+14 146.037347
705 5.985835e+14 139.050276
706 5.986336e+14 139.723632
707 5.986836e+14 132.466351
708 5.987337e+14 138.720316
709 5.987837e+14 134.759964
710 5.988338e+14 140.681819
711 5.988838e+14 135.151808
712 5.989339e+14 151.988754
713 5.989839e+14 145.100383
714 5.990340e+14 137.165870
715 5.990840e+14 127.227426
716 5.991341e+14 125.148886
717 5.991841e+14 143.919108
718 5.992342e+14 131.023956
719 5.992842e+14 152.248290
720 5.993343e+14 138.840810
721 5.993843e+14 130.313396
722 5.994344e+14 141.566365
723 5.994844e+14 130.511606
724 5.995345e+14 129.157293
725 5.995845e+14 144.279654
726 5.996346e+14 137.723834
727 5.996846e+14 147.327973
728 5.997347e+14 140.638103
729 5.997847e+14 141.096620
730 5.998348e+14 137.613288
731 5.998848e+14 143.888602
732 5.999349e+14 140.491687
733 5.999849e+14 139.246867
734 6.000350e+14 134.242584
735 6.000850e+14 133.190636
736 6.001351e+14 141.810632
737 6.001851e+14 139.543407
738 6.002352e+14 125.541694
739 6.002852e+14 136.733187
740 6.003353e+14 148.470240
741 6.003853e+14 134.099236
742 6.004354e+14 153.263987
743 6.004854e+14 145.465207
744 6.005355e+14 147.386665
745 6.005855e+14 131.936721
746 6.006356e+14 138.289405
747 6.006856e+14 144.549460
748 6.007357e+14 132.907149
749 6.007857e+14 139.576055
750 6.008358e+14 142.437787
751 6.008858e+14 134.333889
752 6.009359e+14 148.065275
753 6.009859e+14 137.344853
754 6.010360e+14 136.206802
755 6.010860e+14 146.244553
756 6.011361e+14 151.404482
757 6.011861e+14 132.313975
758 6.012362e+14 143.233433
759 6.012862e+14 137.262876
760 6.013363e+14 136.268062
761 6.013863e+14 130.743891
762 6.014364e+14 142.429473
763 6.014864e+14 126.753279
764 6.015365e+14 132.465958
765 6.015865e+14 141.555753
766 6.016366e+14 122.022436
767 6.016866e+14 135.464492
768 6.017367e+14 130.719015
769 6.017867e+14 142.847401
770 6.018368e+14 123.618063
771 6.018868e+14 140.970424
772 6.019369e+14 133.353612
773 6.019869e+14 144.292042
774 6.020370e+14 135.914816
775 6.020870e+14 127.907358
776 6.021371e+14 128.544169
777 6.021871e+14 146.002756
778 6.022372e+14 135.244246
779 6.022872e+14 130.494343
780 6.023373e+14 142.084332
781 6.023873e+14 140.294286
782 6.024374e+14 140.830878
783 6.024874e+14 142.306858
784 6.025375e+14 130.024951
785 6.025875e+14 140.610118
786 6.026376e+14 150.069646
787 6.026876e+14 137.010802
788 6.027377e+14 127.558777
789 6.027877e+14 138.088943
790 6.028378e+14 132.412665
791 6.028878e+14 140.288281
792 6.029379e+14 131.185758
793 6.029879e+14 145.124680
794 6.030380e+14 140.599997
795 6.030880e+14 142.375521
796 6.031381e+14 138.460040
797 6.031881e+14 139.932399
798 6.032382e+14 141.018755
799 6.032882e+14 131.115670
800 6.033383e+14 141.314166
801 6.033883e+14 141.468855
802 6.034384e+14 146.116882
803 6.034884e+14 143.144398
804 6.035385e+14 138.069915
805 6.035885e+14 137.070115
806 6.036386e+14 126.702735
807 6.036886e+14 136.047855
808 6.037387e+14 130.893021
809 6.037887e+14 136.456800
810 6.038388e+14 153.375615
811 6.038888e+14 126.370780
812 6.039389e+14 133.916910
813 6.039889e+14 131.247924
814 6.040390e+14 134.607930
815 6.040890e+14 149.106726
816 6.041391e+14 135.941320
817 6.041891e+14 143.894389
818 6.042392e+14 137.222175
819 6.042892e+14 130.981930
820 6.043393e+14 142.272217
821 6.043893e+14 137.168004
822 6.044394e+14 141.568047
823 6.044894e+14 136.343161
824 6.045395e+14 138.876093
825 6.045895e+14 142.678306
826 6.046396e+14 136.508508
827 6.046896e+14 136.539999
828 6.047397e+14 134.286254
829 6.047897e+14 134.937417
830 6.048398e+14 143.661513
831 6.048898e+14 135.298933
832 6.049399e+14 131.215408
833 6.049899e+14 132.327738
834 6.050400e+14 138.155859
835 6.050900e+14 138.956964
836 6.051401e+14 135.716359
837 6.051901e+14 128.099476
838 6.052402e+14 133.998167
839 6.052902e+14 135.685324
840 6.053403e+14 138.198504
841 6.053903e+14 139.398519
842 6.054404e+14 129.434249
843 6.054904e+14 134.279317
844 6.055405e+14 125.048810
845 6.055905e+14 139.032079
846 6.056406e+14 140.020727
847 6.056906e+14 131.494661
848 6.057407e+14 136.920140
849 6.057907e+14 132.568743
850 6.058408e+14 146.448886
851 6.058908e+14 130.784460
852 6.059409e+14 133.131002
853 6.059909e+14 153.781984
854 6.060410e+14 135.504331
855 6.060910e+14 141.095014
856 6.061411e+14 143.513783
857 6.061911e+14 146.016702
858 6.062412e+14 133.998453
859 6.062912e+14 144.880305
860 6.063413e+14 147.133610
861 6.063913e+14 133.385469
862 6.064414e+14 140.826434
863 6.064914e+14 140.215248
864 6.065415e+14 140.239606
865 6.065915e+14 130.296086
866 6.066416e+14 137.362124
867 6.066916e+14 126.485142
868 6.067417e+14 150.455599
869 6.067917e+14 136.207783
870 6.068418e+14 136.207031
871 6.068918e+14 140.598208
872 6.069419e+14 134.583165
873 6.069919e+14 134.991170
874 6.070420e+14 137.649906
875 6.070920e+14 139.792882
876 6.071421e+14 141.010501
877 6.071921e+14 133.671273
878 6.072422e+14 139.979945
879 6.072922e+14 140.161697
880 6.073423e+14 132.843988
881 6.073923e+14 143.743365
882 6.074424e+14 148.752080
883 6.074924e+14 135.322747
884 6.075425e+14 137.505020
885 6.075925e+14 131.659886
886 6.076426e+14 134.334447
887 6.076926e+14 141.204040
888 6.077427e+14 133.367475
889 6.077927e+14 141.582750
890 6.078428e+14 138.422347
891 6.078928e+14 139.370976
892 6.079429e+14 131.839928
893 6.079929e+14 132.170673
894 6.080430e+14 137.827085
895 6.080930e+14 121.572650
896 6.081431e+14 139.529028
897 6.081931e+14 134.369276
898 6.082432e+14 128.859557
899 6.082932e+14 136.627383
900 6.083433e+14 135.392649
901 6.083933e+14 129.428402
902 6.084434e+14 137.386777
903 6.084934e+14 142.789900
904 6.085435e+14 144.147266
905 6.085935e+14 141.095828
906 6.086436e+14 144.791273
907 6.086936e+14 144.667133
908 6.087437e+14 136.043815
909 6.087937e+14 136.290096
910 6.088438e+14 133.892400
911 6.088938e+14 138.965123
912 6.089439e+14 132.194697
913 6.089939e+14 135.022615
914 6.090440e+14 133.173000
915 6.090940e+14 138.335744
916 6.091441e+14 124.537082
917 6.091941e+14 147.656436
918 6.092442e+14 139.392814
919 6.092942e+14 142.491249
920 6.093443e+14 132.494902
921 6.093943e+14 142.102222
922 6.094444e+14 128.341129
923 6.094944e+14 137.447396
924 6.095445e+14 132.747963
925 6.095945e+14 137.789229
926 6.096446e+14 126.441677
927 6.096946e+14 140.136058
928 6.097447e+14 153.097543
929 6.097947e+14 131.609787
930 6.098448e+14 146.510361
931 6.098948e+14 143.452492
932 6.099449e+14 150.388723
933 6.099949e+14 125.571152
934 6.100450e+14 132.112796
935 6.100950e+14 142.166378
936 6.101451e+14 139.747560
937 6.101951e+14 132.806652
938 6.102452e+14 140.170166
939 6.102952e+14 129.866410
940 6.103453e+14 144.924860
941 6.103953e+14 131.897033
942 6.104454e+14 139.127661
943 6.104954e+14 138.528696
944 6.105455e+14 137.846887
945 6.105955e+14 138.557071
946 6.106456e+14 140.468558
947 6.106956e+14 130.779085
948 6.107457e+14 143.347617
949 6.107957e+14 132.851949
950 6.108458e+14 131.127255
951 6.108958e+14 141.699879
952 6.109459e+14 134.329332
953 6.109959e+14 138.745911
954 6.110460e+14 128.885363
955 6.110960e+14 137.375162
956 6.111461e+14 141.416599
957 6.111961e+14 136.625079
958 6.112462e+14 149.753404
959 6.112962e+14 127.993999
960 6.113463e+14 136.991916
961 6.113963e+14 145.575276
962 6.114464e+14 123.774488
963 6.114964e+14 130.004234
964 6.115465e+14 133.220597
965 6.115965e+14 143.130295
966 6.116466e+14 137.254971
967 6.116966e+14 153.097449
968 6.117467e+14 140.296368
969 6.117967e+14 132.181268
970 6.118468e+14 137.862995
971 6.118968e+14 134.527329
972 6.119469e+14 138.619862
973 6.119969e+14 138.611746
974 6.120470e+14 139.726269
975 6.120970e+14 137.272220
976 6.121471e+14 133.476290
977 6.121971e+14 136.910090
978 6.122472e+14 136.986870
979 6.122972e+14 140.716942
980 6.123473e+14 135.044210
981 6.123973e+14 133.234332
982 6.124474e+14 148.376544
983 6.124974e+14 134.925547
984 6.125475e+14 123.257403
985 6.125975e+14 136.520757
986 6.126476e+14 141.812926
987 6.126976e+14 129.734393
988 6.127477e+14 145.738608
989 6.127977e+14 133.374552
990 6.128478e+14 140.699428
991 6.128978e+14 141.537175
992 6.129479e+14 144.334585
993 6.129979e+14 138.989696
994 6.130480e+14 130.310809
995 6.130980e+14 129.767432
996 6.131481e+14 134.510701
997 6.131981e+14 147.826406
998 6.132482e+14 139.545828
999 6.132982e+14 141.287634
