# Date: 19/07/01, Author: E.Hubble
# First column is index, second column is frequency (Hz), third column is spectra (A.U.)
0 5.605989e+14 119.079185
1 5.606489e+14 119.634512
2 5.606990e+14 124.163439
3 5.607490e+14 121.093420
4 5.607991e+14 124.032115
5 5.608491e+14 125.702103
6 5.608992e+14 112.051954
7 5.609492e+14 122.577061
8 5.609993e+14 117.593601
9 5.610493e+14 114.583521
10 5.610994e+14 134.647679
11 5.611494e+14 122.171062
12 5.611995e+14 117.470545
13 5.612495e+14 121.787648
14 5.612996e+14 120.594196
15 5.613496e+14 112.683778
16 5.613997e+14 116.306864
17 5.614497e+14 120.737811
18 5.614998e+14 118.917299
19 5.615498e+14 124.008119
20 5.615999e+14 116.097801
21 5.616499e+14 120.145800
22 5.617000e+14 121.492119
23 5.617500e+14 117.924099
24 5.618001e+14 123.505237
25 5.618501e+14 122.787191
26 5.619002e+14 112.251429
27 5.619502e+14 110.382192
28 5.620003e+14 119.604160
29 5.620503e+14 112.548254
30 5.621004e+14 110.855861
31 5.621504e+14 106.039238
32 5.622005e+14 127.242374
33 5.622505e+14 114.219476
34 5.623006e+14 118.770278
35 5.623506e+14 115.962973
36 5.624007e+14 114.966360
37 5.624507e+14 109.747812
38 5.625008e+14 111.647283
39 5.625508e+14 120.889869
40 5.626009e+14 114.348976
41 5.626509e+14 119.276065
42 5.627010e+14 119.922706
43 5.627510e+14 115.269022
44 5.628011e+14 114.234913
45 5.628511e+14 117.479541
46 5.629012e+14 114.650263
47 5.629512e+14 109.678483
48 5.630013e+14 108.735093
49 5.630513e+14 117.378195
50 5.631014e+14 125.597914
51 5.631514e+14 115.811986
52 5.632015e+14 122.420362
53 5.632515e+14 117.908498
54 5.633016e+14 121.198935
55 5.633516e+14 119.882394
56 5.634017e+14 115.404447
57 5.634517e+14 106.985156
58 5.635018e+14 127.994734
59 5.635518e+14 127.395547
60 5.636019e+14 121.337469
61 5.636519e+14 123.183508
62 5.637020e+14 108.159507
63 5.637520e+14 126.231801
64 5.638021e+14 123.315837
65 5.638521e+14 113.648614
66 5.639022e+14 119.500809
67 5.639522e+14 126.886808
68 5.640023e+14 105.938226
69 5.640523e+14 110.627879
70 5.641024e+14 116.901745
71 5.641524e+14 121.333736
72 5.642025e+14 117.876020
73 5.642525e+14 117.979418
74 5.643026e+14 113.435260
75 5.643526e+14 115.414786
76 5.644027e+14 111.341159
77 5.644527e+14 115.822391
78 5.645028e+14 116.538604
79 5.645528e+14 119.870859
80 5.646029e+14 114.529576
81 5.646529e+14 118.677993
82 5.647030e+14 121.930336
83 5.647530e+14 107.041621
84 5.648031e+14 118.459623
85 5.648531e+14 117.704000
86 5.649032e+14 120.386261
87 5.649532e+14 121.831325
88 5.650033e+14 125.742181
89 5.650533e+14 120.263872
90 5.651034e+14 114.580776
91 5.651534e+14 117.735493
92 5.652035e+14 121.418337
93 5.652535e+14 112.577214
94 5.653036e+14 123.640016
95 5.653536e+14 107.455130
96 5.654037e+14 101.859528
97 5.654537e+14 104.406500
98 5.655038e+14 115.009797
99 5.655538e+14 122.245423
100 5.656039e+14 111.601608
101 5.656539e+14 112.287219
102 5.657040e+14 116.152349
103 5.657540e+14 113.538850
104 5.658041e+14 124.807154
105 5.658541e+14 113.556488
106 5.659042e+14 118.271655
107 5.659542e+14 110.059874
108 5.660043e+14 113.790921
109 5.660543e+14 113.828414
110 5.661044e+14 117.373148
111 5.661544e+14 113.757106
112 5.662045e+14 116.731477
113 5.662545e+14 129.642483
114 5.663046e+14 105.805024
115 5.663546e+14 116.935501
116 5.664047e+14 114.099693
117 5.664547e+14 107.706271
118 5.665048e+14 116.794113
119 5.665548e+14 121.842829
120 5.666049e+14 116.655163
121 5.666549e+14 107.437086
122 5.667050e+14 120.332056
123 5.667550e+14 114.432822
124 5.668051e+14 110.706777
125 5.668551e+14 109.681288
126 5.669052e+14 113.466206
127 5.669552e+14 111.019397
128 5.670053e+14 117.059041
129 5.670553e+14 114.371611
130 5.671054e+14 116.902389
131 5.671554e+14 117.998448
132 5.672055e+14 109.394584
133 5.672555e+14 114.641250
134 5.673056e+14 120.977981
135 5.673556e+14 109.880316
136 5.674057e+14 115.751647
137 5.674557e+14 115.782225
138 5.675058e+14 118.676055
139 5.675558e+14 106.089070
140 5.676059e+14 117.957486
141 5.676559e+14 112.000500
142 5.677060e+14 109.692294
143 5.677560e+14 115.985824
144 5.678061e+14 114.677665
145 5.678561e+14 109.544818
146 5.679062e+14 112.769939
147 5.679562e+14 120.109473
148 5.680063e+14 101.275728
149 5.680563e+14 125.116339
150 5.681064e+14 116.542514
151 5.681564e+14 112.758136
152 5.682065e+14 109.919704
153 5.682565e+14 114.321941
154 5.683066e+14 112.104530
155 5.683566e+14 109.806073
156 5.684067e+14 113.419878
157 5.684567e+14 107.114014
158 5.685068e+14 123.462618
159 5.685568e+14 111.269236
160 5.686069e+14 111.280364
161 5.686569e+14 105.427443
162 5.687070e+14 108.424355
163 5.687570e+14 108.638367
164 5.688071e+14 113.104829
165 5.688571e+14 112.974179
166 5.689072e+14 108.478737
167 5.689572e+14 106.684154
168 5.690073e+14 119.142450
169 5.690573e+14 109.935571
170 5.691074e+14 126.762667
171 5.691574e+14 111.318161
172 5.692075e+14 111.299117
173 5.692575e+14 114.965690
174 5.693076e+14 101.659505
175 5.693576e+14 118.208229
176 5.694077e+14 107.197183
177 5.694577e+14 117.716482
178 5.695078e+14 95.527592
179 5.695578e+14 106.857722
180 5.696079e+14 116.384931
181 5.696579e+14 107.231514
182 5.697080e+14 105.559754
183 5.697580e+14 111.630672
184 5.698081e+14 103.247892
185 5.698581e+14 105.450122
186 5.699082e+14 114.835751
187 5.699582e+14 106.923931
188 5.700083e+14 109.663321
189 5.700583e+14 108.377114
190 5.701084e+14 112.327932
191 5.701584e+14 120.634361
192 5.702085e+14 115.929231
193 5.702585e+14 111.281581
194 5.703086e+14 91.179622
195 5.703586e+14 117.079448
196 5.704087e+14 105.669977
197 5.704587e+14 109.521477
198 5.705088e+14 105.886171
199 5.705588e+14 107.523410
200 5.706089e+14 110.052058
201 5.706589e+14 102.771881
202 5.707090e+14 112.981469
203 5.707590e+14 105.757875
204 5.708091e+14 108.209837
205 5.708591e+14 106.262508
206 5.709092e+14 121.615361
207 5.709592e+14 117.952690
208 5.710093e+14 113.242403
209 5.710593e+14 112.436811
210 5.711094e+14 113.079860
211 5.711594e+14 120.507587
212 5.712095e+14 111.387382
213 5.712595e+14 96.346594
214 5.713096e+14 111.165664
215 5.713596e+14 108.710286
216 5.714097e+14 102.095837
217 5.714597e+14 105.439684
218 5.715098e+14 107.583333
219 5.715598e+14 117.887790
220 5.716099e+14 106.149391
221 5.716599e+14 116.992804
222 5.717100e+14 113.400509
223 5.717600e+14 100.115247
224 5.718101e+14 112.968836
225 5.718601e+14 118.283270
226 5.719102e+14 110.375500
227 5.719602e+14 107.593635
228 5.720103e+14 116.213564
229 5.720603e+14 103.653538
230 5.721104e+14 100.823337
231 5.721604e+14 115.468404
232 5.722105e+14 112.216776
233 5.722605e+14 112.484208
234 5.723106e+14 113.352641
235 5.723606e+14 114.879232
236 5.724107e+14 107.282547
237 5.724607e+14 115.517879
238 5.725108e+14 107.064116
239 5.725608e+14 100.879960
240 5.726109e+14 99.078341
241 5.726609e+14 114.171668
242 5.727110e+14 107.790720
243 5.727610e+14 106.087674
244 5.728111e+14 100.418375
245 5.728611e+14 110.586186
246 5.729112e+14 110.886995
247 5.729612e+14 114.039248
248 5.730113e+14 102.591869
249 5.730613e+14 105.602992
250 5.731114e+14 113.013294
251 5.731614e+14 118.781717
252 5.732115e+14 108.756167
253 5.732615e+14 104.666159
254 5.733116e+14 102.956361
255 5.733616e+14 97.298818
256 5.734117e+14 106.075156
257 5.734617e+14 107.222225
258 5.735118e+14 116.784125
259 5.735618e+14 101.711199
260 5.736119e+14 104.591081
261 5.736619e+14 114.433438
262 5.737120e+14 97.449477
263 5.737620e+14 108.738668
264 5.738121e+14 95.287186
265 5.738621e+14 108.932795
266 5.739122e+14 104.569527
267 5.739622e+14 95.161530
268 5.740123e+14 114.663636
269 5.740623e+14 97.895213
270 5.741124e+14 113.119928
271 5.741624e+14 106.489243
272 5.742125e+14 110.696157
273 5.742625e+14 99.268212
274 5.743126e+14 109.530086
275 5.743626e+14 91.849715
276 5.744127e+14 103.874158
277 5.744627e+14 116.425938
278 5.745128e+14 102.417580
279 5.745628e+14 87.055221
280 5.746129e+14 109.346032
281 5.746629e+14 97.237266
282 5.747130e+14 98.917951
283 5.747630e+14 102.826281
284 5.748131e+14 103.245459
285 5.748631e+14 100.868886
286 5.749132e+14 101.892569
287 5.749632e+14 104.052967
288 5.750133e+14 108.109534
289 5.750633e+14 99.098180
290 5.751134e+14 98.939114
291 5.751634e+14 108.428003
292 5.752135e+14 104.010513
293 5.752635e+14 94.298567
294 5.753136e+14 105.609835
295 5.753636e+14 96.449701
296 5.754137e+14 100.442155
297 5.754637e+14 111.668942
298 5.755138e+14 102.283342
299 5.755638e+14 110.071159
300 5.756139e+14 100.534467
301 5.756639e+14 99.766197
302 5.757140e+14 99.825961
303 5.757640e+14 104.447528
304 5.758141e+14 104.652988
305 5.758641e+14 107.079021
306 5.759142e+14 107.777679
307 5.759642e+14 102.131127
308 5.760143e+14 108.222346
309 5.760643e+14 101.214079
310 5.761144e+14 100.319911
311 5.761644e+14 103.855372
312 5.762145e+14 110.228450
313 5.762645e+14 105.474881
314 5.763146e+14 109.014808
315 5.763646e+14 96.557305
316 5.764147e+14 105.422704
317 5.764647e+14 109.310851
318 5.765148e+14 97.692334
319 5.765648e+14 97.409452
320 5.766149e+14 99.880032
321 5.766649e+14 107.487569
322 5.767150e+14 114.643303
323 5.767650e+14 99.740889
324 5.768151e+14 107.750259
325 5.768651e+14 95.510038
326 5.769152e+14 99.805638
327 5.769652e+14 93.022005
328 5.770153e+14 100.174241
329 5.770653e+14 111.201283
330 5.771154e+14 103.491507
331 5.771654e+14 102.086657
332 5.772155e+14 108.559018
333 5.772655e+14 116.571475
334 5.773156e+14 108.831075
335 5.773656e+14 101.695844
336 5.774157e+14 117.638280
337 5.774657e+14 101.609572
338 5.775158e+14 107.910405
339 5.775658e+14 103.821134
340 5.776159e+14 97.596982
341 5.776659e+14 103.778874
342 5.777160e+14 109.171551
343 5.777660e+14 106.225766
344 5.778161e+14 116.278008
345 5.778661e+14 99.587816
346 5.779162e+14 101.863402
347 5.779662e+14 99.411180
348 5.780163e+14 104.657558
349 5.780663e+14 103.016293
350 5.781164e+14 98.540703
351 5.781664e+14 100.765983
352 5.782165e+14 97.861068
353 5.782665e+14 96.551422
354 5.783166e+14 95.938538
355 5.783666e+14 103.196791
356 5.784167e+14 96.549804
357 5.784667e+14 94.545130
358 5.785168e+14 108.562877
359 5.785668e+14 101.233256
360 5.786169e+14 102.140772
361 5.786669e+14 102.474261
362 5.787170e+14 105.540644
363 5.787670e+14 98.399702
364 5.788171e+14 96.237266
365 5.788671e+14 98.700907
366 5.789172e+14 100.829016
367 5.789672e+14 96.675112
368 5.790173e+14 97.486450
369 5.790673e+14 94.224308
370 5.791174e+14 100.395295
371 5.791674e+14 97.213452
372 5.792175e+14 111.352386
373 5.792675e+14 109.854161
374 5.793176e+14 99.456500
375 5.793676e+14 101.142136
376 5.794177e+14 105.197299
377 5.794677e+14 100.019712
378 5.795178e+14 108.209113
379 5.795678e+14 97.169028
380 5.796179e+14 97.896279
381 5.796679e+14 87.692922
382 5.797180e+14 101.031486
383 5.797680e+14 93.531110
384 5.798181e+14 102.531907
385 5.798681e+14 91.417572
386 5.799182e+14 93.747269
387 5.799682e+14 104.932407
388 5.800183e+14 99.779759
389 5.800683e+14 104.019976
390 5.801184e+14 95.844393
391 5.801684e+14 103.821171
392 5.802185e+14 102.460470
393 5.802685e+14 87.098505
394 5.803186e+14 97.829774
395 5.803686e+14 103.685323
396 5.804187e+14 104.251822
397 5.804687e+14 103.370819
398 5.805188e+14 98.476999
399 5.805688e+14 101.939699
400 5.806189e+14 101.129884
401 5.806689e+14 92.582853
402 5.807190e+14 99.840561
403 5.807690e+14 114.896533
404 5.808191e+14 96.314691
405 5.808691e+14 90.315339
406 5.809192e+14 105.634059
407 5.809692e+14 93.686432
408 5.810193e+14 90.998467
409 5.810693e+14 103.833031
410 5.811194e+14 100.935221
411 5.811694e+14 93.368085
412 5.812195e+14 94.558431
413 5.812695e+14 95.847717
414 5.813196e+14 112.402310
415 5.813696e+14 95.251067
416 5.814197e+14 99.981224
417 5.814697e+14 102.067995
418 5.815198e+14 110.371590
419 5.815698e+14 100.406355
420 5.816199e+14 94.634026
421 5.816699e+14 105.100563
422 5.817200e+14 103.094533
423 5.817700e+14 98.396337
424 5.818201e+14 101.825740
425 5.818701e+14 104.691669
426 5.819202e+14 102.416810
427 5.819702e+14 111.939276
428 5.820203e+14 98.330343
429 5.820703e+14 108.391455
430 5.821204e+14 107.015847
431 5.821704e+14 114.545128
432 5.822205e+14 97.899940
433 5.822705e+14 105.709567
434 5.823206e+14 104.372874
435 5.823706e+14 103.993237
436 5.824207e+14 98.970559
437 5.824707e+14 97.328419
438 5.825208e+14 108.232510
439 5.825708e+14 101.955122
440 5.826209e+14 101.107001
441 5.826709e+14 105.769883
442 5.827210e+14 103.299581
443 5.827710e+14 108.878320
444 5.828211e+14 100.490799
445 5.828711e+14 102.019436
446 5.829212e+14 109.411690
447 5.829712e+14 104.749088
448 5.830213e+14 110.673615
449 5.830713e+14 118.844999
450 5.831214e+14 104.353712
451 5.831714e+14 108.003397
452 5.832215e+14 111.964260
453 5.832715e+14 110.024532
454 5.833216e+14 109.316741
455 5.833716e+14 109.377170
456 5.834217e+14 102.009607
457 5.834717e+14 108.963567
458 5.835218e+14 105.797428
459 5.835718e+14 101.202334
460 5.836219e+14 102.887251
461 5.836719e+14 117.372959
462 5.837220e+14 125.687712
463 5.837720e+14 108.323923
464 5.838221e+14 109.325473
465 5.838721e+14 111.188386
466 5.839222e+14 127.903175
467 5.839722e+14 108.835236
468 5.840223e+14 120.767098
469 5.840723e+14 116.823625
470 5.841224e+14 120.231483
471 5.841724e+14 117.308663
472 5.842225e+14 117.625491
473 5.842725e+14 127.586459
474 5.843226e+14 125.959576
475 5.843726e+14 124.243489
476 5.844227e+14 110.370711
477 5.844727e+14 124.550931
478 5.845228e+14 137.082510
479 5.845728e+14 126.514873
480 5.846229e+14 116.359093
481 5.846729e+14 110.337091
482 5.847230e+14 118.211196
483 5.847730e+14 118.022557
484 5.848231e+14 109.113201
485 5.848731e+14 109.486389
486 5.849232e+14 122.749710
487 5.849732e+14 111.682605
488 5.850233e+14 121.613935
489 5.850733e+14 116.297700
490 5.851234e+14 116.486362
491 5.851734e+14 123.738786
492 5.852235e+14 118.779829
493 5.852735e+14 114.828622
494 5.853236e+14 125.795547
495 5.853736e+14 123.420810
496 5.854237e+14 134.629665
497 5.854737e+14 118.406886
498 5.855238e+14 117.716280
499 5.855738e+14 117.530836
500 5.856239e+14 114.499280
501 5.856739e+14 124.787971
502 5.857240e+14 110.241877
503 5.857740e+14 120.538546
504 5.858241e+14 114.938997
505 5.858741e+14 112.507206
506 5.859242e+14 114.219430
507 5.859742e+14 114.882607
508 5.860243e+14 109.899135
509 5.860743e+14 107.119761
510 5.861244e+14 103.287812
511 5.861744e+14 112.652796
512 5.862245e+14 108.855231
513 5.862745e+14 111.036232
514 5.863246e+14 113.422096
515 5.863746e+14 110.011103
516 5.864247e+14 102.283553
517 5.864747e+14 104.655611
518 5.865248e+14 113.706796
519 5.865748e+14 94.896641
520 5.866249e+14 103.978187
521 5.866749e+14 100.082796
522 5.867250e+14 105.528193
523 5.867750e+14 98.732771
524 5.868251e+14 101.563758
525 5.868751e+14 93.272406
526 5.869252e+14 97.154270
527 5.869752e+14 102.212004
528 5.870253e+14 85.658943
529 5.870753e+14 98.323279
530 5.871254e+14 97.483147
531 5.871754e+14 98.276710
532 5.872255e+14 93.356436
533 5.872755e+14 102.353998
534 5.873256e+14 97.918751
535 5.873756e+14 93.145188
536 5.874257e+14 95.683256
537 5.874757e+14 103.018135
538 5.875258e+14 109.669558
539 5.875758e+14 97.740548
540 5.876259e+14 99.939870
541 5.876759e+14 95.978308
542 5.877260e+14 92.152366
543 5.877760e+14 98.982345
544 5.878261e+14 92.677561
545 5.878761e+14 93.218197
546 5.879262e+14 87.581171
547 5.879762e+14 98.285831
548 5.880263e+14 96.379115
549 5.880763e+14 98.349163
550 5.881264e+14 101.587877
551 5.881764e+14 77.898515
552 5.882265e+14 84.464683
553 5.882765e+14 95.306789
554 5.883266e+14 92.537190
555 5.883766e+14 98.166851
556 5.884267e+14 97.533426
557 5.884767e+14 83.627663
558 5.885268e+14 94.709671
559 5.885768e+14 94.632879
560 5.886269e+14 93.247809
561 5.886769e+14 89.970519
562 5.887270e+14 95.887404
563 5.887770e+14 89.144554
564 5.888271e+14 91.227525
565 5.888771e+14 87.239795
566 5.889272e+14 87.219714
567 5.889772e+14 80.207894
568 5.890273e+14 80.167689
569 5.890773e+14 91.293348
570 5.891274e+14 86.349979
571 5.891774e+14 89.998696
572 5.892275e+14 93.087784
573 5.892775e+14 84.814499
574 5.893276e+14 79.927117
575 5.893776e+14 92.447768
576 5.894277e+14 85.387137
577 5.894777e+14 96.194634
578 5.895278e+14 84.686205
579 5.895778e+14 92.294762
580 5.896279e+14 102.134740
581 5.896779e+14 93.528393
582 5.897280e+14 84.287527
583 5.897780e+14 87.723501
584 5.898281e+14 88.625566
585 5.898781e+14 94.245135
586 5.899282e+14 79.217844
587 5.899782e+14 93.645077
588 5.900283e+14 73.536071
589 5.900783e+14 82.388912
590 5.901284e+14 80.328992
591 5.901784e+14 95.879871
592 5.902285e+14 83.445421
593 5.902785e+14 87.961199
594 5.903286e+14 81.396681
595 5.903786e+14 87.222786
596 5.904287e+14 87.711456
597 5.904787e+14 87.894698
598 5.905288e+14 78.393125
599 5.905788e+14 93.089163
600 5.906289e+14 87.625075
601 5.906789e+14 84.179011
602 5.907290e+14 75.047302
603 5.907790e+14 81.404202
604 5.908291e+14 85.029589
605 5.908791e+14 90.346432
606 5.909292e+14 77.759025
607 5.909792e+14 89.527974
608 5.910293e+14 93.605866
609 5.910793e+14 79.740835
610 5.911294e+14 89.284255
611 5.911794e+14 87.532385
612 5.912295e+14 83.438006
613 5.912795e+14 85.190325
614 5.913296e+14 82.602477
615 5.913796e+14 97.215301
616 5.914297e+14 83.765235
617 5.914797e+14 97.260727
618 5.915298e+14 87.961978
619 5.915798e+14 72.418862
620 5.916299e+14 91.138295
621 5.916799e+14 85.399413
622 5.917300e+14 80.865721
623 5.917800e+14 87.821545
624 5.918301e+14 72.742496
625 5.918801e+14 94.672993
626 5.919302e+14 85.579137
627 5.919802e+14 91.259758
628 5.920303e+14 98.620706
629 5.920803e+14 92.802443
630 5.921304e+14 89.082267
631 5.921804e+14 76.616485
632 5.922305e+14 85.701162
633 5.922805e+14 93.589187
634 5.923306e+14 95.427430
635 5.923806e+14 86.635685
636 5.924307e+14 84.601836
637 5.924807e+14 88.485392
638 5.925308e+14 89.070188
639 5.925808e+14 76.753627
640 5.926309e+14 91.416366
641 5.926809e+14 83.862536
642 5.927310e+14 95.606446
643 5.927810e+14 79.872039
644 5.928311e+14 89.159321
645 5.928811e+14 92.936085
646 5.929312e+14 86.020528
647 5.929812e+14 90.204428
648 5.930313e+14 75.493538
649 5.930813e+14 66.487040
650 5.931314e+14 88.041823
651 5.931814e+14 75.813578
652 5.932315e+14 87.772950
653 5.932815e+14 80.187067
654 5.933316e+14 91.968682
655 5.933816e+14 93.901707
656 5.934317e+14 83.973932
657 5.934817e+14 88.479102
658 5.935318e+14 89.299036
659 5.935818e+14 81.020933
660 5.936319e+14 74.500155
661 5.936819e+14 92.823606
662 5.937320e+14 83.860788
663 5.937820e+14 89.546102
664 5.938321e+14 84.740675
665 5.938821e+14 77.333302
666 5.939322e+14 81.638474
667 5.939822e+14 76.259283
668 5.940323e+14 78.909818
669 5.940823e+14 79.443108
670 5.941324e+14 84.160703
671 5.941824e+14 81.836316
672 5.942325e+14 96.137007
673 5.942825e+14 88.070648
674 5.943326e+14 86.001112
675 5.943826e+14 86.220493
676 5.944327e+14 88.693669
677 5.944827e+14 72.976244
678 5.945328e+14 93.503287
679 5.945828e+14 85.900427
680 5.946329e+14 77.388583
681 5.946829e+14 93.440617
682 5.947330e+14 91.101350
683 5.947830e+14 71.222178
684 5.948331e+14 77.426448
685 5.948831e+14 74.797169
686 5.949332e+14 87.208010
687 5.949832e+14 90.302613
688 5.950333e+14 82.815809
689 5.950833e+14 72.850643
690 5.951334e+14 71.675303
691 5.951834e+14 77.818759
692 5.952335e+14 83.025761
693 5.952835e+14 64.795332
694 5.953336e+14 85.511107
695 5.953836e+14 81.676943
696 5.954337e+14 78.214674
697 5.954837e+14 82.401822
698 5.955338e+14 73.981685
699 5.955838e+14 78.665153
700 5.956339e+14 88.770090
701 5.956839e+14 77.153906
702 5.957340e+14 82.959329
703 5.957840e+14 86.415380
704 5.958341e+14 80.243282
705 5.958841e+14 84.222400
706 5.959342e+14 79.450471
707 5.959842e+14 81.932675
708 5.960343e+14 80.615531
709 5.960843e+14 86.789230
710 5.961344e+14 87.169688
711 5.961844e+14 83.705243
712 5.962345e+14 79.226305
713 5.962845e+14 95.519254
714 5.963346e+14 79.117852
715 5.963846e+14 84.295751
716 5.964347e+14 76.023800
717 5.964847e+14 87.499260
718 5.965348e+14 73.055087
719 5.965848e+14 84.143617
720 5.966349e+14 77.993161
721 5.966849e+14 87.543806
722 5.967350e+14 81.335918
723 5.967850e+14 81.372850
724 5.968351e+14 78.834916
725 5.968851e+14 77.745221
726 5.969352e+14 83.083882
727 5.969852e+14 77.926174
728 5.970353e+14 75.827049
729 5.970853e+14 81.662928
730 5.971354e+14 83.420492
731 5.971854e+14 73.901950
732 5.972355e+14 88.038500
733 5.972855e+14 78.389120
734 5.973356e+14 74.140656
735 5.973856e+14 82.624065
736 5.974357e+14 76.089046
737 5.974857e+14 87.975109
738 5.975358e+14 82.735241
739 5.975858e+14 93.291986
740 5.976359e+14 73.619406
741 5.976859e+14 70.709254
742 5.977360e+14 76.895575
743 5.977860e+14 83.771636
744 5.978361e+14 81.110398
745 5.978861e+14 73.593866
746 5.979362e+14 82.618676
747 5.979862e+14 73.464875
748 5.980363e+14 71.584388
749 5.980863e+14 87.025004
750 5.981364e+14 76.613341
751 5.981864e+14 83.051427
752 5.982365e+14 79.454905
753 5.982865e+14 72.299001
754 5.983366e+14 73.887878
755 5.983866e+14 85.979502
756 5.984367e+14 72.069157
757 5.984867e+14 76.007459
758 5.985368e+14 71.763207
759 5.985868e+14 77.436555
760 5.986369e+14 73.734912
761 5.986869e+14 80.002391
762 5.987370e+14 75.517237
763 5.987870e+14 79.682395
764 5.988371e+14 81.085028
765 5.988871e+14 71.841385
766 5.989372e+14 69.854358
767 5.989872e+14 67.934212
768 5.990373e+14 69.707944
769 5.990873e+14 83.781752
770 5.991374e+14 79.996299
771 5.991874e+14 79.804428
772 5.992375e+14 70.440790
773 5.992875e+14 74.582799
774 5.993376e+14 70.970279
775 5.993876e+14 73.405634
776 5.994377e+14 74.075147
777 5.994877e+14 78.049039
778 5.995378e+14 71.333673
779 5.995878e+14 73.390656
780 5.996379e+14 76.737083
781 5.996879e+14 78.423544
782 5.997380e+14 77.529263
783 5.997880e+14 76.106474
784 5.998381e+14 77.816761
785 5.998881e+14 70.874151
786 5.999382e+14 79.144223
787 5.999882e+14 74.403213
788 6.000383e+14 78.518924
789 6.000883e+14 81.708673
790 6.001384e+14 70.980718
791 6.001884e+14 83.737044
792 6.002385e+14 80.438725
793 6.002885e+14 66.747597
794 6.003386e+14 79.647771
795 6.003886e+14 70.146010
796 6.004387e+14 75.750322
797 6.004887e+14 69.977884
798 6.005388e+14 72.105823
799 6.005888e+14 74.352090
800 6.006389e+14 71.806692
801 6.006889e+14 72.853146
802 6.007390e+14 70.890124
803 6.007890e+14 80.235306
804 6.008391e+14 81.964621
805 6.008891e+14 82.718398
806 6.009392e+14 82.000173
807 6.009892e+14 80.723713
808 6.010393e+14 64.145711
809 6.010893e+14 71.157776
810 6.011394e+14 76.269974
811 6.011894e+14 73.447293
812 6.012395e+14 71.494683
813 6.012895e+14 77.012537
814 6.013396e+14 79.424718
815 6.013896e+14 66.020140
816 6.014397e+14 79.484670
817 6.014897e+14 76.071864
818 6.015398e+14 72.725600
819 6.015898e+14 80.577691
820 6.016399e+14 67.748943
821 6.016899e+14 67.006183
822 6.017400e+14 69.563361
823 6.017900e+14 77.079223
824 6.018401e+14 80.814045
825 6.018901e+14 62.514655
826 6.019402e+14 73.553607
827 6.019902e+14 87.522641
828 6.020403e+14 75.190663
829 6.020903e+14 86.928951
830 6.021404e+14 78.165428
831 6.021904e+14 79.528614
832 6.022405e+14 71.411239
833 6.022905e+14 81.241300
834 6.023406e+14 68.922695
835 6.023906e+14 72.427304
836 6.024407e+14 70.749215
837 6.024907e+14 72.559126
838 6.025408e+14 79.360328
839 6.025908e+14 72.867142
840 6.026409e+14 78.325524
841 6.026909e+14 66.143208
842 6.027410e+14 70.099532
843 6.027910e+14 73.126312
844 6.028411e+14 64.975954
845 6.028911e+14 75.709993
846 6.029412e+14 81.741074
847 6.029912e+14 70.074700
848 6.030413e+14 82.774911
849 6.030913e+14 69.954873
850 6.031414e+14 73.636428
851 6.031914e+14 67.902857
852 6.032415e+14 71.802876
853 6.032915e+14 74.728292
854 6.033416e+14 79.416005
855 6.033916e+14 68.414502
856 6.034417e+14 61.271638
857 6.034917e+14 71.374782
858 6.035418e+14 74.171742
859 6.035918e+14 69.918129
860 6.036419e+14 84.699057
861 6.036919e+14 74.858408
862 6.037420e+14 63.315654
863 6.037920e+14 74.900684
864 6.038421e+14 66.120319
865 6.038921e+14 69.402288
866 6.039422e+14 74.521641
867 6.039922e+14 62.365233
868 6.040423e+14 65.079664
869 6.040923e+14 70.940777
870 6.041424e+14 71.976282
871 6.041924e+14 74.851607
872 6.042425e+14 73.469429
873 6.042925e+14 66.466757
874 6.043426e+14 74.667071
875 6.043926e+14 76.223019
876 6.044427e+14 77.037762
877 6.044927e+14 77.797755
878 6.045428e+14 71.548242
879 6.045928e+14 67.670534
880 6.046429e+14 55.346383
881 6.046929e+14 76.884664
882 6.047430e+14 84.896373
883 6.047930e+14 73.488630
884 6.048431e+14 73.140801
885 6.048931e+14 76.261343
886 6.049432e+14 67.634055
887 6.049932e+14 65.956189
888 6.050433e+14 69.182465
889 6.050933e+14 77.037406
890 6.051434e+14 64.562872
891 6.051934e+14 76.861240
892 6.052435e+14 74.786971
893 6.052935e+14 67.225496
894 6.053436e+14 78.509127
895 6.053936e+14 60.835833
896 6.054437e+14 69.072535
897 6.054937e+14 76.491589
898 6.055438e+14 66.929536
899 6.055938e+14 74.329663
900 6.056439e+14 67.943300
901 6.056939e+14 62.028664
902 6.057440e+14 72.208862
903 6.057940e+14 76.540466
904 6.058441e+14 66.553550
905 6.058941e+14 70.107239
906 6.059442e+14 66.162646
907 6.059942e+14 62.404342
908 6.060443e+14 68.642804
909 6.060943e+14 69.395466
910 6.061444e+14 70.103434
911 6.061944e+14 72.790066
912 6.062445e+14 63.839953
913 6.062945e+14 71.011102
914 6.063446e+14 69.903606
915 6.063946e+14 74.738992
916 6.064447e+14 72.613543
917 6.064947e+14 72.978477
918 6.065448e+14 67.211456
919 6.065948e+14 71.045198
920 6.066449e+14 71.240659
921 6.066949e+14 69.661191
922 6.067450e+14 71.807650
923 6.067950e+14 63.994736
924 6.068451e+14 69.608230
925 6.068951e+14 72.313180
926 6.069452e+14 68.315733
927 6.069952e+14 77.486340
928 6.070453e+14 72.483678
929 6.070953e+14 67.365530
930 6.071454e+14 66.924773
931 6.071954e+14 78.529556
932 6.072455e+14 70.391122
933 6.072955e+14 52.120345
934 6.073456e+14 67.225452
935 6.073957e+14 67.422131
936 6.074457e+14 64.294532
937 6.074958e+14 75.503082
938 6.075458e+14 72.575053
939 6.075959e+14 61.802670
940 6.076459e+14 82.155430
941 6.076960e+14 57.456111
942 6.077460e+14 57.042065
943 6.077961e+14 55.763463
944 6.078461e+14 68.631373
945 6.078962e+14 67.415949
946 6.079462e+14 69.434946
947 6.079963e+14 75.904931
948 6.080463e+14 64.517653
949 6.080964e+14 66.570521
950 6.081464e+14 60.716889
951 6.081965e+14 73.841725
952 6.082465e+14 59.807498
953 6.082966e+14 68.628918
954 6.083466e+14 51.073386
955 6.083967e+14 77.672768
956 6.084467e+14 63.179635
957 6.084968e+14 63.962427
958 6.085468e+14 59.925268
959 6.085969e+14 61.085864
960 6.086469e+14 62.583467
961 6.086970e+14 70.580596
962 6.087470e+14 64.663228
963 6.087971e+14 67.023609
964 6.088471e+14 69.642435
965 6.088972e+14 72.344943
966 6.089472e+14 63.006609
967 6.089973e+14 61.176532
968 6.090473e+14 70.947959
969 6.090974e+14 64.861170
970 6.091474e+14 71.330193
971 6.091975e+14 68.611604
972 6.092475e+14 77.619436
973 6.092976e+14 53.499100
974 6.093476e+14 65.143802
975 6.093977e+14 62.658175
976 6.094477e+14 69.894070
977 6.094978e+14 67.588799
978 6.095478e+14 62.679768
979 6.095979e+14 61.449354
980 6.096479e+14 63.005835
981 6.096980e+14 66.857063
982 6.097480e+14 61.317602
983 6.097981e+14 60.278905
984 6.098481e+14 56.305743
985 6.098982e+14 71.017320
986 6.099482e+14 58.327399
987 6.099983e+14 67.206619
988 6.100483e+14 71.316898
989 6.100984e+14 71.089614
990 6.101484e+14 64.296988
991 6.101985e+14 76.864242
992 6.102485e+14 69.749842
993 6.102986e+14 62.545127
994 6.103486e+14 59.682122
995 6.103987e+14 69.937321
996 6.104487e+14 71.912060
997 6.104988e+14 59.839433
998 6.105488e+14 62.973923
999 6.105989e+14 62.181305
