# Date: 19/07/01, Author: E.Hubble
# First column is index, second column is frequency (Hz), third column is spectra (A.U.)
0 5.642111e+14 139.527662
1 5.642611e+14 136.962685
2 5.643112e+14 129.835762
3 5.643612e+14 131.685383
4 5.644113e+14 130.752214
5 5.644613e+14 135.703727
6 5.645114e+14 135.920324
7 5.645614e+14 136.636530
8 5.646115e+14 132.854954
9 5.646615e+14 142.090215
10 5.647116e+14 132.938764
11 5.647616e+14 127.668194
12 5.648117e+14 126.815644
13 5.648617e+14 147.399915
14 5.649118e+14 139.660607
15 5.649618e+14 125.717775
16 5.650119e+14 137.002874
17 5.650619e+14 132.138095
18 5.651120e+14 132.507667
19 5.651620e+14 140.837370
20 5.652121e+14 134.086037
21 5.652621e+14 128.880473
22 5.653122e+14 132.970744
23 5.653622e+14 133.866038
24 5.654123e+14 132.473217
25 5.654623e+14 129.420764
26 5.655124e+14 140.132696
27 5.655624e+14 141.784912
28 5.656125e+14 149.108359
29 5.656625e+14 131.626803
30 5.657126e+14 137.125080
31 5.657626e+14 117.943369
32 5.658127e+14 133.232088
33 5.658627e+14 135.989781
34 5.659128e+14 133.609641
35 5.659628e+14 142.861908
36 5.660129e+14 134.561100
37 5.660629e+14 150.795392
38 5.661130e+14 133.409224
39 5.661630e+14 134.326887
40 5.662131e+14 131.031411
41 5.662631e+14 137.745345
42 5.663132e+14 128.646128
43 5.663632e+14 133.929226
44 5.664133e+14 139.140155
45 5.664633e+14 133.082154
46 5.665134e+14 126.307765
47 5.665634e+14 135.783854
48 5.666135e+14 138.123590
49 5.666635e+14 125.410339
50 5.667136e+14 126.710865
51 5.667636e+14 131.463923
52 5.668137e+14 145.154902
53 5.668637e+14 126.376431
54 5.669138e+14 123.927981
55 5.669638e+14 130.548636
56 5.670139e+14 133.410916
57 5.670639e+14 140.429562
58 5.671140e+14 133.738683
59 5.671640e+14 136.887936
60 5.672141e+14 137.924066
61 5.672641e+14 141.182131
62 5.673142e+14 141.310738
63 5.673642e+14 139.498126
64 5.674143e+14 134.623075
65 5.674643e+14 137.106191
66 5.675144e+14 140.234870
67 5.675644e+14 141.744291
68 5.676145e+14 136.157731
69 5.676645e+14 129.126826
70 5.677146e+14 131.819440
71 5.677646e+14 143.412732
72 5.678147e+14 147.224262
73 5.678647e+14 141.118035
74 5.679148e+14 130.090224
75 5.679648e+14 127.142836
76 5.680149e+14 139.072682
77 5.680649e+14 139.341619
78 5.681150e+14 138.906005
79 5.681650e+14 139.187526
80 5.682151e+14 138.277491
81 5.682651e+14 140.215902
82 5.683152e+14 134.414974
83 5.683652e+14 139.142306
84 5.684153e+14 129.762239
85 5.684653e+14 135.171815
86 5.685154e+14 133.037126
87 5.685654e+14 141.269135
88 5.686155e+14 136.916193
89 5.686655e+14 143.451507
90 5.687156e+14 146.006546
91 5.687656e+14 137.993855
92 5.688157e+14 135.420162
93 5.688657e+14 143.966028
94 5.689158e+14 135.006492
95 5.689658e+14 132.835297
96 5.690159e+14 137.459705
97 5.690659e+14 135.950941
98 5.691160e+14 131.712483
99 5.691660e+14 146.861625
100 5.692161e+14 150.116428
101 5.692661e+14 138.406332
102 5.693162e+14 140.721032
103 5.693662e+14 150.073613
104 5.694163e+14 148.335327
105 5.694663e+14 141.336610
106 5.695164e+14 143.134193
107 5.695664e+14 140.408002
108 5.696165e+14 135.801554
109 5.696665e+14 145.502220
110 5.697166e+14 144.615783
111 5.697666e+14 143.696800
112 5.698167e+14 132.649522
113 5.698667e+14 147.140679
114 5.699168e+14 134.934326
115 5.699668e+14 139.653581
116 5.700169e+14 137.315271
117 5.700669e+14 135.867108
118 5.701170e+14 154.773558
119 5.701670e+14 136.822997
120 5.702171e+14 142.172145
121 5.702671e+14 138.366557
122 5.703172e+14 140.758677
123 5.703672e+14 145.947861
124 5.704173e+14 130.826585
125 5.704673e+14 151.470341
126 5.705174e+14 129.514040
127 5.705674e+14 144.792481
128 5.706175e+14 141.780861
129 5.706675e+14 140.069235
130 5.707176e+14 151.614029
131 5.707676e+14 142.689664
132 5.708177e+14 151.773157
133 5.708677e+14 142.528269
134 5.709178e+14 139.063286
135 5.709678e+14 146.162890
136 5.710179e+14 143.286056
137 5.710679e+14 135.097493
138 5.711180e+14 142.811472
139 5.711680e+14 154.264405
140 5.712181e+14 147.745980
141 5.712681e+14 142.230117
142 5.713182e+14 142.517510
143 5.713682e+14 144.559984
144 5.714183e+14 139.168993
145 5.714683e+14 134.625196
146 5.715184e+14 144.392024
147 5.715684e+14 143.753219
148 5.716185e+14 154.573493
149 5.716685e+14 141.568605
150 5.717186e+14 136.641769
151 5.717686e+14 148.037418
152 5.718187e+14 144.779798
153 5.718687e+14 145.099358
154 5.719188e+14 152.161422
155 5.719688e+14 151.527437
156 5.720189e+14 141.399845
157 5.720689e+14 151.850213
158 5.721190e+14 152.627883
159 5.721690e+14 144.272938
160 5.722191e+14 143.800315
161 5.722691e+14 140.441812
162 5.723192e+14 158.900980
163 5.723692e+14 146.875385
164 5.724193e+14 143.876380
165 5.724693e+14 143.987150
166 5.725194e+14 131.633659
167 5.725694e+14 149.502791
168 5.726195e+14 140.603136
169 5.726695e+14 145.608085
170 5.727196e+14 156.736386
171 5.727696e+14 140.881088
172 5.728197e+14 144.170166
173 5.728697e+14 145.606652
174 5.729198e+14 151.504065
175 5.729698e+14 147.271515
176 5.730199e+14 156.242503
177 5.730699e+14 148.819930
178 5.731200e+14 157.847218
179 5.731700e+14 143.613170
180 5.732201e+14 144.902184
181 5.732701e+14 147.762305
182 5.733202e+14 139.602451
183 5.733702e+14 151.255417
184 5.734203e+14 153.767503
185 5.734703e+14 155.938665
186 5.735204e+14 131.592947
187 5.735704e+14 146.482042
188 5.736205e+14 150.393712
189 5.736705e+14 148.722446
190 5.737206e+14 150.958053
191 5.737706e+14 155.629749
192 5.738207e+14 161.188181
193 5.738707e+14 143.696429
194 5.739208e+14 155.218245
195 5.739708e+14 140.725679
196 5.740209e+14 149.298568
197 5.740709e+14 146.388330
198 5.741210e+14 150.248215
199 5.741710e+14 153.924855
200 5.742211e+14 153.618021
201 5.742711e+14 147.513839
202 5.743212e+14 151.077030
203 5.743712e+14 152.313844
204 5.744213e+14 155.358983
205 5.744713e+14 144.349382
206 5.745214e+14 146.160025
207 5.745714e+14 140.097107
208 5.746215e+14 150.603820
209 5.746715e+14 152.841069
210 5.747216e+14 153.937059
211 5.747716e+14 158.786588
212 5.748217e+14 152.808867
213 5.748717e+14 145.074832
214 5.749218e+14 149.624464
215 5.749718e+14 152.199968
216 5.750219e+14 156.443636
217 5.750719e+14 149.574979
218 5.751220e+14 148.657981
219 5.751720e+14 146.877644
220 5.752221e+14 149.126235
221 5.752721e+14 146.037293
222 5.753222e+14 146.010235
223 5.753722e+14 150.517203
224 5.754223e+14 146.652239
225 5.754723e+14 142.209177
226 5.755224e+14 155.760073
227 5.755724e+14 155.200897
228 5.756225e+14 143.862281
229 5.756725e+14 149.903442
230 5.757226e+14 153.354585
231 5.757726e+14 149.623880
232 5.758227e+14 140.644747
233 5.758727e+14 145.757798
234 5.759228e+14 142.365174
235 5.759728e+14 141.397686
236 5.760229e+14 150.981647
237 5.760729e+14 145.767796
238 5.761230e+14 146.688452
239 5.761730e+14 145.660935
240 5.762231e+14 153.193405
241 5.762731e+14 143.604803
242 5.763232e+14 154.085549
243 5.763732e+14 142.208548
244 5.764233e+14 151.093057
245 5.764733e+14 157.760963
246 5.765234e+14 150.318429
247 5.765734e+14 158.727787
248 5.766235e+14 149.411177
249 5.766735e+14 154.854367
250 5.767236e+14 154.680573
251 5.767736e+14 151.825138
252 5.768237e+14 151.412235
253 5.768737e+14 139.449287
254 5.769238e+14 152.258655
255 5.769738e+14 149.366347
256 5.770239e+14 144.026846
257 5.770739e+14 158.092765
258 5.771240e+14 157.723145
259 5.771740e+14 153.000602
260 5.772241e+14 152.868357
261 5.772741e+14 151.746840
262 5.773242e+14 143.202609
263 5.773742e+14 150.484675
264 5.774243e+14 144.923754
265 5.774743e+14 143.752475
266 5.775244e+14 147.223626
267 5.775744e+14 138.564401
268 5.776245e+14 149.837455
269 5.776745e+14 149.035445
270 5.777246e+14 144.227700
271 5.777746e+14 160.208339
272 5.778247e+14 151.649679
273 5.778747e+14 143.651512
274 5.779248e+14 145.683414
275 5.779748e+14 156.982684
276 5.780249e+14 139.172704
277 5.780749e+14 155.655927
278 5.781250e+14 147.562883
279 5.781750e+14 159.345740
280 5.782251e+14 146.180569
281 5.782751e+14 149.480207
282 5.783252e+14 149.303187
283 5.783752e+14 155.870311
284 5.784253e+14 148.114051
285 5.784753e+14 155.014145
286 5.785254e+14 157.741118
287 5.785754e+14 148.439311
288 5.786255e+14 152.496411
289 5.786755e+14 155.561342
290 5.787256e+14 144.202791
291 5.787756e+14 147.951433
292 5.788257e+14 139.026500
293 5.788757e+14 155.174959
294 5.789258e+14 150.596788
295 5.789758e+14 146.420719
296 5.790259e+14 146.727314
297 5.790759e+14 140.657704
298 5.791260e+14 148.593633
299 5.791760e+14 136.395801
300 5.792261e+14 151.227335
301 5.792761e+14 145.795089
302 5.793262e+14 147.677634
303 5.793762e+14 148.964782
304 5.794263e+14 144.503405
305 5.794763e+14 151.364085
306 5.795264e+14 151.637123
307 5.795764e+14 156.483034
308 5.796265e+14 147.579447
309 5.796765e+14 146.858023
310 5.797266e+14 149.519721
311 5.797766e+14 140.740357
312 5.798267e+14 135.301630
313 5.798767e+14 149.420975
314 5.799268e+14 156.336599
315 5.799768e+14 146.748272
316 5.800269e+14 139.262332
317 5.800769e+14 156.079673
318 5.801270e+14 141.207764
319 5.801770e+14 144.639566
320 5.802271e+14 143.460937
321 5.802771e+14 158.704190
322 5.803272e+14 133.875302
323 5.803772e+14 151.863680
324 5.804273e+14 141.058803
325 5.804773e+14 158.847353
326 5.805274e+14 155.068434
327 5.805774e+14 143.583735
328 5.806275e+14 149.525181
329 5.806775e+14 144.764329
330 5.807276e+14 151.145212
331 5.807776e+14 143.515118
332 5.808277e+14 154.407900
333 5.808777e+14 151.240511
334 5.809278e+14 143.365334
335 5.809778e+14 144.038381
336 5.810279e+14 139.871678
337 5.810779e+14 144.520280
338 5.811280e+14 146.652154
339 5.811780e+14 155.499267
340 5.812281e+14 149.344630
341 5.812781e+14 138.485314
342 5.813282e+14 145.794923
343 5.813782e+14 139.690153
344 5.814283e+14 151.127255
345 5.814783e+14 148.570527
346 5.815284e+14 134.178105
347 5.815784e+14 158.406552
348 5.816285e+14 151.021044
349 5.816785e+14 142.532410
350 5.817286e+14 146.340469
351 5.817786e+14 151.912627
352 5.818287e+14 150.865126
353 5.818788e+14 147.968027
354 5.819288e+14 145.450322
355 5.819789e+14 142.993262
356 5.820289e+14 149.122661
357 5.820790e+14 142.518427
358 5.821290e+14 153.940933
359 5.821791e+14 139.536909
360 5.822291e+14 136.337858
361 5.822792e+14 140.540996
362 5.823292e+14 134.581507
363 5.823793e+14 130.531265
364 5.824293e+14 137.726342
365 5.824794e+14 147.488887
366 5.825294e+14 145.567688
367 5.825795e+14 139.247976
368 5.826295e+14 141.461639
369 5.826796e+14 137.498698
370 5.827296e+14 142.938717
371 5.827797e+14 137.497706
372 5.828297e+14 146.808025
373 5.828798e+14 150.891221
374 5.829298e+14 140.112323
375 5.829799e+14 146.311686
376 5.830299e+14 154.425940
377 5.830800e+14 141.812116
378 5.831300e+14 140.420417
379 5.831801e+14 144.712559
380 5.832301e+14 148.315126
381 5.832802e+14 140.153486
382 5.833302e+14 145.980588
383 5.833803e+14 136.973137
384 5.834303e+14 144.828350
385 5.834804e+14 137.637174
386 5.835304e+14 154.292927
387 5.835805e+14 133.048460
388 5.836305e+14 146.507434
389 5.836806e+14 157.084732
390 5.837306e+14 134.638164
391 5.837807e+14 139.110884
392 5.838307e+14 140.210502
393 5.838808e+14 146.591202
394 5.839308e+14 145.029811
395 5.839809e+14 142.588587
396 5.840309e+14 141.682128
397 5.840810e+14 135.619046
398 5.841310e+14 136.329447
399 5.841811e+14 135.039016
400 5.842311e+14 143.426372
401 5.842812e+14 152.637944
402 5.843312e+14 151.704107
403 5.843813e+14 130.928164
404 5.844313e+14 143.230467
405 5.844814e+14 139.749275
406 5.845314e+14 133.010667
407 5.845815e+14 141.771703
408 5.846315e+14 148.106302
409 5.846816e+14 142.694241
410 5.847316e+14 137.253315
411 5.847817e+14 137.625235
412 5.848317e+14 147.954980
413 5.848818e+14 149.407043
414 5.849318e+14 138.075989
415 5.849819e+14 133.701045
416 5.850319e+14 144.371970
417 5.850820e+14 140.946545
418 5.851320e+14 145.562220
419 5.851821e+14 139.755795
420 5.852321e+14 131.244009
421 5.852822e+14 121.367990
422 5.853322e+14 140.707479
423 5.853823e+14 139.879256
424 5.854323e+14 133.307012
425 5.854824e+14 141.111045
426 5.855324e+14 139.692782
427 5.855825e+14 133.361594
428 5.856325e+14 139.485045
429 5.856826e+14 144.401637
430 5.857326e+14 133.359227
431 5.857827e+14 141.865003
432 5.858327e+14 141.319891
433 5.858828e+14 148.398768
434 5.859328e+14 139.236350
435 5.859829e+14 127.414446
436 5.860329e+14 145.428656
437 5.860830e+14 141.489047
438 5.861330e+14 139.130767
439 5.861831e+14 125.792362
440 5.862331e+14 140.776415
441 5.862832e+14 139.037838
442 5.863332e+14 150.825405
443 5.863833e+14 141.283123
444 5.864333e+14 136.772119
445 5.864834e+14 137.965151
446 5.865334e+14 140.812657
447 5.865835e+14 135.019113
448 5.866335e+14 135.401519
449 5.866836e+14 137.217684
450 5.867336e+14 145.155426
451 5.867837e+14 139.583818
452 5.868337e+14 132.753509
453 5.868838e+14 141.148432
454 5.869338e+14 137.237741
455 5.869839e+14 124.456721
456 5.870339e+14 135.019688
457 5.870840e+14 134.544377
458 5.871340e+14 134.161780
459 5.871841e+14 135.771888
460 5.872341e+14 137.333816
461 5.872842e+14 133.294323
462 5.873342e+14 130.060892
463 5.873843e+14 136.276279
464 5.874343e+14 145.893125
465 5.874844e+14 139.634652
466 5.875344e+14 137.973261
467 5.875845e+14 134.894556
468 5.876345e+14 132.831121
469 5.876846e+14 130.688812
470 5.877346e+14 142.785938
471 5.877847e+14 136.860513
472 5.878347e+14 136.419166
473 5.878848e+14 133.003927
474 5.879348e+14 133.547453
475 5.879849e+14 135.852249
476 5.880349e+14 136.796822
477 5.880850e+14 132.195518
478 5.881350e+14 139.217667
479 5.881851e+14 139.592003
480 5.882351e+14 132.543357
481 5.882852e+14 140.343713
482 5.883352e+14 133.547850
483 5.883853e+14 136.038276
484 5.884353e+14 136.174741
485 5.884854e+14 138.613435
486 5.885354e+14 127.585134
487 5.885855e+14 138.870135
488 5.886355e+14 145.940204
489 5.886856e+14 132.651005
490 5.887356e+14 140.007976
491 5.887857e+14 147.261937
492 5.888357e+14 135.635268
493 5.888858e+14 140.377090
494 5.889358e+14 137.383771
495 5.889859e+14 143.758135
496 5.890359e+14 135.493161
497 5.890860e+14 142.227868
498 5.891360e+14 136.973353
499 5.891861e+14 141.977647
500 5.892361e+14 139.552390
501 5.892862e+14 131.346805
502 5.893362e+14 135.287908
503 5.893863e+14 126.317843
504 5.894363e+14 133.719790
505 5.894864e+14 141.042192
506 5.895364e+14 141.981413
507 5.895865e+14 132.169538
508 5.896365e+14 136.732300
509 5.896866e+14 132.382993
510 5.897366e+14 132.361885
511 5.897867e+14 129.356064
512 5.898367e+14 126.799245
513 5.898868e+14 143.597693
514 5.899368e+14 141.873942
515 5.899869e+14 135.555127
516 5.900369e+14 143.060233
517 5.900870e+14 137.899169
518 5.901370e+14 134.531228
519 5.901871e+14 136.657996
520 5.902371e+14 130.914181
521 5.902872e+14 138.285119
522 5.903372e+14 137.477189
523 5.903873e+14 132.881043
524 5.904373e+14 143.221589
525 5.904874e+14 138.009608
526 5.905374e+14 138.915937
527 5.905875e+14 144.753200
528 5.906375e+14 133.783241
529 5.906876e+14 134.658066
530 5.907376e+14 140.296704
531 5.907877e+14 154.748407
532 5.908377e+14 133.210013
533 5.908878e+14 135.369045
534 5.909378e+14 135.884806
535 5.909879e+14 141.062440
536 5.910379e+14 142.603568
537 5.910880e+14 136.492788
538 5.911380e+14 131.157360
539 5.911881e+14 129.253363
540 5.912381e+14 130.838550
541 5.912882e+14 139.647240
542 5.913382e+14 131.066362
543 5.913883e+14 143.155767
544 5.914383e+14 136.643282
545 5.914884e+14 133.108019
546 5.915384e+14 143.655902
547 5.915885e+14 141.349941
548 5.916385e+14 136.789405
549 5.916886e+14 139.354691
550 5.917386e+14 130.599881
551 5.917887e+14 138.327234
552 5.918387e+14 136.166825
553 5.918888e+14 131.118650
554 5.919388e+14 127.326370
555 5.919889e+14 133.692304
556 5.920389e+14 134.807807
557 5.920890e+14 140.397137
558 5.921390e+14 134.378554
559 5.921891e+14 129.302464
560 5.922391e+14 127.280514
561 5.922892e+14 132.470044
562 5.923392e+14 138.423876
563 5.923893e+14 140.199940
564 5.924393e+14 128.834066
565 5.924894e+14 136.512030
566 5.925394e+14 130.723202
567 5.925895e+14 147.982403
568 5.926395e+14 129.118979
569 5.926896e+14 136.224770
570 5.927396e+14 142.412662
571 5.927897e+14 136.298210
572 5.928397e+14 136.343410
573 5.928898e+14 128.056749
574 5.929398e+14 138.039622
575 5.929899e+14 130.391862
576 5.930399e+14 143.192300
577 5.930900e+14 142.482754
578 5.931400e+14 125.487506
579 5.931901e+14 129.780412
580 5.932401e+14 134.786321
581 5.932902e+14 137.899173
582 5.933402e+14 128.228104
583 5.933903e+14 131.135351
584 5.934403e+14 147.678481
585 5.934904e+14 130.711196
586 5.935404e+14 141.080333
587 5.935905e+14 132.512827
588 5.936405e+14 128.509847
589 5.936906e+14 130.919681
590 5.937406e+14 134.856664
591 5.937907e+14 135.129338
592 5.938407e+14 145.052386
593 5.938908e+14 131.880488
594 5.939408e+14 137.920837
595 5.939909e+14 139.048814
596 5.940409e+14 130.938367
597 5.940910e+14 143.178187
598 5.941410e+14 144.639679
599 5.941911e+14 123.466176
600 5.942411e+14 137.873562
601 5.942912e+14 144.179251
602 5.943412e+14 135.507559
603 5.943913e+14 140.412698
604 5.944413e+14 132.187627
605 5.944914e+14 128.287197
606 5.945414e+14 127.893807
607 5.945915e+14 145.888494
608 5.946415e+14 130.210435
609 5.946916e+14 128.262544
610 5.947416e+14 129.184545
611 5.947917e+14 144.933478
612 5.948417e+14 131.514000
613 5.948918e+14 137.703272
614 5.949418e+14 127.123283
615 5.949919e+14 140.319918
616 5.950419e+14 132.313968
617 5.950920e+14 143.995272
618 5.951420e+14 141.093949
619 5.951921e+14 131.891683
620 5.952421e+14 141.546976
621 5.952922e+14 137.127018
622 5.953422e+14 143.735793
623 5.953923e+14 130.365073
624 5.954423e+14 145.091296
625 5.954924e+14 132.578237
626 5.955424e+14 134.451184
627 5.955925e+14 129.618437
628 5.956425e+14 138.562734
629 5.956926e+14 128.472210
630 5.957426e+14 146.451256
631 5.957927e+14 121.777163
632 5.958427e+14 128.331542
633 5.958928e+14 133.796072
634 5.959428e+14 131.815799
635 5.959929e+14 135.109443
636 5.960429e+14 126.309892
637 5.960930e+14 131.385092
638 5.961430e+14 127.454931
639 5.961931e+14 143.814927
640 5.962431e+14 139.525410
641 5.962932e+14 138.100776
642 5.963432e+14 138.160617
643 5.963933e+14 132.864783
644 5.964433e+14 131.493608
645 5.964934e+14 127.698152
646 5.965434e+14 139.087318
647 5.965935e+14 137.676942
648 5.966435e+14 135.441133
649 5.966936e+14 127.037651
650 5.967436e+14 130.797774
651 5.967937e+14 134.312876
652 5.968437e+14 139.321313
653 5.968938e+14 143.166030
654 5.969438e+14 142.095728
655 5.969939e+14 137.737070
656 5.970439e+14 138.082053
657 5.970940e+14 127.567085
658 5.971440e+14 140.188349
659 5.971941e+14 143.854638
660 5.972441e+14 141.687691
661 5.972942e+14 128.372572
662 5.973442e+14 139.539297
663 5.973943e+14 132.446686
664 5.974443e+14 139.503854
665 5.974944e+14 140.468158
666 5.975444e+14 134.767016
667 5.975945e+14 128.720835
668 5.976445e+14 135.843807
669 5.976946e+14 125.717584
670 5.977446e+14 133.504473
671 5.977947e+14 126.516810
672 5.978447e+14 140.744526
673 5.978948e+14 136.743782
674 5.979448e+14 145.816927
675 5.979949e+14 139.388565
676 5.980449e+14 139.504797
677 5.980950e+14 134.593609
678 5.981450e+14 137.802297
679 5.981951e+14 130.238436
680 5.982451e+14 135.717324
681 5.982952e+14 127.864602
682 5.983452e+14 131.666117
683 5.983953e+14 143.062086
684 5.984453e+14 138.141991
685 5.984954e+14 144.557632
686 5.985454e+14 134.532705
687 5.985955e+14 142.489381
688 5.986455e+14 134.504640
689 5.986956e+14 133.539668
690 5.987456e+14 135.820268
691 5.987957e+14 132.954211
692 5.988457e+14 137.049162
693 5.988958e+14 136.396962
694 5.989458e+14 133.054399
695 5.989959e+14 127.339615
696 5.990459e+14 145.348301
697 5.990960e+14 132.553564
698 5.991460e+14 138.437134
699 5.991961e+14 144.271783
700 5.992461e+14 137.370684
701 5.992962e+14 130.589829
702 5.993462e+14 142.894592
703 5.993963e+14 138.170181
704 5.994463e+14 141.239027
705 5.994964e+14 142.192395
706 5.995464e+14 137.942781
707 5.995965e+14 134.785466
708 5.996465e+14 129.434899
709 5.996966e+14 134.950903
710 5.997466e+14 139.331800
711 5.997967e+14 135.842584
712 5.998467e+14 125.079614
713 5.998968e+14 134.563036
714 5.999468e+14 146.674236
715 5.999969e+14 137.795582
716 6.000469e+14 145.499873
717 6.000970e+14 141.218001
718 6.001470e+14 129.177331
719 6.001971e+14 140.420155
720 6.002471e+14 145.235943
721 6.002972e+14 134.480919
722 6.003472e+14 133.550198
723 6.003973e+14 131.822946
724 6.004473e+14 137.247502
725 6.004974e+14 141.338715
726 6.005474e+14 129.856155
727 6.005975e+14 132.600683
728 6.006475e+14 139.762248
729 6.006976e+14 131.423791
730 6.007476e+14 148.947492
731 6.007977e+14 143.885306
732 6.008477e+14 141.461786
733 6.008978e+14 143.213169
734 6.009478e+14 134.519393
735 6.009979e+14 131.025624
736 6.010479e+14 137.410349
737 6.010980e+14 127.671649
738 6.011480e+14 128.439948
739 6.011981e+14 135.908093
740 6.012481e+14 129.536641
741 6.012982e+14 143.577232
742 6.013482e+14 135.755371
743 6.013983e+14 135.471638
744 6.014483e+14 141.037010
745 6.014984e+14 140.241168
746 6.015484e+14 130.301187
747 6.015985e+14 134.997363
748 6.016485e+14 145.432009
749 6.016986e+14 142.745929
750 6.017486e+14 134.511859
751 6.017987e+14 147.886457
752 6.018487e+14 131.552509
753 6.018988e+14 142.742591
754 6.019488e+14 127.628622
755 6.019989e+14 130.562074
756 6.020489e+14 136.214624
757 6.020990e+14 131.701655
758 6.021490e+14 131.920158
759 6.021991e+14 138.956736
760 6.022491e+14 137.101579
761 6.022992e+14 138.116511
762 6.023492e+14 137.993969
763 6.023993e+14 142.433519
764 6.024493e+14 136.057324
765 6.024994e+14 133.880355
766 6.025494e+14 144.440470
767 6.025995e+14 140.640548
768 6.026495e+14 128.746759
769 6.026996e+14 144.704167
770 6.027496e+14 140.068633
771 6.027997e+14 150.378042
772 6.028497e+14 126.393796
773 6.028998e+14 133.426063
774 6.029498e+14 137.226482
775 6.029999e+14 130.222429
776 6.030499e+14 130.181745
777 6.031000e+14 144.208110
778 6.031500e+14 136.374806
779 6.032001e+14 133.798601
780 6.032501e+14 144.216259
781 6.033002e+14 147.174422
782 6.033502e+14 128.029236
783 6.034003e+14 140.178414
784 6.034503e+14 134.611676
785 6.035004e+14 147.771699
786 6.035504e+14 138.432797
787 6.036005e+14 136.936634
788 6.036505e+14 142.618854
789 6.037006e+14 146.871833
790 6.037506e+14 139.248085
791 6.038007e+14 134.540764
792 6.038507e+14 135.616714
793 6.039008e+14 145.961610
794 6.039508e+14 142.415128
795 6.040009e+14 140.448630
796 6.040509e+14 135.182223
797 6.041010e+14 132.216009
798 6.041510e+14 149.135365
799 6.042011e+14 125.663637
800 6.042511e+14 136.027281
801 6.043012e+14 139.288238
802 6.043512e+14 143.225486
803 6.044013e+14 133.845220
804 6.044513e+14 137.892898
805 6.045014e+14 143.824103
806 6.045514e+14 138.482182
807 6.046015e+14 147.762109
808 6.046515e+14 141.640777
809 6.047016e+14 134.579785
810 6.047516e+14 144.718306
811 6.048017e+14 138.066490
812 6.048517e+14 146.426308
813 6.049018e+14 141.143394
814 6.049518e+14 151.562600
815 6.050019e+14 145.575938
816 6.050519e+14 145.252189
817 6.051020e+14 142.037959
818 6.051520e+14 139.245770
819 6.052021e+14 135.939935
820 6.052521e+14 145.863071
821 6.053022e+14 136.125905
822 6.053522e+14 133.282131
823 6.054023e+14 136.762455
824 6.054523e+14 145.356820
825 6.055024e+14 133.667524
826 6.055524e+14 141.693645
827 6.056025e+14 143.134167
828 6.056525e+14 128.399740
829 6.057026e+14 152.053220
830 6.057526e+14 139.399050
831 6.058027e+14 139.331210
832 6.058527e+14 144.765544
833 6.059028e+14 136.884674
834 6.059528e+14 140.089339
835 6.060029e+14 138.861492
836 6.060529e+14 142.355526
837 6.061030e+14 151.563606
838 6.061530e+14 150.365887
839 6.062031e+14 137.622740
840 6.062531e+14 136.438899
841 6.063032e+14 141.960026
842 6.063532e+14 127.775111
843 6.064033e+14 148.014764
844 6.064533e+14 137.795820
845 6.065034e+14 140.810239
846 6.065534e+14 141.498229
847 6.066035e+14 128.221814
848 6.066535e+14 138.841609
849 6.067036e+14 141.134981
850 6.067536e+14 149.953141
851 6.068037e+14 131.795666
852 6.068537e+14 133.113352
853 6.069038e+14 143.874075
854 6.069538e+14 139.918037
855 6.070039e+14 151.890965
856 6.070539e+14 139.770209
857 6.071040e+14 142.614451
858 6.071540e+14 147.594851
859 6.072041e+14 134.943561
860 6.072541e+14 145.202591
861 6.073042e+14 138.821724
862 6.073542e+14 132.538473
863 6.074043e+14 142.880199
864 6.074543e+14 146.391892
865 6.075044e+14 147.296405
866 6.075544e+14 135.313453
867 6.076045e+14 142.250662
868 6.076545e+14 137.386199
869 6.077046e+14 138.427064
870 6.077546e+14 133.310248
871 6.078047e+14 132.227372
872 6.078547e+14 136.655215
873 6.079048e+14 136.818004
874 6.079548e+14 134.715656
875 6.080049e+14 143.240247
876 6.080549e+14 152.854273
877 6.081050e+14 129.993983
878 6.081550e+14 130.439295
879 6.082051e+14 133.042188
880 6.082551e+14 141.133649
881 6.083052e+14 150.668940
882 6.083552e+14 144.413417
883 6.084053e+14 139.917260
884 6.084553e+14 144.786193
885 6.085054e+14 139.757876
886 6.085554e+14 144.620559
887 6.086055e+14 138.134392
888 6.086555e+14 144.208698
889 6.087056e+14 132.747501
890 6.087556e+14 144.431506
891 6.088057e+14 127.449707
892 6.088557e+14 133.274032
893 6.089058e+14 126.245270
894 6.089558e+14 135.228346
895 6.090059e+14 139.268503
896 6.090559e+14 151.293176
897 6.091060e+14 119.545443
898 6.091560e+14 142.747226
899 6.092061e+14 147.426127
900 6.092561e+14 150.096740
901 6.093062e+14 136.023677
902 6.093562e+14 131.736413
903 6.094063e+14 133.823277
904 6.094563e+14 145.491284
905 6.095064e+14 141.741354
906 6.095564e+14 139.374898
907 6.096065e+14 145.227074
908 6.096565e+14 131.201739
909 6.097066e+14 135.910114
910 6.097566e+14 140.406329
911 6.098067e+14 145.117324
912 6.098567e+14 146.741471
913 6.099068e+14 136.368526
914 6.099568e+14 138.061958
915 6.100069e+14 133.854009
916 6.100569e+14 127.383256
917 6.101070e+14 131.238429
918 6.101570e+14 136.860010
919 6.102071e+14 135.449215
920 6.102571e+14 132.892442
921 6.103072e+14 146.776887
922 6.103572e+14 139.341760
923 6.104073e+14 132.380073
924 6.104573e+14 142.830623
925 6.105074e+14 133.876001
926 6.105574e+14 135.103894
927 6.106075e+14 151.063141
928 6.106575e+14 150.781499
929 6.107076e+14 136.730146
930 6.107576e+14 142.542338
931 6.108077e+14 132.884793
932 6.108577e+14 142.713002
933 6.109078e+14 142.331418
934 6.109578e+14 130.920624
935 6.110079e+14 136.782165
936 6.110579e+14 132.173962
937 6.111080e+14 143.477489
938 6.111580e+14 141.780328
939 6.112081e+14 136.191507
940 6.112581e+14 149.333751
941 6.113082e+14 146.444298
942 6.113582e+14 140.875970
943 6.114083e+14 145.890839
944 6.114583e+14 150.828284
945 6.115084e+14 135.911464
946 6.115584e+14 139.404003
947 6.116085e+14 137.766988
948 6.116585e+14 134.519618
949 6.117086e+14 137.179605
950 6.117586e+14 132.485799
951 6.118087e+14 142.171953
952 6.118587e+14 140.338623
953 6.119088e+14 130.988260
954 6.119588e+14 137.792259
955 6.120089e+14 142.340721
956 6.120589e+14 133.527584
957 6.121090e+14 155.212880
958 6.121590e+14 139.357425
959 6.122091e+14 137.541615
960 6.122591e+14 141.014212
961 6.123092e+14 149.376887
962 6.123592e+14 130.770509
963 6.124093e+14 136.152134
964 6.124593e+14 148.912917
965 6.125094e+14 143.136367
966 6.125594e+14 149.363406
967 6.126095e+14 138.146214
968 6.126595e+14 136.975675
969 6.127096e+14 139.136201
970 6.127596e+14 138.512162
971 6.128097e+14 143.880414
972 6.128597e+14 144.446220
973 6.129098e+14 134.180548
974 6.129598e+14 144.713005
975 6.130099e+14 144.601078
976 6.130599e+14 129.643844
977 6.131100e+14 143.438972
978 6.131600e+14 133.989877
979 6.132101e+14 152.396610
980 6.132601e+14 136.770651
981 6.133102e+14 142.459666
982 6.133602e+14 132.887771
983 6.134103e+14 141.044195
984 6.134603e+14 133.602095
985 6.135104e+14 144.605243
986 6.135604e+14 139.564222
987 6.136105e+14 139.133371
988 6.136605e+14 136.385901
989 6.137106e+14 144.472428
990 6.137606e+14 142.467168
991 6.138107e+14 136.610205
992 6.138607e+14 128.523716
993 6.139108e+14 145.764150
994 6.139608e+14 138.127951
995 6.140109e+14 146.790439
996 6.140609e+14 144.043217
997 6.141110e+14 140.109361
998 6.141610e+14 145.016534
999 6.142111e+14 135.382629
