# Date: 19/07/01, Author: E.Hubble
# First column is index, second column is frequency (Hz), third column is spectra (A.U.)
0 5.579692e+14 140.256158
1 5.580193e+14 129.843274
2 5.580693e+14 118.786136
3 5.581194e+14 136.893666
4 5.581694e+14 128.320656
5 5.582195e+14 134.751764
6 5.582695e+14 139.438981
7 5.583196e+14 128.610862
8 5.583696e+14 132.440460
9 5.584197e+14 134.294699
10 5.584697e+14 131.776382
11 5.585198e+14 140.014802
12 5.585698e+14 146.974205
13 5.586199e+14 140.409372
14 5.586699e+14 140.310476
15 5.587200e+14 130.128770
16 5.587700e+14 138.957400
17 5.588201e+14 134.857885
18 5.588701e+14 139.965833
19 5.589202e+14 136.616321
20 5.589702e+14 141.078063
21 5.590203e+14 142.011478
22 5.590703e+14 140.443716
23 5.591204e+14 139.260562
24 5.591704e+14 142.074737
25 5.592205e+14 123.503687
26 5.592705e+14 132.677230
27 5.593206e+14 131.270003
28 5.593706e+14 131.156732
29 5.594207e+14 134.912536
30 5.594707e+14 129.275654
31 5.595208e+14 139.189340
32 5.595708e+14 136.007939
33 5.596209e+14 129.777935
34 5.596709e+14 139.315030
35 5.597210e+14 133.016592
36 5.597710e+14 139.777725
37 5.598211e+14 130.152197
38 5.598711e+14 135.928149
39 5.599212e+14 130.299145
40 5.599712e+14 142.117443
41 5.600213e+14 140.843725
42 5.600713e+14 146.758423
43 5.601214e+14 130.089325
44 5.601714e+14 135.088191
45 5.602215e+14 135.031253
46 5.602715e+14 140.909475
47 5.603216e+14 132.513237
48 5.603716e+14 140.439064
49 5.604217e+14 132.614718
50 5.604717e+14 132.441815
51 5.605218e+14 136.405065
52 5.605718e+14 130.231450
53 5.606219e+14 135.063023
54 5.606719e+14 137.974373
55 5.607220e+14 133.401051
56 5.607720e+14 134.229756
57 5.608221e+14 140.180675
58 5.608721e+14 142.862565
59 5.609222e+14 138.080202
60 5.609722e+14 137.497200
61 5.610223e+14 130.537947
62 5.610723e+14 146.517478
63 5.611224e+14 147.012041
64 5.611724e+14 145.200712
65 5.612225e+14 131.931959
66 5.612725e+14 142.433252
67 5.613226e+14 142.568980
68 5.613726e+14 132.030859
69 5.614227e+14 136.303318
70 5.614727e+14 141.703373
71 5.615228e+14 142.926178
72 5.615728e+14 130.504175
73 5.616229e+14 144.172713
74 5.616729e+14 140.397692
75 5.617230e+14 139.908236
76 5.617730e+14 133.289811
77 5.618231e+14 134.854620
78 5.618731e+14 121.389648
79 5.619232e+14 143.193458
80 5.619732e+14 143.150431
81 5.620233e+14 141.755915
82 5.620733e+14 131.146681
83 5.621234e+14 146.239994
84 5.621734e+14 138.832165
85 5.622235e+14 144.047049
86 5.622735e+14 143.294283
87 5.623236e+14 134.959376
88 5.623736e+14 137.881930
89 5.624237e+14 136.123452
90 5.624737e+14 139.254727
91 5.625238e+14 136.669794
92 5.625738e+14 139.988682
93 5.626239e+14 142.279815
94 5.626739e+14 138.349105
95 5.627240e+14 149.482032
96 5.627740e+14 137.812113
97 5.628241e+14 142.838005
98 5.628741e+14 144.840047
99 5.629242e+14 142.525524
100 5.629742e+14 137.790980
101 5.630243e+14 140.992944
102 5.630743e+14 130.091354
103 5.631244e+14 133.995378
104 5.631744e+14 139.668217
105 5.632245e+14 143.676757
106 5.632745e+14 136.584783
107 5.633246e+14 146.474661
108 5.633746e+14 144.222626
109 5.634247e+14 148.075836
110 5.634747e+14 137.900738
111 5.635248e+14 143.786176
112 5.635748e+14 142.531257
113 5.636249e+14 136.256417
114 5.636749e+14 137.541624
115 5.637250e+14 138.310659
116 5.637750e+14 146.953573
117 5.638251e+14 145.563190
118 5.638751e+14 128.684213
119 5.639252e+14 148.686827
120 5.639752e+14 149.325326
121 5.640253e+14 141.229571
122 5.640753e+14 140.687622
123 5.641254e+14 140.387174
124 5.641754e+14 142.665162
125 5.642255e+14 143.705516
126 5.642755e+14 144.363647
127 5.643256e+14 136.414450
128 5.643756e+14 146.509175
129 5.644257e+14 128.365571
130 5.644757e+14 144.388953
131 5.645258e+14 139.922355
132 5.645758e+14 125.277365
133 5.646259e+14 141.323638
134 5.646759e+14 136.755208
135 5.647260e+14 144.004480
136 5.647760e+14 132.555193
137 5.648261e+14 139.858622
138 5.648761e+14 142.915498
139 5.649262e+14 137.916469
140 5.649762e+14 136.283536
141 5.650263e+14 138.035274
142 5.650763e+14 145.580107
143 5.651264e+14 142.245120
144 5.651764e+14 147.551306
145 5.652265e+14 133.414883
146 5.652765e+14 132.734073
147 5.653266e+14 138.132847
148 5.653766e+14 142.452421
149 5.654267e+14 137.560690
150 5.654767e+14 140.944281
151 5.655268e+14 140.945765
152 5.655768e+14 139.570404
153 5.656269e+14 148.112188
154 5.656769e+14 132.870349
155 5.657270e+14 148.486011
156 5.657770e+14 132.463912
157 5.658271e+14 152.997285
158 5.658771e+14 145.003653
159 5.659272e+14 146.276686
160 5.659772e+14 145.924389
161 5.660273e+14 148.369331
162 5.660773e+14 140.412472
163 5.661274e+14 146.293822
164 5.661774e+14 137.759017
165 5.662275e+14 139.492196
166 5.662775e+14 138.715099
167 5.663276e+14 145.289787
168 5.663776e+14 137.509085
169 5.664277e+14 138.592560
170 5.664777e+14 145.142926
171 5.665278e+14 139.790234
172 5.665778e+14 134.697390
173 5.666279e+14 137.570754
174 5.666779e+14 137.155393
175 5.667280e+14 147.278273
176 5.667780e+14 139.057157
177 5.668281e+14 140.770561
178 5.668781e+14 146.026273
179 5.669282e+14 142.388589
180 5.669782e+14 136.411875
181 5.670283e+14 143.109382
182 5.670783e+14 149.065557
183 5.671284e+14 145.611108
184 5.671784e+14 151.621789
185 5.672285e+14 123.154947
186 5.672785e+14 141.904334
187 5.673286e+14 142.785359
188 5.673786e+14 147.434394
189 5.674287e+14 137.747073
190 5.674787e+14 145.367299
191 5.675288e+14 150.404742
192 5.675788e+14 146.214380
193 5.676289e+14 146.451093
194 5.676789e+14 154.185185
195 5.677290e+14 146.700342
196 5.677790e+14 152.863158
197 5.678291e+14 137.897088
198 5.678791e+14 140.159617
199 5.679292e+14 140.768217
200 5.679792e+14 146.073691
201 5.680293e+14 137.488176
202 5.680793e+14 145.648984
203 5.681294e+14 133.957090
204 5.681794e+14 131.747080
205 5.682295e+14 144.346396
206 5.682795e+14 139.085671
207 5.683296e+14 144.681307
208 5.683796e+14 153.085694
209 5.684297e+14 147.663572
210 5.684797e+14 144.137861
211 5.685298e+14 150.719411
212 5.685798e+14 140.344113
213 5.686299e+14 146.356024
214 5.686799e+14 142.355175
215 5.687300e+14 143.539797
216 5.687800e+14 146.183265
217 5.688301e+14 141.507032
218 5.688801e+14 139.359103
219 5.689302e+14 141.154465
220 5.689802e+14 145.551394
221 5.690303e+14 135.233198
222 5.690803e+14 153.486438
223 5.691304e+14 139.241016
224 5.691804e+14 146.266256
225 5.692305e+14 149.564010
226 5.692805e+14 142.105194
227 5.693306e+14 146.513325
228 5.693806e+14 148.310941
229 5.694307e+14 150.211185
230 5.694807e+14 150.383906
231 5.695308e+14 135.685467
232 5.695808e+14 142.514936
233 5.696309e+14 138.656188
234 5.696809e+14 153.725390
235 5.697310e+14 143.753018
236 5.697810e+14 150.738413
237 5.698311e+14 138.069917
238 5.698811e+14 149.406723
239 5.699312e+14 140.417733
240 5.699812e+14 156.861930
241 5.700313e+14 146.815081
242 5.700813e+14 143.071523
243 5.701314e+14 149.082882
244 5.701814e+14 136.319101
245 5.702315e+14 140.380507
246 5.702815e+14 132.455226
247 5.703316e+14 149.755207
248 5.703816e+14 144.862705
249 5.704317e+14 143.624486
250 5.704817e+14 149.611972
251 5.705318e+14 160.637130
252 5.705818e+14 139.638085
253 5.706319e+14 137.493394
254 5.706819e+14 146.972040
255 5.707320e+14 151.393800
256 5.707820e+14 133.501594
257 5.708321e+14 146.344122
258 5.708821e+14 140.728172
259 5.709322e+14 142.101622
260 5.709822e+14 145.990890
261 5.710323e+14 142.252214
262 5.710823e+14 155.739140
263 5.711324e+14 139.330124
264 5.711824e+14 143.778250
265 5.712325e+14 151.761255
266 5.712825e+14 130.458629
267 5.713326e+14 146.331479
268 5.713826e+14 151.709994
269 5.714327e+14 133.218557
270 5.714827e+14 133.900418
271 5.715328e+14 136.060349
272 5.715828e+14 140.010407
273 5.716329e+14 145.069080
274 5.716829e+14 141.742303
275 5.717330e+14 145.346815
276 5.717830e+14 140.749100
277 5.718331e+14 142.963146
278 5.718831e+14 154.333891
279 5.719332e+14 140.467690
280 5.719832e+14 146.572492
281 5.720333e+14 151.638844
282 5.720833e+14 150.774386
283 5.721334e+14 140.481510
284 5.721834e+14 139.346520
285 5.722335e+14 145.121876
286 5.722835e+14 145.000006
287 5.723336e+14 143.009321
288 5.723836e+14 134.671580
289 5.724337e+14 148.429178
290 5.724837e+14 137.027976
291 5.725338e+14 151.194412
292 5.725838e+14 135.861104
293 5.726339e+14 153.084014
294 5.726839e+14 136.369246
295 5.727340e+14 154.897171
296 5.727840e+14 143.529897
297 5.728341e+14 148.458688
298 5.728841e+14 148.532769
299 5.729342e+14 153.063658
300 5.729842e+14 138.808134
301 5.730343e+14 149.106555
302 5.730843e+14 151.293825
303 5.731344e+14 152.687327
304 5.731844e+14 140.281469
305 5.732345e+14 142.188853
306 5.732845e+14 145.221386
307 5.733346e+14 137.931040
308 5.733846e+14 149.084997
309 5.734347e+14 152.532279
310 5.734847e+14 146.200106
311 5.735348e+14 158.713961
312 5.735848e+14 150.223797
313 5.736349e+14 145.766125
314 5.736849e+14 137.899518
315 5.737350e+14 147.297925
316 5.737850e+14 150.601801
317 5.738351e+14 148.360856
318 5.738851e+14 147.792283
319 5.739352e+14 156.079929
320 5.739852e+14 155.194896
321 5.740353e+14 142.735390
322 5.740853e+14 141.096590
323 5.741354e+14 137.048431
324 5.741854e+14 149.192055
325 5.742355e+14 146.076080
326 5.742855e+14 144.207693
327 5.743356e+14 155.493151
328 5.743856e+14 148.947925
329 5.744357e+14 136.929386
330 5.744857e+14 155.208838
331 5.745358e+14 145.548308
332 5.745858e+14 145.864876
333 5.746359e+14 150.863024
334 5.746859e+14 151.536851
335 5.747360e+14 142.746849
336 5.747860e+14 144.756412
337 5.748361e+14 145.696949
338 5.748861e+14 155.421420
339 5.749362e+14 146.005860
340 5.749862e+14 156.320530
341 5.750363e+14 157.276529
342 5.750863e+14 140.750475
343 5.751364e+14 149.206640
344 5.751864e+14 143.613815
345 5.752365e+14 149.157853
346 5.752865e+14 155.832692
347 5.753366e+14 149.500938
348 5.753866e+14 156.905514
349 5.754367e+14 151.579508
350 5.754867e+14 149.642250
351 5.755368e+14 152.420998
352 5.755868e+14 141.694469
353 5.756369e+14 148.907820
354 5.756869e+14 148.160977
355 5.757370e+14 144.258996
356 5.757870e+14 159.589741
357 5.758371e+14 146.319854
358 5.758871e+14 152.880142
359 5.759372e+14 154.941010
360 5.759872e+14 152.306413
361 5.760373e+14 155.001327
362 5.760873e+14 149.668484
363 5.761374e+14 149.411150
364 5.761874e+14 148.410899
365 5.762375e+14 154.326390
366 5.762875e+14 146.129581
367 5.763376e+14 140.076097
368 5.763876e+14 144.569625
369 5.764377e+14 152.072076
370 5.764877e+14 147.493590
371 5.765378e+14 144.991670
372 5.765878e+14 153.259492
373 5.766379e+14 148.730917
374 5.766879e+14 150.636809
375 5.767380e+14 150.279962
376 5.767880e+14 145.582651
377 5.768381e+14 143.085312
378 5.768881e+14 157.971341
379 5.769382e+14 148.767908
380 5.769882e+14 147.927088
381 5.770383e+14 153.520516
382 5.770883e+14 152.668925
383 5.771384e+14 147.449428
384 5.771884e+14 142.149143
385 5.772385e+14 148.563115
386 5.772885e+14 153.134257
387 5.773386e+14 157.890662
388 5.773886e+14 156.403058
389 5.774387e+14 143.255158
390 5.774887e+14 159.262705
391 5.775388e+14 161.052817
392 5.775888e+14 143.145192
393 5.776389e+14 157.491118
394 5.776889e+14 146.702085
395 5.777390e+14 147.452705
396 5.777890e+14 150.260177
397 5.778391e+14 151.476751
398 5.778891e+14 146.518872
399 5.779392e+14 157.324342
400 5.779892e+14 149.151290
401 5.780393e+14 156.507574
402 5.780893e+14 144.900454
403 5.781394e+14 144.700269
404 5.781894e+14 139.479022
405 5.782395e+14 142.033787
406 5.782895e+14 151.996560
407 5.783396e+14 151.364834
408 5.783896e+14 155.209925
409 5.784397e+14 147.185080
410 5.784897e+14 143.664839
411 5.785398e+14 160.200707
412 5.785898e+14 156.161494
413 5.786399e+14 162.835452
414 5.786899e+14 159.385711
415 5.787400e+14 147.125600
416 5.787900e+14 142.989494
417 5.788401e+14 153.295025
418 5.788901e+14 154.088870
419 5.789402e+14 152.135522
420 5.789902e+14 148.198183
421 5.790403e+14 152.055641
422 5.790903e+14 162.088460
423 5.791404e+14 146.019887
424 5.791904e+14 138.270852
425 5.792405e+14 158.384004
426 5.792905e+14 151.594237
427 5.793406e+14 156.972307
428 5.793906e+14 146.067163
429 5.794407e+14 143.555787
430 5.794907e+14 144.733875
431 5.795408e+14 161.322387
432 5.795908e+14 163.436875
433 5.796409e+14 149.725344
434 5.796909e+14 136.857404
435 5.797410e+14 151.693621
436 5.797910e+14 147.997145
437 5.798411e+14 153.697777
438 5.798911e+14 154.168389
439 5.799412e+14 163.669514
440 5.799912e+14 152.335683
441 5.800413e+14 156.749709
442 5.800913e+14 145.517081
443 5.801414e+14 150.924126
444 5.801914e+14 150.143324
445 5.802415e+14 154.188906
446 5.802915e+14 152.588650
447 5.803416e+14 147.908648
448 5.803916e+14 154.945319
449 5.804417e+14 151.158746
450 5.804917e+14 164.515018
451 5.805418e+14 157.583675
452 5.805918e+14 146.426518
453 5.806419e+14 157.284169
454 5.806919e+14 154.926078
455 5.807420e+14 148.200592
456 5.807920e+14 154.667285
457 5.808421e+14 150.094531
458 5.808921e+14 149.134812
459 5.809422e+14 148.223482
460 5.809922e+14 144.201706
461 5.810423e+14 150.478437
462 5.810923e+14 161.572850
463 5.811424e+14 151.458139
464 5.811924e+14 154.183799
465 5.812425e+14 154.412062
466 5.812925e+14 146.884764
467 5.813426e+14 146.601965
468 5.813926e+14 151.834001
469 5.814427e+14 160.156259
470 5.814927e+14 154.219962
471 5.815428e+14 146.365654
472 5.815928e+14 156.125112
473 5.816429e+14 158.417133
474 5.816929e+14 148.262622
475 5.817430e+14 156.842798
476 5.817930e+14 142.900823
477 5.818431e+14 149.683949
478 5.818931e+14 151.306081
479 5.819432e+14 149.650454
480 5.819932e+14 148.556537
481 5.820433e+14 137.815735
482 5.820933e+14 148.036438
483 5.821434e+14 157.417826
484 5.821934e+14 151.388679
485 5.822435e+14 153.294351
486 5.822935e+14 156.652928
487 5.823436e+14 146.286153
488 5.823936e+14 161.463149
489 5.824437e+14 157.414802
490 5.824937e+14 148.922372
491 5.825438e+14 154.990933
492 5.825938e+14 155.416797
493 5.826439e+14 150.131216
494 5.826939e+14 155.690473
495 5.827440e+14 159.136707
496 5.827940e+14 160.931350
497 5.828441e+14 152.330339
498 5.828941e+14 156.996609
499 5.829442e+14 161.245479
500 5.829942e+14 159.186161
501 5.830443e+14 160.037760
502 5.830943e+14 155.107862
503 5.831444e+14 143.668248
504 5.831944e+14 150.230254
505 5.832445e+14 143.399679
506 5.832945e+14 155.380146
507 5.833446e+14 144.402114
508 5.833946e+14 154.284300
509 5.834447e+14 154.557524
510 5.834947e+14 160.644081
511 5.835448e+14 138.715970
512 5.835948e+14 157.465835
513 5.836449e+14 156.638366
514 5.836949e+14 152.325239
515 5.837450e+14 154.090849
516 5.837950e+14 160.030898
517 5.838451e+14 150.121574
518 5.838951e+14 150.637640
519 5.839452e+14 167.915001
520 5.839952e+14 151.385024
521 5.840453e+14 151.214472
522 5.840953e+14 155.719967
523 5.841454e+14 164.784334
524 5.841954e+14 152.091249
525 5.842455e+14 160.369567
526 5.842955e+14 154.739225
527 5.843456e+14 160.271446
528 5.843956e+14 151.319574
529 5.844457e+14 159.125383
530 5.844957e+14 163.026130
531 5.845458e+14 170.545072
532 5.845958e+14 157.890814
533 5.846459e+14 144.775920
534 5.846959e+14 155.973369
535 5.847460e+14 160.427442
536 5.847960e+14 147.612630
537 5.848461e+14 158.694763
538 5.848961e+14 158.617970
539 5.849462e+14 152.114269
540 5.849962e+14 165.226846
541 5.850463e+14 149.755272
542 5.850963e+14 151.527554
543 5.851464e+14 159.090631
544 5.851964e+14 171.630099
545 5.852465e+14 159.742161
546 5.852965e+14 165.050880
547 5.853466e+14 156.452105
548 5.853966e+14 159.510716
549 5.854467e+14 147.545156
550 5.854967e+14 160.526948
551 5.855468e+14 169.145951
552 5.855968e+14 157.146012
553 5.856469e+14 148.657710
554 5.856969e+14 147.225273
555 5.857470e+14 153.145768
556 5.857970e+14 148.833696
557 5.858471e+14 143.309725
558 5.858971e+14 157.121374
559 5.859472e+14 153.578249
560 5.859972e+14 163.474616
561 5.860473e+14 150.487684
562 5.860973e+14 154.392567
563 5.861474e+14 158.574069
564 5.861974e+14 159.111671
565 5.862475e+14 160.846173
566 5.862975e+14 154.220962
567 5.863476e+14 160.404817
568 5.863976e+14 158.050957
569 5.864477e+14 158.853302
570 5.864977e+14 156.354774
571 5.865478e+14 157.293914
572 5.865978e+14 153.288059
573 5.866479e+14 159.866163
574 5.866979e+14 155.390133
575 5.867480e+14 148.910192
576 5.867980e+14 159.668030
577 5.868481e+14 151.011357
578 5.868981e+14 162.862458
579 5.869482e+14 162.104745
580 5.869982e+14 152.251897
581 5.870483e+14 161.890223
582 5.870983e+14 162.816491
583 5.871484e+14 155.859299
584 5.871984e+14 160.746090
585 5.872485e+14 159.495684
586 5.872985e+14 149.577864
587 5.873486e+14 163.870104
588 5.873986e+14 160.996305
589 5.874487e+14 152.939343
590 5.874987e+14 152.774319
591 5.875488e+14 153.562015
592 5.875988e+14 151.330375
593 5.876489e+14 168.570469
594 5.876989e+14 157.564281
595 5.877490e+14 141.027936
596 5.877990e+14 159.986313
597 5.878491e+14 161.787337
598 5.878991e+14 160.273158
599 5.879492e+14 163.089987
600 5.879992e+14 163.165280
601 5.880493e+14 157.162032
602 5.880993e+14 160.737351
603 5.881494e+14 156.018845
604 5.881994e+14 162.882245
605 5.882495e+14 159.788895
606 5.882995e+14 158.907071
607 5.883496e+14 153.192197
608 5.883996e+14 156.366292
609 5.884497e+14 165.330387
610 5.884997e+14 162.919938
611 5.885498e+14 160.715521
612 5.885998e+14 164.521233
613 5.886499e+14 146.286234
614 5.886999e+14 167.316010
615 5.887500e+14 165.765405
616 5.888000e+14 171.866094
617 5.888501e+14 171.598037
618 5.889001e+14 156.724897
619 5.889502e+14 155.095533
620 5.890002e+14 161.614390
621 5.890503e+14 154.953403
622 5.891003e+14 160.513182
623 5.891504e+14 159.567127
624 5.892004e+14 151.825870
625 5.892505e+14 164.940198
626 5.893005e+14 167.507370
627 5.893506e+14 164.153638
628 5.894006e+14 161.476991
629 5.894507e+14 165.299758
630 5.895007e+14 165.654528
631 5.895508e+14 157.250089
632 5.896008e+14 151.337807
633 5.896509e+14 161.716536
634 5.897009e+14 152.682888
635 5.897510e+14 157.835182
636 5.898010e+14 161.858330
637 5.898511e+14 166.498059
638 5.899011e+14 159.552821
639 5.899512e+14 172.714116
640 5.900012e+14 165.429868
641 5.900513e+14 160.885009
642 5.901013e+14 170.406865
643 5.901514e+14 166.771037
644 5.902014e+14 155.714091
645 5.902515e+14 152.383103
646 5.903015e+14 163.298863
647 5.903516e+14 168.822886
648 5.904016e+14 175.144100
649 5.904517e+14 163.340923
650 5.905017e+14 167.171788
651 5.905518e+14 165.758498
652 5.906018e+14 167.125803
653 5.906519e+14 164.523566
654 5.907019e+14 164.369751
655 5.907520e+14 154.873309
656 5.908020e+14 162.150438
657 5.908521e+14 157.431115
658 5.909021e+14 168.025300
659 5.909522e+14 165.995438
660 5.910022e+14 160.827899
661 5.910523e+14 173.754417
662 5.911023e+14 174.684826
663 5.911524e+14 165.183848
664 5.912024e+14 171.393761
665 5.912525e+14 156.211103
666 5.913025e+14 158.169848
667 5.913526e+14 174.186679
668 5.914026e+14 169.854182
669 5.914527e+14 172.792635
670 5.915027e+14 173.003694
671 5.915528e+14 165.038199
672 5.916028e+14 165.871098
673 5.916529e+14 161.570547
674 5.917029e+14 168.552291
675 5.917530e+14 176.473645
676 5.918030e+14 168.520929
677 5.918531e+14 163.482758
678 5.919031e+14 177.202648
679 5.919532e+14 170.852158
680 5.920032e+14 166.525476
681 5.920533e+14 171.834818
682 5.921033e+14 168.370755
683 5.921534e+14 167.812352
684 5.922034e+14 173.775558
685 5.922535e+14 172.129757
686 5.923035e+14 163.224035
687 5.923536e+14 163.207523
688 5.924036e+14 177.831178
689 5.924537e+14 169.519949
690 5.925037e+14 172.194179
691 5.925538e+14 170.288609
692 5.926038e+14 168.712762
693 5.926539e+14 175.204244
694 5.927040e+14 170.035061
695 5.927540e+14 168.299221
696 5.928041e+14 172.632905
697 5.928541e+14 176.024708
698 5.929042e+14 178.303576
699 5.929542e+14 175.423807
700 5.930043e+14 176.826276
701 5.930543e+14 159.437591
702 5.931044e+14 160.117445
703 5.931544e+14 168.348459
704 5.932045e+14 163.942744
705 5.932545e+14 159.645754
706 5.933046e+14 175.961556
707 5.933546e+14 176.147617
708 5.934047e+14 181.328885
709 5.934547e+14 163.659487
710 5.935048e+14 174.995411
711 5.935548e+14 172.244891
712 5.936049e+14 165.609159
713 5.936549e+14 173.453049
714 5.937050e+14 173.376077
715 5.937550e+14 177.071206
716 5.938051e+14 176.720315
717 5.938551e+14 172.368801
718 5.939052e+14 175.212540
719 5.939552e+14 179.258947
720 5.940053e+14 184.113808
721 5.940553e+14 187.401742
722 5.941054e+14 179.385368
723 5.941554e+14 166.296444
724 5.942055e+14 178.901431
725 5.942555e+14 183.773958
726 5.943056e+14 174.383080
727 5.943556e+14 180.048104
728 5.944057e+14 170.100371
729 5.944557e+14 186.801377
730 5.945058e+14 175.442921
731 5.945558e+14 171.382900
732 5.946059e+14 182.512095
733 5.946559e+14 185.647200
734 5.947060e+14 181.071606
735 5.947560e+14 180.045001
736 5.948061e+14 181.570944
737 5.948561e+14 181.065795
738 5.949062e+14 177.347877
739 5.949562e+14 177.808951
740 5.950063e+14 175.896047
741 5.950563e+14 181.165876
742 5.951064e+14 182.268166
743 5.951564e+14 172.844053
744 5.952065e+14 179.711775
745 5.952565e+14 185.469636
746 5.953066e+14 178.013757
747 5.953566e+14 180.590684
748 5.954067e+14 187.668560
749 5.954567e+14 190.118935
750 5.955068e+14 177.390384
751 5.955568e+14 178.916701
752 5.956069e+14 174.345881
753 5.956569e+14 197.436206
754 5.957070e+14 173.637671
755 5.957570e+14 177.789134
756 5.958071e+14 191.903781
757 5.958571e+14 174.477109
758 5.959072e+14 180.616244
759 5.959572e+14 184.127073
760 5.960073e+14 173.053710
761 5.960573e+14 192.387944
762 5.961074e+14 184.469611
763 5.961574e+14 190.661929
764 5.962075e+14 187.774301
765 5.962575e+14 183.753175
766 5.963076e+14 180.761163
767 5.963576e+14 177.011300
768 5.964077e+14 178.648186
769 5.964577e+14 188.826769
770 5.965078e+14 183.322557
771 5.965578e+14 175.189163
772 5.966079e+14 190.218316
773 5.966579e+14 194.853898
774 5.967080e+14 190.538634
775 5.967580e+14 186.404016
776 5.968081e+14 181.785127
777 5.968581e+14 183.204822
778 5.969082e+14 184.794283
779 5.969582e+14 186.670596
780 5.970083e+14 173.574660
781 5.970583e+14 190.290620
782 5.971084e+14 186.868764
783 5.971584e+14 187.379750
784 5.972085e+14 187.341372
785 5.972585e+14 188.045711
786 5.973086e+14 189.427900
787 5.973586e+14 192.014890
788 5.974087e+14 195.320022
789 5.974587e+14 184.747533
790 5.975088e+14 190.325996
791 5.975588e+14 186.818952
792 5.976089e+14 181.233748
793 5.976589e+14 188.050640
794 5.977090e+14 185.327877
795 5.977590e+14 191.842139
796 5.978091e+14 180.315756
797 5.978591e+14 180.243081
798 5.979092e+14 176.020254
799 5.979592e+14 191.229545
800 5.980093e+14 189.566430
801 5.980593e+14 184.912424
802 5.981094e+14 196.445512
803 5.981594e+14 177.793377
804 5.982095e+14 186.451025
805 5.982595e+14 188.857643
806 5.983096e+14 186.603744
807 5.983596e+14 195.462457
808 5.984097e+14 201.304838
809 5.984597e+14 193.335541
810 5.985098e+14 175.704580
811 5.985598e+14 185.024176
812 5.986099e+14 191.193868
813 5.986599e+14 192.162663
814 5.987100e+14 188.510184
815 5.987600e+14 187.957090
816 5.988101e+14 185.747819
817 5.988601e+14 188.568100
818 5.989102e+14 197.939077
819 5.989602e+14 187.551539
820 5.990103e+14 183.378891
821 5.990603e+14 186.355890
822 5.991104e+14 180.978874
823 5.991604e+14 183.149433
824 5.992105e+14 187.317859
825 5.992605e+14 188.152116
826 5.993106e+14 196.271900
827 5.993606e+14 186.628039
828 5.994107e+14 189.893873
829 5.994607e+14 185.156493
830 5.995108e+14 176.321714
831 5.995608e+14 188.891964
832 5.996109e+14 184.802667
833 5.996609e+14 200.615650
834 5.997110e+14 188.232667
835 5.997610e+14 185.058473
836 5.998111e+14 187.573274
837 5.998611e+14 188.749177
838 5.999112e+14 187.286906
839 5.999612e+14 193.017837
840 6.000113e+14 189.516260
841 6.000613e+14 192.434267
842 6.001114e+14 189.522028
843 6.001614e+14 186.524176
844 6.002115e+14 193.346309
845 6.002615e+14 180.174196
846 6.003116e+14 188.235422
847 6.003616e+14 185.149649
848 6.004117e+14 185.695500
849 6.004617e+14 190.989907
850 6.005118e+14 189.584162
851 6.005618e+14 205.551652
852 6.006119e+14 183.033288
853 6.006619e+14 192.042476
854 6.007120e+14 183.066428
855 6.007620e+14 184.028715
856 6.008121e+14 187.135682
857 6.008621e+14 190.797140
858 6.009122e+14 190.148104
859 6.009622e+14 182.355539
860 6.010123e+14 197.213098
861 6.010623e+14 190.917188
862 6.011124e+14 192.428252
863 6.011624e+14 185.017539
864 6.012125e+14 192.404471
865 6.012625e+14 188.722984
866 6.013126e+14 197.137556
867 6.013626e+14 186.692771
868 6.014127e+14 196.224732
869 6.014627e+14 187.367544
870 6.015128e+14 183.440482
871 6.015628e+14 192.485006
872 6.016129e+14 188.283150
873 6.016629e+14 191.734654
874 6.017130e+14 184.166008
875 6.017630e+14 180.613012
876 6.018131e+14 181.863542
877 6.018631e+14 198.978715
878 6.019132e+14 190.113532
879 6.019632e+14 191.168001
880 6.020133e+14 188.965097
881 6.020633e+14 185.254137
882 6.021134e+14 193.753342
883 6.021634e+14 193.064098
884 6.022135e+14 189.221221
885 6.022635e+14 197.760924
886 6.023136e+14 196.416316
887 6.023636e+14 187.511291
888 6.024137e+14 190.801704
889 6.024637e+14 190.736887
890 6.025138e+14 185.720195
891 6.025638e+14 201.117266
892 6.026139e+14 188.725552
893 6.026639e+14 178.545806
894 6.027140e+14 187.826629
895 6.027640e+14 177.301559
896 6.028141e+14 183.080054
897 6.028641e+14 182.591362
898 6.029142e+14 186.810740
899 6.029642e+14 183.933510
900 6.030143e+14 188.069714
901 6.030643e+14 179.029524
902 6.031144e+14 186.929832
903 6.031644e+14 183.530237
904 6.032145e+14 183.043361
905 6.032645e+14 178.779647
906 6.033146e+14 185.553051
907 6.033646e+14 181.116727
908 6.034147e+14 184.491088
909 6.034647e+14 183.433500
910 6.035148e+14 190.755588
911 6.035648e+14 176.448417
912 6.036149e+14 184.067335
913 6.036649e+14 184.731372
914 6.037150e+14 180.571491
915 6.037650e+14 191.098774
916 6.038151e+14 178.542394
917 6.038651e+14 181.569018
918 6.039152e+14 187.482382
919 6.039652e+14 190.091933
920 6.040153e+14 180.189231
921 6.040653e+14 189.306669
922 6.041154e+14 174.833992
923 6.041654e+14 177.490791
924 6.042155e+14 177.811414
925 6.042655e+14 187.192468
926 6.043156e+14 177.641332
927 6.043656e+14 188.652862
928 6.044157e+14 182.593629
929 6.044657e+14 185.094308
930 6.045158e+14 169.534049
931 6.045658e+14 182.579693
932 6.046159e+14 190.802834
933 6.046659e+14 180.498114
934 6.047160e+14 180.056405
935 6.047660e+14 182.055630
936 6.048161e+14 180.161655
937 6.048661e+14 182.048063
938 6.049162e+14 178.971396
939 6.049662e+14 190.426451
940 6.050163e+14 168.542500
941 6.050663e+14 179.169168
942 6.051164e+14 169.774808
943 6.051664e+14 173.035658
944 6.052165e+14 182.729338
945 6.052665e+14 184.913279
946 6.053166e+14 185.296320
947 6.053666e+14 171.826335
948 6.054167e+14 182.456712
949 6.054667e+14 173.313966
950 6.055168e+14 180.608146
951 6.055668e+14 181.934512
952 6.056169e+14 180.116084
953 6.056669e+14 177.323585
954 6.057170e+14 186.364449
955 6.057670e+14 182.785372
956 6.058171e+14 181.435309
957 6.058671e+14 172.898956
958 6.059172e+14 171.814280
959 6.059672e+14 176.865673
960 6.060173e+14 183.863470
961 6.060673e+14 173.833731
962 6.061174e+14 187.434269
963 6.061674e+14 173.550756
964 6.062175e+14 181.355993
965 6.062675e+14 182.702230
966 6.063176e+14 192.332972
967 6.063676e+14 183.012287
968 6.064177e+14 181.947367
969 6.064677e+14 168.778262
970 6.065178e+14 187.806096
971 6.065678e+14 184.632692
972 6.066179e+14 178.565228
973 6.066679e+14 170.032550
974 6.067180e+14 191.285915
975 6.067680e+14 175.600809
976 6.068181e+14 186.231240
977 6.068681e+14 173.769306
978 6.069182e+14 192.699515
979 6.069682e+14 171.817193
980 6.070183e+14 168.572489
981 6.070683e+14 171.446200
982 6.071184e+14 183.051652
983 6.071684e+14 169.177741
984 6.072185e+14 169.689947
985 6.072685e+14 177.111562
986 6.073186e+14 183.337125
987 6.073686e+14 176.941251
988 6.074187e+14 168.824131
989 6.074687e+14 175.719907
990 6.075188e+14 190.027732
991 6.075688e+14 182.905809
992 6.076189e+14 178.370898
993 6.076689e+14 167.858706
994 6.077190e+14 177.295974
995 6.077690e+14 176.189623
996 6.078191e+14 176.650038
997 6.078691e+14 167.996359
998 6.079192e+14 175.436930
999 6.079692e+14 186.877193
