# Date: 19/07/01, Author: E.Hubble
# First column is index, second column is frequency (Hz), third column is spectra (A.U.)
0 5.728848e+14 104.356164
1 5.729348e+14 125.085682
2 5.729849e+14 105.254863
3 5.730349e+14 100.043978
4 5.730850e+14 107.567325
5 5.731350e+14 114.088315
6 5.731851e+14 112.810203
7 5.732351e+14 119.488430
8 5.732852e+14 107.799558
9 5.733352e+14 115.949478
10 5.733853e+14 116.176909
11 5.734353e+14 113.517769
12 5.734854e+14 108.708217
13 5.735354e+14 100.889037
14 5.735855e+14 122.602143
15 5.736355e+14 120.710616
16 5.736856e+14 106.906309
17 5.737356e+14 109.356311
18 5.737857e+14 118.023422
19 5.738357e+14 117.592871
20 5.738858e+14 106.970981
21 5.739358e+14 109.004028
22 5.739859e+14 112.302340
23 5.740359e+14 107.960999
24 5.740860e+14 99.398712
25 5.741360e+14 112.259642
26 5.741861e+14 103.823730
27 5.742361e+14 103.048534
28 5.742862e+14 110.254654
29 5.743362e+14 114.246339
30 5.743863e+14 110.550476
31 5.744363e+14 113.783424
32 5.744864e+14 105.237178
33 5.745364e+14 111.962538
34 5.745865e+14 105.975088
35 5.746365e+14 116.481437
36 5.746866e+14 95.720253
37 5.747366e+14 111.171102
38 5.747867e+14 109.216011
39 5.748367e+14 110.888041
40 5.748868e+14 110.044653
41 5.749368e+14 103.314969
42 5.749869e+14 96.802070
43 5.750369e+14 102.504216
44 5.750870e+14 111.518664
45 5.751370e+14 106.932680
46 5.751871e+14 120.936446
47 5.752371e+14 108.732755
48 5.752872e+14 117.025942
49 5.753372e+14 114.485120
50 5.753873e+14 102.220237
51 5.754373e+14 105.078453
52 5.754874e+14 112.205580
53 5.755374e+14 105.368777
54 5.755875e+14 106.130190
55 5.756375e+14 123.230445
56 5.756876e+14 93.169157
57 5.757376e+14 112.930670
58 5.757877e+14 111.024849
59 5.758377e+14 107.220739
60 5.758878e+14 106.793581
61 5.759378e+14 115.081103
62 5.759879e+14 112.045243
63 5.760379e+14 108.153263
64 5.760880e+14 118.470494
65 5.761380e+14 108.488910
66 5.761881e+14 102.192130
67 5.762381e+14 108.177316
68 5.762882e+14 106.103863
69 5.763382e+14 117.295006
70 5.763883e+14 103.146557
71 5.764383e+14 106.824482
72 5.764884e+14 111.281528
73 5.765384e+14 102.810648
74 5.765885e+14 107.729269
75 5.766385e+14 112.652256
76 5.766886e+14 107.018740
77 5.767386e+14 112.708210
78 5.767887e+14 101.700448
79 5.768387e+14 106.864127
80 5.768888e+14 113.000093
81 5.769388e+14 111.161119
82 5.769889e+14 100.995208
83 5.770389e+14 108.036502
84 5.770890e+14 110.625676
85 5.771390e+14 108.987278
86 5.771891e+14 108.362846
87 5.772391e+14 117.184775
88 5.772892e+14 113.432711
89 5.773392e+14 100.072962
90 5.773893e+14 103.577377
91 5.774393e+14 109.835018
92 5.774894e+14 101.003126
93 5.775394e+14 89.971841
94 5.775895e+14 124.617515
95 5.776395e+14 104.637856
96 5.776896e+14 109.312057
97 5.777396e+14 104.187429
98 5.777897e+14 105.563420
99 5.778397e+14 116.659441
100 5.778898e+14 99.911824
101 5.779398e+14 112.281473
102 5.779899e+14 113.914924
103 5.780399e+14 116.961078
104 5.780900e+14 116.894306
105 5.781400e+14 110.806960
106 5.781901e+14 102.573836
107 5.782401e+14 118.844194
108 5.782902e+14 120.437922
109 5.783402e+14 103.958640
110 5.783903e+14 109.827195
111 5.784403e+14 110.071318
112 5.784904e+14 104.543392
113 5.785404e+14 111.339942
114 5.785905e+14 103.978506
115 5.786405e+14 106.588351
116 5.786906e+14 105.783621
117 5.787406e+14 110.090985
118 5.787907e+14 109.915648
119 5.788407e+14 113.286097
120 5.788908e+14 115.705188
121 5.789408e+14 117.191037
122 5.789909e+14 108.358003
123 5.790409e+14 108.854021
124 5.790910e+14 100.830574
125 5.791410e+14 114.561628
126 5.791911e+14 119.936224
127 5.792411e+14 111.571560
128 5.792912e+14 115.184219
129 5.793412e+14 107.415069
130 5.793913e+14 125.935759
131 5.794413e+14 120.049184
132 5.794914e+14 109.988372
133 5.795414e+14 106.551718
134 5.795915e+14 98.634529
135 5.796415e+14 109.602957
136 5.796916e+14 107.368985
137 5.797416e+14 115.413874
138 5.797917e+14 117.634736
139 5.798417e+14 111.988848
140 5.798918e+14 105.543906
141 5.799418e+14 103.771555
142 5.799919e+14 106.789676
143 5.800419e+14 113.583933
144 5.800920e+14 105.054898
145 5.801420e+14 103.200039
146 5.801921e+14 110.186366
147 5.802421e+14 109.555546
148 5.802922e+14 99.460493
149 5.803422e+14 106.593668
150 5.803923e+14 110.974490
151 5.804423e+14 112.031394
152 5.804924e+14 103.681956
153 5.805424e+14 97.553870
154 5.805925e+14 109.429521
155 5.806425e+14 117.566568
156 5.806926e+14 108.195199
157 5.807426e+14 116.438232
158 5.807927e+14 111.338122
159 5.808427e+14 110.316205
160 5.808928e+14 117.075005
161 5.809428e+14 108.255169
162 5.809929e+14 119.188014
163 5.810429e+14 107.965975
164 5.810930e+14 103.701753
165 5.811430e+14 117.587117
166 5.811931e+14 107.663973
167 5.812431e+14 108.491054
168 5.812932e+14 119.766829
169 5.813432e+14 119.656117
170 5.813933e+14 110.835837
171 5.814433e+14 116.927254
172 5.814934e+14 107.995155
173 5.815434e+14 100.456009
174 5.815935e+14 112.505065
175 5.816435e+14 104.270044
176 5.816936e+14 116.510346
177 5.817436e+14 114.854888
178 5.817937e+14 117.873864
179 5.818437e+14 113.115734
180 5.818938e+14 118.626008
181 5.819438e+14 103.266295
182 5.819939e+14 109.033513
183 5.820439e+14 113.292920
184 5.820940e+14 118.082072
185 5.821440e+14 112.806272
186 5.821941e+14 115.673584
187 5.822441e+14 108.630154
188 5.822942e+14 114.102617
189 5.823442e+14 114.693432
190 5.823943e+14 106.962373
191 5.824443e+14 107.330642
192 5.824944e+14 109.841830
193 5.825444e+14 101.422865
194 5.825945e+14 100.792462
195 5.826445e+14 118.684478
196 5.826946e+14 105.640952
197 5.827446e+14 110.072485
198 5.827947e+14 108.743586
199 5.828447e+14 119.130676
200 5.828948e+14 118.856902
201 5.829448e+14 107.560296
202 5.829949e+14 117.042067
203 5.830449e+14 103.673078
204 5.830950e+14 117.979375
205 5.831450e+14 107.244807
206 5.831951e+14 112.598682
207 5.832451e+14 121.199971
208 5.832952e+14 112.174757
209 5.833452e+14 109.263795
210 5.833953e+14 112.926237
211 5.834453e+14 106.483402
212 5.834954e+14 102.446459
213 5.835454e+14 104.236317
214 5.835955e+14 103.085443
215 5.836455e+14 119.555511
216 5.836956e+14 114.709147
217 5.837456e+14 113.379333
218 5.837957e+14 118.671703
219 5.838457e+14 105.601457
220 5.838958e+14 121.350903
221 5.839458e+14 111.734338
222 5.839959e+14 119.964425
223 5.840459e+14 119.441305
224 5.840960e+14 114.689303
225 5.841460e+14 115.855938
226 5.841961e+14 125.835117
227 5.842461e+14 122.080164
228 5.842962e+14 113.590881
229 5.843462e+14 121.576409
230 5.843963e+14 108.878563
231 5.844463e+14 121.957562
232 5.844964e+14 114.437688
233 5.845464e+14 119.770715
234 5.845965e+14 109.372900
235 5.846465e+14 120.936401
236 5.846966e+14 114.585783
237 5.847466e+14 115.155986
238 5.847967e+14 113.938288
239 5.848467e+14 121.394692
240 5.848968e+14 114.577628
241 5.849468e+14 118.832287
242 5.849969e+14 116.530815
243 5.850469e+14 122.289185
244 5.850970e+14 122.179574
245 5.851470e+14 108.716095
246 5.851971e+14 112.254219
247 5.852471e+14 118.323529
248 5.852972e+14 113.274980
249 5.853472e+14 122.140044
250 5.853973e+14 100.214460
251 5.854473e+14 101.495360
252 5.854974e+14 121.417928
253 5.855474e+14 113.995536
254 5.855975e+14 125.202640
255 5.856475e+14 128.369107
256 5.856976e+14 124.731983
257 5.857476e+14 114.819860
258 5.857977e+14 107.372237
259 5.858477e+14 117.109700
260 5.858978e+14 120.274976
261 5.859478e+14 116.403936
262 5.859979e+14 119.527375
263 5.860479e+14 124.133540
264 5.860980e+14 122.703221
265 5.861480e+14 111.510221
266 5.861981e+14 111.048516
267 5.862481e+14 126.703475
268 5.862982e+14 114.284567
269 5.863482e+14 124.200396
270 5.863983e+14 118.928257
271 5.864483e+14 120.170792
272 5.864984e+14 108.626801
273 5.865484e+14 124.063900
274 5.865985e+14 108.853126
275 5.866485e+14 114.782103
276 5.866986e+14 113.647002
277 5.867486e+14 124.661645
278 5.867987e+14 116.030367
279 5.868487e+14 111.685822
280 5.868988e+14 121.234642
281 5.869488e+14 122.808956
282 5.869989e+14 126.935465
283 5.870489e+14 109.182195
284 5.870990e+14 118.599203
285 5.871490e+14 122.364905
286 5.871991e+14 120.042401
287 5.872491e+14 107.369100
288 5.872992e+14 115.684996
289 5.873492e+14 106.271673
290 5.873993e+14 116.226883
291 5.874493e+14 115.518744
292 5.874994e+14 116.747858
293 5.875494e+14 118.731517
294 5.875995e+14 112.929582
295 5.876495e+14 117.097368
296 5.876996e+14 109.045932
297 5.877496e+14 114.107377
298 5.877997e+14 115.446969
299 5.878497e+14 121.443444
300 5.878998e+14 129.020480
301 5.879498e+14 127.450688
302 5.879999e+14 120.331781
303 5.880499e+14 119.523257
304 5.881000e+14 111.178506
305 5.881500e+14 131.556465
306 5.882001e+14 117.148889
307 5.882501e+14 116.355955
308 5.883002e+14 123.147218
309 5.883502e+14 114.684331
310 5.884003e+14 127.650949
311 5.884503e+14 126.141070
312 5.885004e+14 116.120652
313 5.885504e+14 120.998049
314 5.886005e+14 127.648002
315 5.886505e+14 112.537295
316 5.887006e+14 122.421919
317 5.887506e+14 125.288784
318 5.888007e+14 115.368137
319 5.888507e+14 121.078687
320 5.889008e+14 117.715334
321 5.889508e+14 117.959672
322 5.890009e+14 122.379529
323 5.890509e+14 121.473454
324 5.891010e+14 125.252752
325 5.891510e+14 119.235707
326 5.892011e+14 112.682455
327 5.892511e+14 123.956774
328 5.893012e+14 120.389738
329 5.893512e+14 122.252880
330 5.894013e+14 119.356444
331 5.894513e+14 121.514744
332 5.895014e+14 119.652531
333 5.895514e+14 127.612816
334 5.896015e+14 126.237374
335 5.896515e+14 130.775529
336 5.897016e+14 120.349774
337 5.897516e+14 114.921323
338 5.898017e+14 124.139261
339 5.898517e+14 124.206348
340 5.899018e+14 118.869955
341 5.899518e+14 112.631946
342 5.900019e+14 121.185005
343 5.900519e+14 115.632001
344 5.901020e+14 125.661768
345 5.901520e+14 118.718748
346 5.902021e+14 123.105005
347 5.902521e+14 126.370751
348 5.903022e+14 123.722976
349 5.903522e+14 119.804420
350 5.904023e+14 127.490525
351 5.904523e+14 125.094122
352 5.905024e+14 124.812163
353 5.905524e+14 130.129889
354 5.906025e+14 106.514441
355 5.906525e+14 122.932733
356 5.907026e+14 118.015978
357 5.907526e+14 129.385769
358 5.908027e+14 121.556125
359 5.908527e+14 118.976239
360 5.909028e+14 124.786358
361 5.909528e+14 128.425117
362 5.910029e+14 124.591463
363 5.910529e+14 126.289004
364 5.911030e+14 126.495952
365 5.911530e+14 127.355064
366 5.912031e+14 131.315570
367 5.912531e+14 121.458619
368 5.913032e+14 135.972124
369 5.913532e+14 124.874493
370 5.914033e+14 132.009699
371 5.914533e+14 132.427217
372 5.915034e+14 128.177819
373 5.915534e+14 133.048446
374 5.916035e+14 122.192825
375 5.916535e+14 123.028018
376 5.917036e+14 124.416756
377 5.917536e+14 127.406100
378 5.918037e+14 132.965972
379 5.918537e+14 120.449328
380 5.919038e+14 131.007789
381 5.919538e+14 133.260287
382 5.920039e+14 121.850562
383 5.920539e+14 119.486192
384 5.921040e+14 137.713254
385 5.921540e+14 128.658706
386 5.922041e+14 131.159657
387 5.922541e+14 125.321329
388 5.923042e+14 122.765583
389 5.923542e+14 131.097288
390 5.924043e+14 131.856276
391 5.924543e+14 118.950668
392 5.925044e+14 127.918670
393 5.925544e+14 126.200645
394 5.926045e+14 121.798595
395 5.926545e+14 124.836011
396 5.927046e+14 124.529298
397 5.927546e+14 131.659881
398 5.928047e+14 129.314205
399 5.928547e+14 140.897866
400 5.929048e+14 130.619816
401 5.929548e+14 128.469366
402 5.930049e+14 131.700828
403 5.930549e+14 130.191232
404 5.931050e+14 137.530716
405 5.931550e+14 120.801650
406 5.932051e+14 125.703720
407 5.932551e+14 141.305005
408 5.933052e+14 128.502665
409 5.933552e+14 128.636464
410 5.934053e+14 122.093649
411 5.934553e+14 136.260722
412 5.935054e+14 138.576343
413 5.935554e+14 139.392632
414 5.936055e+14 119.603342
415 5.936555e+14 131.400395
416 5.937056e+14 130.461311
417 5.937556e+14 136.105403
418 5.938057e+14 129.750726
419 5.938557e+14 135.575143
420 5.939058e+14 134.342573
421 5.939558e+14 137.740411
422 5.940059e+14 137.532793
423 5.940559e+14 126.651021
424 5.941060e+14 127.457998
425 5.941560e+14 119.505417
426 5.942061e+14 135.937777
427 5.942561e+14 129.784776
428 5.943062e+14 134.958689
429 5.943562e+14 130.423506
430 5.944063e+14 131.216680
431 5.944563e+14 127.061591
432 5.945064e+14 126.584834
433 5.945564e+14 143.930678
434 5.946065e+14 127.087295
435 5.946565e+14 126.356955
436 5.947066e+14 124.716455
437 5.947566e+14 124.561246
438 5.948067e+14 132.957888
439 5.948567e+14 131.876173
440 5.949068e+14 123.097897
441 5.949568e+14 125.338702
442 5.950069e+14 129.963667
443 5.950569e+14 126.242334
444 5.951070e+14 134.798167
445 5.951570e+14 135.825540
446 5.952071e+14 129.097780
447 5.952571e+14 129.159820
448 5.953072e+14 133.337668
449 5.953572e+14 128.453482
450 5.954073e+14 128.898410
451 5.954573e+14 127.574994
452 5.955074e+14 130.482748
453 5.955574e+14 127.200170
454 5.956075e+14 129.574551
455 5.956575e+14 125.375302
456 5.957076e+14 137.745423
457 5.957576e+14 125.625405
458 5.958077e+14 126.978829
459 5.958577e+14 127.788759
460 5.959078e+14 135.340324
461 5.959578e+14 133.235748
462 5.960079e+14 128.053759
463 5.960579e+14 130.385659
464 5.961080e+14 132.726687
465 5.961580e+14 136.553256
466 5.962081e+14 120.801881
467 5.962581e+14 126.051197
468 5.963082e+14 134.649086
469 5.963582e+14 128.679108
470 5.964083e+14 129.996288
471 5.964583e+14 131.384627
472 5.965084e+14 127.938598
473 5.965584e+14 130.822885
474 5.966085e+14 128.289751
475 5.966585e+14 124.423900
476 5.967086e+14 126.553317
477 5.967586e+14 126.897816
478 5.968087e+14 121.057120
479 5.968587e+14 121.975788
480 5.969088e+14 133.214517
481 5.969588e+14 117.868845
482 5.970089e+14 130.685459
483 5.970589e+14 124.853872
484 5.971090e+14 134.501875
485 5.971590e+14 131.631982
486 5.972091e+14 119.239512
487 5.972591e+14 124.026199
488 5.973092e+14 122.054367
489 5.973592e+14 114.931837
490 5.974093e+14 136.311204
491 5.974593e+14 136.231288
492 5.975094e+14 126.949310
493 5.975594e+14 125.706613
494 5.976095e+14 126.702254
495 5.976595e+14 127.643523
496 5.977096e+14 124.894290
497 5.977596e+14 129.192424
498 5.978097e+14 127.851822
499 5.978597e+14 133.692370
500 5.979098e+14 130.643040
501 5.979598e+14 129.645406
502 5.980099e+14 125.667775
503 5.980599e+14 136.269877
504 5.981100e+14 125.746960
505 5.981600e+14 120.095088
506 5.982101e+14 123.003238
507 5.982601e+14 127.181753
508 5.983102e+14 135.775669
509 5.983602e+14 118.559527
510 5.984103e+14 128.455181
511 5.984603e+14 116.595528
512 5.985104e+14 127.956372
513 5.985604e+14 126.249463
514 5.986105e+14 133.252480
515 5.986605e+14 123.102802
516 5.987106e+14 125.397193
517 5.987606e+14 120.309744
518 5.988107e+14 119.891274
519 5.988607e+14 126.122459
520 5.989108e+14 130.857997
521 5.989608e+14 124.713788
522 5.990109e+14 120.288177
523 5.990609e+14 123.124343
524 5.991110e+14 129.580932
525 5.991610e+14 107.927286
526 5.992111e+14 136.159610
527 5.992611e+14 124.505907
528 5.993112e+14 136.055584
529 5.993612e+14 131.685273
530 5.994113e+14 112.505428
531 5.994613e+14 125.421321
532 5.995114e+14 124.773969
533 5.995614e+14 131.370484
534 5.996115e+14 128.209910
535 5.996615e+14 116.433090
536 5.997116e+14 137.974458
537 5.997616e+14 120.120752
538 5.998117e+14 127.963629
539 5.998617e+14 113.824826
540 5.999118e+14 121.526908
541 5.999618e+14 124.378703
542 6.000119e+14 119.103119
543 6.000619e+14 126.534140
544 6.001120e+14 122.356521
545 6.001620e+14 116.920486
546 6.002121e+14 123.830064
547 6.002621e+14 121.428766
548 6.003122e+14 127.034069
549 6.003622e+14 125.774141
550 6.004123e+14 117.341437
551 6.004624e+14 122.672247
552 6.005124e+14 123.216757
553 6.005625e+14 123.131483
554 6.006125e+14 124.335539
555 6.006626e+14 123.259111
556 6.007126e+14 127.388043
557 6.007627e+14 123.352271
558 6.008127e+14 124.157782
559 6.008628e+14 115.951036
560 6.009128e+14 118.496165
561 6.009629e+14 114.310406
562 6.010129e+14 110.780503
563 6.010630e+14 109.736244
564 6.011130e+14 123.097765
565 6.011631e+14 119.478830
566 6.012131e+14 115.577769
567 6.012632e+14 115.029910
568 6.013132e+14 122.126019
569 6.013633e+14 118.924449
570 6.014133e+14 112.117944
571 6.014634e+14 125.676876
572 6.015134e+14 110.545626
573 6.015635e+14 105.893390
574 6.016135e+14 112.765461
575 6.016636e+14 128.512675
576 6.017136e+14 120.318473
577 6.017637e+14 121.961854
578 6.018137e+14 123.241202
579 6.018638e+14 114.413467
580 6.019138e+14 121.162252
581 6.019639e+14 116.370915
582 6.020139e+14 117.887774
583 6.020640e+14 121.235401
584 6.021140e+14 117.578646
585 6.021641e+14 114.524302
586 6.022141e+14 118.142579
587 6.022642e+14 118.084782
588 6.023142e+14 119.444018
589 6.023643e+14 105.016790
590 6.024143e+14 118.834910
591 6.024644e+14 109.586526
592 6.025144e+14 118.075306
593 6.025645e+14 116.415165
594 6.026145e+14 117.292831
595 6.026646e+14 114.540965
596 6.027146e+14 122.024209
597 6.027647e+14 119.381794
598 6.028147e+14 115.011767
599 6.028648e+14 112.546607
600 6.029148e+14 113.402708
601 6.029649e+14 114.710973
602 6.030149e+14 113.268757
603 6.030650e+14 117.565684
604 6.031150e+14 124.155850
605 6.031651e+14 112.361047
606 6.032151e+14 116.935633
607 6.032652e+14 114.037748
608 6.033152e+14 119.002063
609 6.033653e+14 114.824755
610 6.034153e+14 130.193962
611 6.034654e+14 105.959191
612 6.035154e+14 122.840630
613 6.035655e+14 113.184002
614 6.036155e+14 105.590174
615 6.036656e+14 107.689654
616 6.037156e+14 122.217547
617 6.037657e+14 116.254541
618 6.038157e+14 116.654710
619 6.038658e+14 111.781759
620 6.039158e+14 111.481054
621 6.039659e+14 112.903974
622 6.040159e+14 115.981050
623 6.040660e+14 110.314054
624 6.041160e+14 122.050218
625 6.041661e+14 105.746430
626 6.042161e+14 121.111399
627 6.042662e+14 107.566452
628 6.043162e+14 118.896945
629 6.043663e+14 113.740477
630 6.044163e+14 102.213474
631 6.044664e+14 125.069247
632 6.045164e+14 132.668630
633 6.045665e+14 117.475497
634 6.046165e+14 108.585556
635 6.046666e+14 103.615614
636 6.047166e+14 117.290016
637 6.047667e+14 103.330238
638 6.048167e+14 115.893007
639 6.048668e+14 117.614826
640 6.049168e+14 121.198293
641 6.049669e+14 116.112772
642 6.050169e+14 113.282179
643 6.050670e+14 106.561260
644 6.051170e+14 109.870941
645 6.051671e+14 109.525854
646 6.052171e+14 111.113264
647 6.052672e+14 111.789118
648 6.053172e+14 106.257949
649 6.053673e+14 122.906167
650 6.054173e+14 103.070367
651 6.054674e+14 117.231768
652 6.055174e+14 115.992585
653 6.055675e+14 115.149789
654 6.056175e+14 108.669589
655 6.056676e+14 108.836105
656 6.057176e+14 115.426414
657 6.057677e+14 113.017125
658 6.058177e+14 102.871394
659 6.058678e+14 106.508806
660 6.059178e+14 122.602245
661 6.059679e+14 127.155752
662 6.060179e+14 107.354242
663 6.060680e+14 117.778529
664 6.061180e+14 119.591312
665 6.061681e+14 108.876177
666 6.062181e+14 109.238130
667 6.062682e+14 113.078598
668 6.063182e+14 128.205724
669 6.063683e+14 116.951232
670 6.064183e+14 102.097448
671 6.064684e+14 110.568669
672 6.065184e+14 111.024974
673 6.065685e+14 116.196997
674 6.066185e+14 119.643601
675 6.066686e+14 114.240230
676 6.067186e+14 108.275828
677 6.067687e+14 105.696337
678 6.068187e+14 123.746178
679 6.068688e+14 112.908963
680 6.069188e+14 113.153597
681 6.069689e+14 110.986477
682 6.070189e+14 102.146463
683 6.070690e+14 108.254950
684 6.071190e+14 108.634396
685 6.071691e+14 122.608224
686 6.072191e+14 98.543058
687 6.072692e+14 106.297048
688 6.073192e+14 120.706059
689 6.073693e+14 109.849231
690 6.074193e+14 109.822661
691 6.074694e+14 107.766113
692 6.075194e+14 111.188669
693 6.075695e+14 113.161112
694 6.076195e+14 116.524317
695 6.076696e+14 109.530117
696 6.077196e+14 117.545017
697 6.077697e+14 118.331213
698 6.078197e+14 124.970088
699 6.078698e+14 110.650310
700 6.079198e+14 111.646626
701 6.079699e+14 112.415143
702 6.080199e+14 100.478120
703 6.080700e+14 109.320229
704 6.081200e+14 113.563258
705 6.081701e+14 108.066837
706 6.082201e+14 110.031426
707 6.082702e+14 107.631709
708 6.083202e+14 114.377166
709 6.083703e+14 113.815874
710 6.084203e+14 110.379210
711 6.084704e+14 105.257749
712 6.085204e+14 108.956638
713 6.085705e+14 118.739540
714 6.086205e+14 100.797556
715 6.086706e+14 114.420285
716 6.087206e+14 111.197357
717 6.087707e+14 114.111394
718 6.088207e+14 107.414180
719 6.088708e+14 111.792681
720 6.089208e+14 118.925860
721 6.089709e+14 113.772580
722 6.090209e+14 101.045033
723 6.090710e+14 115.630824
724 6.091210e+14 101.673941
725 6.091711e+14 113.603344
726 6.092211e+14 113.124113
727 6.092712e+14 110.690282
728 6.093212e+14 115.731312
729 6.093713e+14 102.042395
730 6.094213e+14 124.524038
731 6.094714e+14 101.486271
732 6.095214e+14 108.650835
733 6.095715e+14 107.746807
734 6.096215e+14 99.446323
735 6.096716e+14 119.385150
736 6.097216e+14 114.256153
737 6.097717e+14 106.829640
738 6.098217e+14 107.161760
739 6.098718e+14 107.006918
740 6.099218e+14 114.183889
741 6.099719e+14 110.991092
742 6.100219e+14 110.971137
743 6.100720e+14 109.733124
744 6.101220e+14 94.029896
745 6.101721e+14 98.715044
746 6.102221e+14 108.949745
747 6.102722e+14 109.262273
748 6.103222e+14 112.120137
749 6.103723e+14 109.375424
750 6.104223e+14 107.412270
751 6.104724e+14 102.814223
752 6.105224e+14 118.032652
753 6.105725e+14 105.713638
754 6.106225e+14 109.157032
755 6.106726e+14 125.780308
756 6.107226e+14 121.013736
757 6.107727e+14 113.576354
758 6.108227e+14 123.600773
759 6.108728e+14 114.385688
760 6.109228e+14 114.539961
761 6.109729e+14 109.599672
762 6.110229e+14 105.453159
763 6.110730e+14 111.418769
764 6.111230e+14 103.692844
765 6.111731e+14 105.545734
766 6.112231e+14 105.157283
767 6.112732e+14 116.012396
768 6.113232e+14 111.125800
769 6.113733e+14 114.584732
770 6.114233e+14 109.760084
771 6.114734e+14 106.659846
772 6.115234e+14 107.118458
773 6.115735e+14 119.051821
774 6.116235e+14 106.276640
775 6.116736e+14 109.029473
776 6.117236e+14 103.114707
777 6.117737e+14 114.843021
778 6.118237e+14 112.634420
779 6.118738e+14 100.362249
780 6.119238e+14 111.814989
781 6.119739e+14 111.000186
782 6.120239e+14 108.587883
783 6.120740e+14 106.720744
784 6.121240e+14 111.476515
785 6.121741e+14 115.159040
786 6.122241e+14 108.877935
787 6.122742e+14 112.725676
788 6.123242e+14 109.784117
789 6.123743e+14 108.006319
790 6.124243e+14 113.758307
791 6.124744e+14 118.213515
792 6.125244e+14 113.034056
793 6.125745e+14 112.677097
794 6.126245e+14 112.798114
795 6.126746e+14 105.206066
796 6.127246e+14 105.733445
797 6.127747e+14 107.586314
798 6.128247e+14 106.419529
799 6.128748e+14 111.681043
800 6.129248e+14 114.949160
801 6.129749e+14 106.228849
802 6.130249e+14 108.269203
803 6.130750e+14 109.369013
804 6.131250e+14 117.523083
805 6.131751e+14 101.669815
806 6.132251e+14 113.560910
807 6.132752e+14 115.223187
808 6.133252e+14 98.502695
809 6.133753e+14 104.909881
810 6.134253e+14 107.865484
811 6.134754e+14 111.111712
812 6.135254e+14 118.279167
813 6.135755e+14 110.780883
814 6.136255e+14 115.193297
815 6.136756e+14 111.373754
816 6.137256e+14 113.275184
817 6.137757e+14 117.254463
818 6.138257e+14 106.286975
819 6.138758e+14 114.035122
820 6.139258e+14 110.127024
821 6.139759e+14 102.298794
822 6.140259e+14 112.069558
823 6.140760e+14 114.262636
824 6.141260e+14 104.731910
825 6.141761e+14 112.189528
826 6.142261e+14 114.477548
827 6.142762e+14 102.779152
828 6.143262e+14 114.030352
829 6.143763e+14 106.263716
830 6.144263e+14 117.007161
831 6.144764e+14 115.032684
832 6.145264e+14 102.812165
833 6.145765e+14 115.560972
834 6.146265e+14 119.588660
835 6.146766e+14 113.626107
836 6.147266e+14 105.331392
837 6.147767e+14 107.293669
838 6.148267e+14 115.739166
839 6.148768e+14 116.207971
840 6.149268e+14 112.879978
841 6.149769e+14 97.644312
842 6.150269e+14 112.380111
843 6.150770e+14 107.974576
844 6.151270e+14 107.373328
845 6.151771e+14 113.957341
846 6.152271e+14 101.203902
847 6.152772e+14 104.276713
848 6.153272e+14 111.342158
849 6.153773e+14 111.291780
850 6.154273e+14 104.709827
851 6.154774e+14 115.497746
852 6.155274e+14 110.732859
853 6.155775e+14 115.345730
854 6.156275e+14 108.643693
855 6.156776e+14 105.695254
856 6.157276e+14 96.294158
857 6.157777e+14 117.942891
858 6.158277e+14 112.423279
859 6.158778e+14 109.284955
860 6.159278e+14 111.282024
861 6.159779e+14 120.899187
862 6.160279e+14 112.741834
863 6.160780e+14 100.914237
864 6.161280e+14 108.049890
865 6.161781e+14 107.049300
866 6.162281e+14 109.413122
867 6.162782e+14 100.293203
868 6.163282e+14 102.841253
869 6.163783e+14 118.370131
870 6.164283e+14 107.753675
871 6.164784e+14 113.084576
872 6.165284e+14 107.421136
873 6.165785e+14 114.779078
874 6.166285e+14 120.115693
875 6.166786e+14 105.026549
876 6.167286e+14 111.188264
877 6.167787e+14 113.775570
878 6.168287e+14 105.942899
879 6.168788e+14 110.055653
880 6.169288e+14 113.724399
881 6.169789e+14 102.893605
882 6.170289e+14 106.379902
883 6.170790e+14 127.280663
884 6.171290e+14 114.176707
885 6.171791e+14 129.145233
886 6.172291e+14 123.417457
887 6.172792e+14 106.300548
888 6.173292e+14 111.339693
889 6.173793e+14 103.593716
890 6.174293e+14 114.188247
891 6.174794e+14 107.425290
892 6.175294e+14 99.691828
893 6.175795e+14 113.325767
894 6.176295e+14 114.446144
895 6.176796e+14 98.588389
896 6.177296e+14 98.531148
897 6.177797e+14 109.082712
898 6.178297e+14 104.325428
899 6.178798e+14 110.889682
900 6.179298e+14 102.575402
901 6.179799e+14 114.283377
902 6.180299e+14 107.935482
903 6.180800e+14 108.411761
904 6.181300e+14 118.828877
905 6.181801e+14 104.225608
906 6.182301e+14 103.024084
907 6.182802e+14 114.337638
908 6.183302e+14 99.819048
909 6.183803e+14 114.955735
910 6.184303e+14 108.881432
911 6.184804e+14 97.534213
912 6.185304e+14 99.920878
913 6.185805e+14 121.308571
914 6.186305e+14 113.575648
915 6.186806e+14 117.608939
916 6.187306e+14 112.685611
917 6.187807e+14 116.874903
918 6.188307e+14 103.113042
919 6.188808e+14 105.684255
920 6.189308e+14 112.174743
921 6.189809e+14 110.519027
922 6.190309e+14 126.103759
923 6.190810e+14 101.154718
924 6.191310e+14 111.602852
925 6.191811e+14 110.872559
926 6.192311e+14 103.189440
927 6.192812e+14 108.298753
928 6.193312e+14 105.317254
929 6.193813e+14 104.929721
930 6.194313e+14 107.627442
931 6.194814e+14 103.795368
932 6.195314e+14 111.788925
933 6.195815e+14 114.306855
934 6.196315e+14 106.042903
935 6.196816e+14 113.809259
936 6.197316e+14 107.636943
937 6.197817e+14 112.887006
938 6.198317e+14 110.134652
939 6.198818e+14 99.766934
940 6.199318e+14 108.605420
941 6.199819e+14 116.409412
942 6.200319e+14 115.572860
943 6.200820e+14 112.119713
944 6.201320e+14 113.261288
945 6.201821e+14 113.845387
946 6.202321e+14 121.446906
947 6.202822e+14 115.461814
948 6.203322e+14 116.203298
949 6.203823e+14 115.617407
950 6.204323e+14 108.881967
951 6.204824e+14 104.217036
952 6.205324e+14 106.992576
953 6.205825e+14 115.771893
954 6.206325e+14 113.195928
955 6.206826e+14 114.520780
956 6.207326e+14 106.087912
957 6.207827e+14 100.343804
958 6.208327e+14 112.422792
959 6.208828e+14 111.493879
960 6.209328e+14 115.065917
961 6.209829e+14 115.077946
962 6.210329e+14 113.729925
963 6.210830e+14 98.485466
964 6.211330e+14 107.526308
965 6.211831e+14 103.415360
966 6.212331e+14 110.788807
967 6.212832e+14 113.634593
968 6.213332e+14 102.378631
969 6.213833e+14 117.648030
970 6.214333e+14 107.062194
971 6.214834e+14 119.115847
972 6.215334e+14 111.856965
973 6.215835e+14 104.173650
974 6.216335e+14 102.222026
975 6.216836e+14 119.419511
976 6.217336e+14 107.864205
977 6.217837e+14 109.774128
978 6.218337e+14 109.660279
979 6.218838e+14 104.990644
980 6.219338e+14 117.967737
981 6.219839e+14 105.229521
982 6.220339e+14 104.324994
983 6.220840e+14 107.580470
984 6.221340e+14 109.513486
985 6.221841e+14 118.726772
986 6.222341e+14 118.434521
987 6.222842e+14 107.097409
988 6.223342e+14 119.148723
989 6.223843e+14 119.793137
990 6.224343e+14 109.062186
991 6.224844e+14 105.988673
992 6.225344e+14 108.202500
993 6.225845e+14 107.641250
994 6.226345e+14 108.753428
995 6.226846e+14 100.364399
996 6.227346e+14 109.989882
997 6.227847e+14 105.845781
998 6.228347e+14 112.566342
999 6.228848e+14 117.476156
