# Date: 19/07/01, Author: E.Hubble
# First column is index, second column is frequency (Hz), third column is spectra (A.U.)
0 5.738879e+14 127.223061
1 5.739379e+14 130.452249
2 5.739880e+14 127.369081
3 5.740380e+14 124.121432
4 5.740881e+14 131.169626
5 5.741381e+14 122.203220
6 5.741882e+14 146.584991
7 5.742382e+14 132.801255
8 5.742883e+14 120.764418
9 5.743383e+14 126.608424
10 5.743884e+14 128.721607
11 5.744384e+14 121.715646
12 5.744885e+14 119.361016
13 5.745385e+14 124.929205
14 5.745886e+14 127.545527
15 5.746386e+14 134.085413
16 5.746887e+14 137.492643
17 5.747387e+14 141.395963
18 5.747888e+14 126.851313
19 5.748388e+14 123.889557
20 5.748889e+14 131.478559
21 5.749389e+14 123.945869
22 5.749890e+14 134.341524
23 5.750390e+14 131.240244
24 5.750891e+14 143.839013
25 5.751391e+14 134.422013
26 5.751892e+14 127.997166
27 5.752392e+14 132.375818
28 5.752893e+14 134.189193
29 5.753393e+14 123.912050
30 5.753894e+14 133.934877
31 5.754394e+14 130.856622
32 5.754895e+14 137.966773
33 5.755395e+14 125.078920
34 5.755896e+14 131.469653
35 5.756396e+14 127.773947
36 5.756897e+14 130.181459
37 5.757397e+14 125.119506
38 5.757898e+14 143.303492
39 5.758398e+14 126.665367
40 5.758899e+14 119.229736
41 5.759399e+14 129.225409
42 5.759900e+14 138.862233
43 5.760400e+14 131.445201
44 5.760901e+14 134.647105
45 5.761401e+14 136.272975
46 5.761902e+14 135.309324
47 5.762402e+14 129.048383
48 5.762903e+14 123.068329
49 5.763403e+14 128.540918
50 5.763904e+14 140.534334
51 5.764404e+14 136.235049
52 5.764905e+14 136.893028
53 5.765405e+14 130.181927
54 5.765906e+14 125.681059
55 5.766406e+14 137.697356
56 5.766907e+14 124.058620
57 5.767407e+14 131.417272
58 5.767908e+14 127.908560
59 5.768408e+14 135.073889
60 5.768909e+14 119.113455
61 5.769409e+14 134.387693
62 5.769910e+14 119.715134
63 5.770410e+14 135.106613
64 5.770911e+14 131.066551
65 5.771411e+14 140.592437
66 5.771912e+14 127.966493
67 5.772412e+14 142.231903
68 5.772913e+14 132.421595
69 5.773413e+14 116.609188
70 5.773914e+14 133.939386
71 5.774414e+14 129.570764
72 5.774915e+14 132.061148
73 5.775415e+14 133.260377
74 5.775916e+14 134.959747
75 5.776416e+14 137.007343
76 5.776917e+14 126.296187
77 5.777417e+14 133.903348
78 5.777918e+14 137.488826
79 5.778418e+14 133.719801
80 5.778919e+14 130.598521
81 5.779419e+14 134.532371
82 5.779920e+14 128.460345
83 5.780420e+14 122.124777
84 5.780921e+14 140.934461
85 5.781421e+14 127.894996
86 5.781922e+14 130.232055
87 5.782422e+14 133.312085
88 5.782923e+14 132.568805
89 5.783423e+14 133.462853
90 5.783924e+14 136.662373
91 5.784424e+14 150.428556
92 5.784925e+14 127.641267
93 5.785425e+14 125.157797
94 5.785926e+14 143.342251
95 5.786426e+14 129.702973
96 5.786927e+14 140.507135
97 5.787427e+14 128.936303
98 5.787928e+14 127.134939
99 5.788428e+14 145.768807
100 5.788929e+14 135.151344
101 5.789429e+14 136.861572
102 5.789930e+14 131.383005
103 5.790430e+14 128.635515
104 5.790931e+14 145.469706
105 5.791431e+14 139.906148
106 5.791932e+14 141.767696
107 5.792432e+14 128.491265
108 5.792933e+14 144.281702
109 5.793433e+14 143.083628
110 5.793934e+14 136.009398
111 5.794434e+14 143.924780
112 5.794935e+14 143.435277
113 5.795435e+14 138.210099
114 5.795936e+14 138.413131
115 5.796436e+14 127.379511
116 5.796937e+14 141.952645
117 5.797437e+14 144.221959
118 5.797938e+14 146.227923
119 5.798438e+14 146.478604
120 5.798939e+14 139.552654
121 5.799439e+14 136.159267
122 5.799940e+14 138.580738
123 5.800440e+14 142.576006
124 5.800941e+14 146.729183
125 5.801441e+14 133.068056
126 5.801942e+14 137.487747
127 5.802442e+14 127.173526
128 5.802943e+14 145.891694
129 5.803443e+14 139.831407
130 5.803944e+14 143.206707
131 5.804444e+14 139.344493
132 5.804945e+14 131.360629
133 5.805445e+14 144.059837
134 5.805946e+14 139.441319
135 5.806446e+14 152.771361
136 5.806947e+14 142.635704
137 5.807447e+14 136.884441
138 5.807948e+14 141.835872
139 5.808448e+14 147.469323
140 5.808949e+14 141.584880
141 5.809449e+14 150.923149
142 5.809950e+14 140.759573
143 5.810450e+14 137.948051
144 5.810951e+14 135.400801
145 5.811451e+14 154.876792
146 5.811952e+14 148.741202
147 5.812452e+14 143.623089
148 5.812953e+14 139.730212
149 5.813453e+14 147.154071
150 5.813954e+14 139.397081
151 5.814454e+14 131.520093
152 5.814955e+14 140.673647
153 5.815455e+14 140.249187
154 5.815956e+14 139.440766
155 5.816456e+14 137.280165
156 5.816957e+14 150.004194
157 5.817457e+14 149.136411
158 5.817958e+14 150.806465
159 5.818458e+14 144.110398
160 5.818959e+14 144.897970
161 5.819459e+14 153.754349
162 5.819960e+14 141.883372
163 5.820460e+14 146.106813
164 5.820961e+14 145.885080
165 5.821461e+14 139.482433
166 5.821962e+14 145.887191
167 5.822462e+14 147.261123
168 5.822963e+14 157.645649
169 5.823463e+14 148.545452
170 5.823964e+14 156.696582
171 5.824464e+14 149.854997
172 5.824965e+14 148.590662
173 5.825465e+14 159.969841
174 5.825966e+14 147.836668
175 5.826466e+14 143.475709
176 5.826967e+14 153.762199
177 5.827467e+14 154.819975
178 5.827968e+14 145.671095
179 5.828468e+14 152.769853
180 5.828969e+14 158.397421
181 5.829469e+14 164.183112
182 5.829970e+14 161.304690
183 5.830470e+14 153.820676
184 5.830971e+14 154.898737
185 5.831471e+14 155.243717
186 5.831972e+14 146.571426
187 5.832472e+14 152.280583
188 5.832973e+14 156.935178
189 5.833473e+14 151.407272
190 5.833974e+14 150.588886
191 5.834474e+14 155.981770
192 5.834975e+14 157.894255
193 5.835475e+14 149.181636
194 5.835976e+14 155.304940
195 5.836476e+14 149.703747
196 5.836977e+14 157.608914
197 5.837477e+14 146.085004
198 5.837978e+14 149.679384
199 5.838478e+14 169.906208
200 5.838979e+14 167.642820
201 5.839479e+14 161.885251
202 5.839980e+14 159.843527
203 5.840480e+14 153.865147
204 5.840981e+14 154.945907
205 5.841481e+14 151.655588
206 5.841982e+14 158.749748
207 5.842482e+14 154.042679
208 5.842983e+14 171.524169
209 5.843483e+14 154.755876
210 5.843984e+14 167.176053
211 5.844484e+14 151.129780
212 5.844985e+14 162.374981
213 5.845485e+14 153.909354
214 5.845986e+14 163.749398
215 5.846486e+14 153.142321
216 5.846987e+14 152.134380
217 5.847487e+14 164.988939
218 5.847988e+14 163.530274
219 5.848488e+14 164.974449
220 5.848989e+14 167.766204
221 5.849489e+14 156.686441
222 5.849990e+14 169.981363
223 5.850490e+14 162.936455
224 5.850991e+14 168.119619
225 5.851491e+14 152.435440
226 5.851992e+14 165.697080
227 5.852492e+14 157.368453
228 5.852993e+14 159.185808
229 5.853493e+14 157.906213
230 5.853994e+14 168.603343
231 5.854494e+14 153.877972
232 5.854995e+14 164.314251
233 5.855495e+14 161.500686
234 5.855996e+14 163.137636
235 5.856496e+14 161.731057
236 5.856997e+14 148.472010
237 5.857497e+14 158.352500
238 5.857998e+14 155.417745
239 5.858498e+14 159.863196
240 5.858999e+14 159.180696
241 5.859499e+14 159.561929
242 5.860000e+14 166.304653
243 5.860500e+14 156.845862
244 5.861001e+14 151.800729
245 5.861501e+14 156.079820
246 5.862002e+14 158.660141
247 5.862502e+14 176.281182
248 5.863003e+14 160.069884
249 5.863503e+14 167.430487
250 5.864004e+14 168.353765
251 5.864504e+14 157.650063
252 5.865005e+14 156.410579
253 5.865505e+14 164.952476
254 5.866006e+14 158.472287
255 5.866506e+14 171.804311
256 5.867007e+14 161.021015
257 5.867507e+14 167.981843
258 5.868008e+14 176.839302
259 5.868508e+14 171.268349
260 5.869009e+14 163.017348
261 5.869509e+14 162.149415
262 5.870010e+14 157.290831
263 5.870510e+14 170.869101
264 5.871011e+14 162.086083
265 5.871511e+14 158.343957
266 5.872012e+14 161.396841
267 5.872512e+14 175.518725
268 5.873013e+14 161.557436
269 5.873513e+14 171.022444
270 5.874014e+14 161.807497
271 5.874514e+14 156.690626
272 5.875015e+14 157.901975
273 5.875515e+14 166.225813
274 5.876016e+14 157.378931
275 5.876516e+14 170.831371
276 5.877017e+14 161.217346
277 5.877517e+14 171.609817
278 5.878018e+14 171.030816
279 5.878518e+14 161.626310
280 5.879019e+14 165.266073
281 5.879519e+14 166.763686
282 5.880020e+14 166.928747
283 5.880520e+14 158.232189
284 5.881021e+14 167.596460
285 5.881521e+14 164.307777
286 5.882022e+14 158.462289
287 5.882522e+14 167.967924
288 5.883023e+14 160.685078
289 5.883523e+14 159.658369
290 5.884024e+14 164.807145
291 5.884524e+14 150.091609
292 5.885025e+14 160.423773
293 5.885525e+14 161.906701
294 5.886026e+14 158.856719
295 5.886526e+14 164.572253
296 5.887027e+14 158.210563
297 5.887527e+14 152.380157
298 5.888028e+14 153.289525
299 5.888528e+14 151.092123
300 5.889029e+14 150.472876
301 5.889529e+14 157.808326
302 5.890030e+14 159.526150
303 5.890530e+14 158.206058
304 5.891031e+14 162.419200
305 5.891531e+14 172.692856
306 5.892032e+14 169.571024
307 5.892532e+14 154.204115
308 5.893033e+14 161.701826
309 5.893533e+14 160.706784
310 5.894034e+14 156.968696
311 5.894534e+14 152.033252
312 5.895035e+14 156.724409
313 5.895535e+14 147.528684
314 5.896036e+14 148.749886
315 5.896536e+14 157.320100
316 5.897037e+14 163.048293
317 5.897537e+14 147.783661
318 5.898038e+14 157.817210
319 5.898538e+14 148.781456
320 5.899039e+14 159.951380
321 5.899539e+14 169.893900
322 5.900040e+14 156.120042
323 5.900540e+14 159.344901
324 5.901041e+14 157.580552
325 5.901541e+14 153.893381
326 5.902042e+14 161.519597
327 5.902542e+14 153.366604
328 5.903043e+14 142.690248
329 5.903543e+14 158.397105
330 5.904044e+14 154.575087
331 5.904544e+14 153.534837
332 5.905045e+14 162.441802
333 5.905545e+14 161.934525
334 5.906046e+14 160.217776
335 5.906546e+14 156.174430
336 5.907047e+14 146.860587
337 5.907547e+14 146.216394
338 5.908048e+14 146.990594
339 5.908548e+14 149.774437
340 5.909049e+14 155.733751
341 5.909549e+14 148.898626
342 5.910050e+14 150.339637
343 5.910550e+14 155.782688
344 5.911051e+14 147.095781
345 5.911551e+14 150.549240
346 5.912052e+14 154.545371
347 5.912552e+14 157.571914
348 5.913053e+14 161.611498
349 5.913553e+14 158.725049
350 5.914054e+14 148.447366
351 5.914554e+14 156.543611
352 5.915055e+14 152.093142
353 5.915555e+14 155.841243
354 5.916056e+14 155.973429
355 5.916556e+14 140.848734
356 5.917057e+14 153.101986
357 5.917557e+14 151.834480
358 5.918058e+14 143.973699
359 5.918558e+14 151.456979
360 5.919059e+14 159.606112
361 5.919559e+14 152.523401
362 5.920060e+14 154.072311
363 5.920560e+14 152.172811
364 5.921061e+14 145.304967
365 5.921561e+14 149.002718
366 5.922062e+14 155.847267
367 5.922562e+14 158.343863
368 5.923063e+14 154.118847
369 5.923563e+14 146.583531
370 5.924064e+14 154.078832
371 5.924564e+14 151.121176
372 5.925065e+14 147.480988
373 5.925565e+14 142.899296
374 5.926066e+14 151.656143
375 5.926566e+14 148.176242
376 5.927067e+14 144.740545
377 5.927567e+14 144.226018
378 5.928068e+14 147.258340
379 5.928568e+14 150.298541
380 5.929069e+14 158.380023
381 5.929569e+14 145.780075
382 5.930070e+14 143.297675
383 5.930570e+14 156.584229
384 5.931071e+14 152.773561
385 5.931571e+14 153.164556
386 5.932072e+14 145.952885
387 5.932572e+14 147.432803
388 5.933073e+14 139.496314
389 5.933573e+14 161.423309
390 5.934074e+14 142.256910
391 5.934574e+14 146.234303
392 5.935075e+14 152.022585
393 5.935575e+14 140.785224
394 5.936076e+14 146.497645
395 5.936576e+14 150.371413
396 5.937077e+14 144.593692
397 5.937577e+14 143.329726
398 5.938078e+14 152.771045
399 5.938578e+14 150.916499
400 5.939079e+14 155.017417
401 5.939579e+14 150.320612
402 5.940080e+14 135.563178
403 5.940580e+14 151.710842
404 5.941081e+14 149.541923
405 5.941581e+14 149.489286
406 5.942082e+14 136.812317
407 5.942582e+14 146.823615
408 5.943083e+14 151.114473
409 5.943583e+14 147.110244
410 5.944084e+14 153.153985
411 5.944584e+14 136.265917
412 5.945085e+14 147.991896
413 5.945585e+14 131.232719
414 5.946086e+14 153.999464
415 5.946586e+14 153.080146
416 5.947087e+14 147.936594
417 5.947587e+14 144.819403
418 5.948088e+14 147.868264
419 5.948588e+14 143.377024
420 5.949089e+14 153.996862
421 5.949589e+14 151.702960
422 5.950090e+14 134.633460
423 5.950590e+14 146.939520
424 5.951091e+14 128.263920
425 5.951591e+14 145.815999
426 5.952092e+14 135.911656
427 5.952592e+14 140.651836
428 5.953093e+14 137.202983
429 5.953593e+14 148.900125
430 5.954094e+14 136.301088
431 5.954594e+14 142.104604
432 5.955095e+14 139.239772
433 5.955595e+14 143.326198
434 5.956096e+14 143.670988
435 5.956596e+14 132.769409
436 5.957097e+14 134.498648
437 5.957597e+14 146.835708
438 5.958098e+14 141.024936
439 5.958598e+14 137.745256
440 5.959099e+14 140.003012
441 5.959599e+14 141.438927
442 5.960100e+14 146.708117
443 5.960600e+14 134.675669
444 5.961101e+14 145.587659
445 5.961601e+14 135.806725
446 5.962102e+14 150.576517
447 5.962602e+14 156.074982
448 5.963103e+14 141.523900
449 5.963603e+14 144.191043
450 5.964104e+14 143.859849
451 5.964604e+14 133.809312
452 5.965105e+14 143.088883
453 5.965605e+14 128.129574
454 5.966106e+14 148.127691
455 5.966606e+14 140.653945
456 5.967107e+14 140.975207
457 5.967607e+14 143.738043
458 5.968108e+14 144.027569
459 5.968608e+14 141.289531
460 5.969109e+14 139.391562
461 5.969609e+14 149.266689
462 5.970110e+14 138.213248
463 5.970610e+14 139.564441
464 5.971111e+14 147.090434
465 5.971611e+14 147.390681
466 5.972112e+14 151.936911
467 5.972612e+14 135.573346
468 5.973113e+14 139.223033
469 5.973613e+14 131.200908
470 5.974114e+14 136.789399
471 5.974614e+14 134.139051
472 5.975115e+14 147.237115
473 5.975615e+14 158.159230
474 5.976116e+14 143.763820
475 5.976616e+14 141.961241
476 5.977117e+14 130.537352
477 5.977617e+14 130.298104
478 5.978118e+14 138.529870
479 5.978618e+14 140.893302
480 5.979119e+14 142.838446
481 5.979619e+14 133.145641
482 5.980120e+14 142.022649
483 5.980620e+14 148.049195
484 5.981121e+14 152.072895
485 5.981621e+14 129.328688
486 5.982122e+14 143.333786
487 5.982622e+14 141.274936
488 5.983123e+14 147.074707
489 5.983623e+14 152.675931
490 5.984124e+14 134.950500
491 5.984624e+14 136.641760
492 5.985125e+14 139.447235
493 5.985625e+14 140.548178
494 5.986126e+14 130.826842
495 5.986626e+14 143.242725
496 5.987127e+14 143.408842
497 5.987627e+14 138.107046
498 5.988128e+14 155.166803
499 5.988628e+14 146.209410
500 5.989129e+14 133.050816
501 5.989629e+14 137.569868
502 5.990130e+14 145.013486
503 5.990630e+14 146.950769
504 5.991131e+14 148.940383
505 5.991631e+14 149.765031
506 5.992132e+14 129.259932
507 5.992632e+14 148.832132
508 5.993133e+14 153.786909
509 5.993633e+14 147.160237
510 5.994134e+14 142.719088
511 5.994634e+14 138.445093
512 5.995135e+14 141.044894
513 5.995635e+14 138.505145
514 5.996136e+14 139.994503
515 5.996636e+14 133.307364
516 5.997137e+14 141.441889
517 5.997637e+14 131.788045
518 5.998138e+14 145.505473
519 5.998638e+14 148.401191
520 5.999139e+14 136.744557
521 5.999639e+14 134.883361
522 6.000140e+14 149.402368
523 6.000640e+14 145.336245
524 6.001141e+14 150.144438
525 6.001641e+14 147.772034
526 6.002142e+14 143.797820
527 6.002642e+14 144.487285
528 6.003143e+14 149.506918
529 6.003643e+14 141.429234
530 6.004144e+14 146.522156
531 6.004644e+14 141.541281
532 6.005145e+14 151.393035
533 6.005645e+14 142.440908
534 6.006146e+14 137.627889
535 6.006646e+14 143.920069
536 6.007147e+14 134.535412
537 6.007647e+14 152.326556
538 6.008148e+14 142.977710
539 6.008648e+14 136.587008
540 6.009149e+14 137.356479
541 6.009649e+14 145.545429
542 6.010150e+14 148.165648
543 6.010650e+14 140.059068
544 6.011151e+14 139.333006
545 6.011651e+14 131.293735
546 6.012152e+14 142.284427
547 6.012652e+14 144.205391
548 6.013153e+14 152.949443
549 6.013653e+14 140.268403
550 6.014154e+14 143.913616
551 6.014654e+14 130.534104
552 6.015155e+14 140.242618
553 6.015655e+14 144.609003
554 6.016156e+14 132.986546
555 6.016656e+14 140.943543
556 6.017157e+14 135.410958
557 6.017657e+14 143.033161
558 6.018158e+14 134.055659
559 6.018658e+14 132.410760
560 6.019159e+14 140.089434
561 6.019659e+14 144.467116
562 6.020160e+14 148.507554
563 6.020660e+14 154.826965
564 6.021161e+14 148.475700
565 6.021661e+14 133.032667
566 6.022162e+14 136.850911
567 6.022662e+14 138.803481
568 6.023163e+14 137.073331
569 6.023663e+14 142.378921
570 6.024164e+14 131.192001
571 6.024664e+14 135.037739
572 6.025165e+14 151.027350
573 6.025665e+14 139.695247
574 6.026166e+14 145.760871
575 6.026666e+14 127.599511
576 6.027167e+14 153.632515
577 6.027667e+14 141.347996
578 6.028168e+14 137.190203
579 6.028668e+14 139.400063
580 6.029169e+14 145.069173
581 6.029669e+14 151.939257
582 6.030170e+14 135.467105
583 6.030670e+14 141.860004
584 6.031171e+14 140.448270
585 6.031671e+14 139.397975
586 6.032172e+14 148.036864
587 6.032672e+14 144.576866
588 6.033173e+14 130.201377
589 6.033673e+14 146.349205
590 6.034174e+14 138.391083
591 6.034674e+14 142.749445
592 6.035175e+14 137.288388
593 6.035675e+14 147.858448
594 6.036176e+14 145.710325
595 6.036676e+14 129.507647
596 6.037177e+14 138.240263
597 6.037677e+14 144.269833
598 6.038178e+14 141.060859
599 6.038678e+14 144.429236
600 6.039179e+14 150.955924
601 6.039679e+14 154.322246
602 6.040180e+14 147.088972
603 6.040680e+14 142.728009
604 6.041181e+14 138.134211
605 6.041681e+14 145.244109
606 6.042182e+14 149.040979
607 6.042682e+14 128.882637
608 6.043183e+14 140.050291
609 6.043683e+14 137.909238
610 6.044184e+14 139.302503
611 6.044684e+14 142.651944
612 6.045185e+14 129.096877
613 6.045685e+14 138.369459
614 6.046186e+14 151.112787
615 6.046686e+14 145.768634
616 6.047187e+14 147.619318
617 6.047687e+14 139.582544
618 6.048188e+14 139.301492
619 6.048688e+14 140.473472
620 6.049189e+14 147.665197
621 6.049689e+14 134.033627
622 6.050190e+14 137.373328
623 6.050690e+14 142.258618
624 6.051191e+14 144.584042
625 6.051691e+14 133.777172
626 6.052192e+14 145.789768
627 6.052692e+14 141.016340
628 6.053193e+14 140.470197
629 6.053693e+14 143.842185
630 6.054194e+14 144.429676
631 6.054694e+14 141.574004
632 6.055195e+14 149.050396
633 6.055695e+14 143.229254
634 6.056196e+14 142.848952
635 6.056696e+14 154.338114
636 6.057197e+14 142.718801
637 6.057697e+14 140.801826
638 6.058198e+14 149.568573
639 6.058698e+14 137.631558
640 6.059199e+14 146.442883
641 6.059699e+14 150.462031
642 6.060200e+14 145.959661
643 6.060700e+14 138.977554
644 6.061201e+14 144.016188
645 6.061701e+14 143.614500
646 6.062202e+14 130.874180
647 6.062702e+14 147.211646
648 6.063203e+14 133.231407
649 6.063703e+14 142.145840
650 6.064204e+14 145.594784
651 6.064704e+14 140.373879
652 6.065205e+14 137.216392
653 6.065705e+14 136.708486
654 6.066206e+14 143.435252
655 6.066706e+14 146.593244
656 6.067207e+14 140.340221
657 6.067707e+14 134.018765
658 6.068208e+14 137.788204
659 6.068708e+14 142.423760
660 6.069209e+14 145.661565
661 6.069709e+14 151.485784
662 6.070210e+14 146.968080
663 6.070710e+14 145.847348
664 6.071211e+14 140.890060
665 6.071711e+14 144.175634
666 6.072212e+14 143.745555
667 6.072712e+14 133.952977
668 6.073213e+14 143.136227
669 6.073713e+14 151.177529
670 6.074214e+14 141.641858
671 6.074714e+14 155.141417
672 6.075215e+14 148.373996
673 6.075715e+14 152.256108
674 6.076216e+14 151.093860
675 6.076716e+14 138.111307
676 6.077217e+14 148.105779
677 6.077717e+14 141.405792
678 6.078218e+14 131.356426
679 6.078718e+14 137.767250
680 6.079219e+14 143.064329
681 6.079719e+14 153.350989
682 6.080220e+14 147.522787
683 6.080720e+14 139.475060
684 6.081221e+14 140.164189
685 6.081721e+14 141.748727
686 6.082222e+14 144.617230
687 6.082722e+14 141.382327
688 6.083223e+14 158.032826
689 6.083723e+14 145.745449
690 6.084224e+14 135.961703
691 6.084725e+14 150.302298
692 6.085225e+14 150.401729
693 6.085726e+14 141.838609
694 6.086226e+14 146.468738
695 6.086727e+14 138.624647
696 6.087227e+14 149.098586
697 6.087728e+14 149.824055
698 6.088228e+14 152.075425
699 6.088729e+14 147.219507
700 6.089229e+14 142.102845
701 6.089730e+14 145.120002
702 6.090230e+14 140.897159
703 6.090731e+14 145.252362
704 6.091231e+14 137.179517
705 6.091732e+14 142.173289
706 6.092232e+14 128.901397
707 6.092733e+14 146.069679
708 6.093233e+14 145.068508
709 6.093734e+14 146.124292
710 6.094234e+14 146.581098
711 6.094735e+14 138.269900
712 6.095235e+14 144.882989
713 6.095736e+14 148.646883
714 6.096236e+14 154.039465
715 6.096737e+14 138.360475
716 6.097237e+14 142.137400
717 6.097738e+14 141.746572
718 6.098238e+14 145.836996
719 6.098739e+14 144.546246
720 6.099239e+14 137.537328
721 6.099740e+14 143.248649
722 6.100240e+14 154.061042
723 6.100741e+14 143.355072
724 6.101241e+14 147.312427
725 6.101742e+14 152.160733
726 6.102242e+14 148.311084
727 6.102743e+14 147.615396
728 6.103243e+14 147.218803
729 6.103744e+14 144.154041
730 6.104244e+14 151.400174
731 6.104745e+14 142.943583
732 6.105245e+14 148.757857
733 6.105746e+14 139.771785
734 6.106246e+14 141.146167
735 6.106747e+14 149.809877
736 6.107247e+14 143.286403
737 6.107748e+14 153.262102
738 6.108248e+14 146.122160
739 6.108749e+14 141.845361
740 6.109249e+14 143.317580
741 6.109750e+14 143.200201
742 6.110250e+14 159.298397
743 6.110751e+14 143.430210
744 6.111251e+14 148.461855
745 6.111752e+14 149.053041
746 6.112252e+14 145.045081
747 6.112753e+14 146.871610
748 6.113253e+14 147.912370
749 6.113754e+14 145.206112
750 6.114254e+14 141.027102
751 6.114755e+14 137.234656
752 6.115255e+14 149.537149
753 6.115756e+14 135.178432
754 6.116256e+14 139.069536
755 6.116757e+14 139.238155
756 6.117257e+14 141.362813
757 6.117758e+14 155.462222
758 6.118258e+14 150.952940
759 6.118759e+14 151.231336
760 6.119259e+14 148.851817
761 6.119760e+14 143.136131
762 6.120260e+14 140.056749
763 6.120761e+14 146.774396
764 6.121261e+14 137.866116
765 6.121762e+14 138.149801
766 6.122262e+14 140.363431
767 6.122763e+14 145.061551
768 6.123263e+14 143.795031
769 6.123764e+14 143.165562
770 6.124264e+14 147.909306
771 6.124765e+14 138.661454
772 6.125265e+14 150.429622
773 6.125766e+14 142.205566
774 6.126266e+14 140.736385
775 6.126767e+14 139.349641
776 6.127267e+14 141.122615
777 6.127768e+14 140.130721
778 6.128268e+14 147.899683
779 6.128769e+14 148.807046
780 6.129269e+14 146.295055
781 6.129770e+14 144.655259
782 6.130270e+14 145.736620
783 6.130771e+14 147.277851
784 6.131271e+14 147.409834
785 6.131772e+14 138.315716
786 6.132272e+14 146.041662
787 6.132773e+14 157.384728
788 6.133273e+14 156.949775
789 6.133774e+14 146.625443
790 6.134274e+14 146.728221
791 6.134775e+14 146.318283
792 6.135275e+14 147.079713
793 6.135776e+14 153.206329
794 6.136276e+14 153.527099
795 6.136777e+14 145.988821
796 6.137277e+14 147.712902
797 6.137778e+14 152.414676
798 6.138278e+14 146.748360
799 6.138779e+14 143.942445
800 6.139279e+14 146.336705
801 6.139780e+14 147.608730
802 6.140280e+14 143.980314
803 6.140781e+14 144.312496
804 6.141281e+14 140.834293
805 6.141782e+14 136.114996
806 6.142282e+14 150.256224
807 6.142783e+14 155.112129
808 6.143283e+14 147.929374
809 6.143784e+14 148.794593
810 6.144284e+14 146.622082
811 6.144785e+14 142.894925
812 6.145285e+14 144.630903
813 6.145786e+14 146.139349
814 6.146286e+14 140.934749
815 6.146787e+14 142.938369
816 6.147287e+14 145.389030
817 6.147788e+14 144.685646
818 6.148288e+14 142.753123
819 6.148789e+14 140.431327
820 6.149289e+14 151.100203
821 6.149790e+14 141.485859
822 6.150290e+14 144.102473
823 6.150791e+14 148.837226
824 6.151291e+14 145.484238
825 6.151792e+14 138.550395
826 6.152292e+14 150.285434
827 6.152793e+14 145.122630
828 6.153293e+14 159.307020
829 6.153794e+14 152.423596
830 6.154294e+14 155.505034
831 6.154795e+14 143.213495
832 6.155295e+14 145.759278
833 6.155796e+14 144.022978
834 6.156296e+14 148.069513
835 6.156797e+14 144.427392
836 6.157297e+14 150.404949
837 6.157798e+14 151.343646
838 6.158298e+14 143.802611
839 6.158799e+14 147.221065
840 6.159299e+14 149.675013
841 6.159800e+14 141.904172
842 6.160300e+14 150.198227
843 6.160801e+14 142.002853
844 6.161301e+14 155.870887
845 6.161802e+14 158.889495
846 6.162302e+14 153.966266
847 6.162803e+14 165.781213
848 6.163303e+14 152.157576
849 6.163804e+14 149.698524
850 6.164304e+14 152.306204
851 6.164805e+14 148.198185
852 6.165305e+14 150.579271
853 6.165806e+14 145.554450
854 6.166306e+14 148.061877
855 6.166807e+14 143.182433
856 6.167307e+14 144.060322
857 6.167808e+14 150.814277
858 6.168308e+14 164.132386
859 6.168809e+14 137.667065
860 6.169309e+14 146.173763
861 6.169810e+14 148.972692
862 6.170310e+14 155.633352
863 6.170811e+14 155.333840
864 6.171311e+14 149.208588
865 6.171812e+14 152.700556
866 6.172312e+14 146.688933
867 6.172813e+14 154.023924
868 6.173313e+14 157.875716
869 6.173814e+14 150.861357
870 6.174314e+14 149.963884
871 6.174815e+14 152.068339
872 6.175315e+14 149.403048
873 6.175816e+14 153.258885
874 6.176316e+14 146.953155
875 6.176817e+14 138.926958
876 6.177317e+14 142.561528
877 6.177818e+14 151.819394
878 6.178318e+14 155.886075
879 6.178819e+14 160.877460
880 6.179319e+14 164.761564
881 6.179820e+14 166.858145
882 6.180320e+14 149.596010
883 6.180821e+14 141.665217
884 6.181321e+14 151.269782
885 6.181822e+14 146.256107
886 6.182322e+14 157.128789
887 6.182823e+14 151.794995
888 6.183323e+14 152.052993
889 6.183824e+14 151.011681
890 6.184324e+14 144.892666
891 6.184825e+14 147.018542
892 6.185325e+14 152.236019
893 6.185826e+14 151.684646
894 6.186326e+14 150.512393
895 6.186827e+14 147.820132
896 6.187327e+14 149.384460
897 6.187828e+14 158.569795
898 6.188328e+14 150.306428
899 6.188829e+14 153.383687
900 6.189329e+14 152.201214
901 6.189830e+14 145.230996
902 6.190330e+14 161.976492
903 6.190831e+14 145.608133
904 6.191331e+14 137.627465
905 6.191832e+14 139.227609
906 6.192332e+14 145.741410
907 6.192833e+14 149.377457
908 6.193333e+14 148.760055
909 6.193834e+14 146.458326
910 6.194334e+14 153.835193
911 6.194835e+14 154.988107
912 6.195335e+14 143.189735
913 6.195836e+14 140.232261
914 6.196336e+14 143.795142
915 6.196837e+14 146.407602
916 6.197337e+14 144.618771
917 6.197838e+14 140.321155
918 6.198338e+14 143.036198
919 6.198839e+14 149.522819
920 6.199339e+14 146.992450
921 6.199840e+14 147.695223
922 6.200340e+14 157.004112
923 6.200841e+14 139.653879
924 6.201341e+14 146.849895
925 6.201842e+14 145.548798
926 6.202342e+14 155.261006
927 6.202843e+14 159.243434
928 6.203343e+14 145.546105
929 6.203844e+14 138.258767
930 6.204344e+14 163.377959
931 6.204845e+14 155.167868
932 6.205345e+14 145.313667
933 6.205846e+14 154.996823
934 6.206346e+14 151.979151
935 6.206847e+14 158.089872
936 6.207347e+14 156.922419
937 6.207848e+14 153.691636
938 6.208348e+14 160.688693
939 6.208849e+14 142.651439
940 6.209349e+14 154.664442
941 6.209850e+14 149.089424
942 6.210350e+14 148.171836
943 6.210851e+14 158.932166
944 6.211351e+14 144.235123
945 6.211852e+14 157.426191
946 6.212352e+14 151.132179
947 6.212853e+14 152.124439
948 6.213353e+14 159.252009
949 6.213854e+14 157.659205
950 6.214354e+14 153.581533
951 6.214855e+14 150.283548
952 6.215355e+14 159.373431
953 6.215856e+14 151.733020
954 6.216356e+14 155.057224
955 6.216857e+14 129.551699
956 6.217357e+14 149.400478
957 6.217858e+14 155.550069
958 6.218358e+14 154.222152
959 6.218859e+14 147.407222
960 6.219359e+14 150.733552
961 6.219860e+14 149.081187
962 6.220360e+14 144.600009
963 6.220861e+14 145.782846
964 6.221361e+14 147.051948
965 6.221862e+14 149.488468
966 6.222362e+14 151.176098
967 6.222863e+14 157.586372
968 6.223363e+14 154.982679
969 6.223864e+14 153.070489
970 6.224364e+14 162.789223
971 6.224865e+14 154.806765
972 6.225365e+14 152.110582
973 6.225866e+14 146.195185
974 6.226366e+14 153.132679
975 6.226867e+14 152.136989
976 6.227367e+14 155.259844
977 6.227868e+14 144.489228
978 6.228368e+14 139.239467
979 6.228869e+14 156.390334
980 6.229369e+14 152.869142
981 6.229870e+14 147.684461
982 6.230370e+14 158.377437
983 6.230871e+14 147.461835
984 6.231371e+14 147.865111
985 6.231872e+14 156.821407
986 6.232372e+14 145.599966
987 6.232873e+14 144.889347
988 6.233373e+14 154.256628
989 6.233874e+14 144.114278
990 6.234374e+14 147.692160
991 6.234875e+14 142.264274
992 6.235375e+14 156.309945
993 6.235876e+14 161.257810
994 6.236376e+14 147.501183
995 6.236877e+14 151.068029
996 6.237377e+14 143.697210
997 6.237878e+14 149.271430
998 6.238378e+14 159.279180
999 6.238879e+14 163.355147
