# Date: 19/07/01, Author: E.Hubble
# First column is index, second column is frequency (Hz), third column is spectra (A.U.)
0 5.646955e+14 129.068054
1 5.647455e+14 129.780816
2 5.647956e+14 127.820535
3 5.648456e+14 120.486591
4 5.648957e+14 137.383953
5 5.649457e+14 130.507629
6 5.649958e+14 146.095325
7 5.650458e+14 138.137047
8 5.650959e+14 142.549157
9 5.651459e+14 129.166954
10 5.651960e+14 138.911209
11 5.652460e+14 131.139659
12 5.652961e+14 133.975288
13 5.653461e+14 119.891286
14 5.653962e+14 133.609835
15 5.654462e+14 132.014824
16 5.654963e+14 130.921628
17 5.655463e+14 133.791297
18 5.655964e+14 135.147998
19 5.656464e+14 136.387944
20 5.656965e+14 132.480216
21 5.657465e+14 135.572278
22 5.657966e+14 127.381999
23 5.658466e+14 126.936231
24 5.658967e+14 140.958597
25 5.659467e+14 127.928860
26 5.659968e+14 144.192516
27 5.660468e+14 124.272551
28 5.660969e+14 132.920690
29 5.661469e+14 130.111436
30 5.661970e+14 130.973696
31 5.662470e+14 131.233972
32 5.662971e+14 126.191858
33 5.663471e+14 121.815934
34 5.663972e+14 116.371991
35 5.664472e+14 127.877629
36 5.664973e+14 135.430106
37 5.665473e+14 121.550367
38 5.665974e+14 124.083877
39 5.666474e+14 127.696295
40 5.666975e+14 144.602510
41 5.667475e+14 124.882236
42 5.667976e+14 139.139053
43 5.668476e+14 124.089151
44 5.668977e+14 122.221609
45 5.669477e+14 128.286713
46 5.669978e+14 135.400062
47 5.670478e+14 133.713823
48 5.670979e+14 143.100258
49 5.671479e+14 137.388471
50 5.671980e+14 140.608901
51 5.672480e+14 139.710124
52 5.672981e+14 141.414003
53 5.673481e+14 128.264965
54 5.673982e+14 128.585736
55 5.674482e+14 145.437714
56 5.674983e+14 132.774498
57 5.675483e+14 129.863040
58 5.675984e+14 145.308257
59 5.676484e+14 128.780647
60 5.676985e+14 135.750665
61 5.677485e+14 133.077972
62 5.677986e+14 135.923789
63 5.678486e+14 140.557800
64 5.678987e+14 142.108527
65 5.679487e+14 129.816060
66 5.679988e+14 133.675578
67 5.680488e+14 143.336390
68 5.680989e+14 135.377383
69 5.681489e+14 122.054189
70 5.681990e+14 130.743063
71 5.682490e+14 139.084231
72 5.682991e+14 137.063481
73 5.683491e+14 126.072868
74 5.683992e+14 134.071651
75 5.684492e+14 135.360204
76 5.684993e+14 123.372207
77 5.685493e+14 133.766355
78 5.685994e+14 131.692259
79 5.686494e+14 126.911780
80 5.686995e+14 131.899543
81 5.687495e+14 135.848804
82 5.687996e+14 130.012529
83 5.688496e+14 126.478044
84 5.688997e+14 149.021875
85 5.689497e+14 137.402781
86 5.689998e+14 124.502232
87 5.690498e+14 138.756714
88 5.690999e+14 133.909517
89 5.691499e+14 130.491986
90 5.692000e+14 140.825105
91 5.692500e+14 126.027389
92 5.693001e+14 141.978657
93 5.693501e+14 152.382252
94 5.694002e+14 133.733971
95 5.694502e+14 135.927353
96 5.695003e+14 143.256602
97 5.695503e+14 132.290128
98 5.696004e+14 135.322556
99 5.696504e+14 135.056996
100 5.697005e+14 145.772858
101 5.697505e+14 133.405450
102 5.698006e+14 134.207886
103 5.698506e+14 152.373761
104 5.699007e+14 140.210572
105 5.699507e+14 140.709800
106 5.700008e+14 127.941947
107 5.700508e+14 127.930594
108 5.701009e+14 140.300127
109 5.701509e+14 141.913079
110 5.702010e+14 133.954841
111 5.702510e+14 145.164876
112 5.703011e+14 136.894423
113 5.703511e+14 134.249837
114 5.704012e+14 138.545776
115 5.704512e+14 148.253826
116 5.705013e+14 122.055359
117 5.705513e+14 138.065608
118 5.706014e+14 128.421951
119 5.706514e+14 127.969760
120 5.707015e+14 126.809000
121 5.707515e+14 138.680360
122 5.708016e+14 138.742834
123 5.708516e+14 125.169741
124 5.709017e+14 141.792987
125 5.709517e+14 133.632349
126 5.710018e+14 137.862282
127 5.710518e+14 133.647073
128 5.711019e+14 129.516419
129 5.711519e+14 139.572446
130 5.712020e+14 131.574900
131 5.712520e+14 139.428081
132 5.713021e+14 133.237368
133 5.713521e+14 141.103184
134 5.714022e+14 131.410423
135 5.714522e+14 147.166475
136 5.715023e+14 139.035573
137 5.715523e+14 129.569620
138 5.716024e+14 138.069766
139 5.716524e+14 128.076265
140 5.717025e+14 135.659918
141 5.717525e+14 134.334899
142 5.718026e+14 133.587935
143 5.718526e+14 140.448884
144 5.719027e+14 126.226639
145 5.719527e+14 128.586872
146 5.720028e+14 132.742095
147 5.720528e+14 132.788883
148 5.721029e+14 138.259656
149 5.721529e+14 135.401257
150 5.722030e+14 137.419397
151 5.722530e+14 127.891689
152 5.723031e+14 133.611359
153 5.723531e+14 136.905169
154 5.724032e+14 136.609416
155 5.724532e+14 153.662118
156 5.725033e+14 133.521595
157 5.725533e+14 139.482941
158 5.726034e+14 141.760909
159 5.726534e+14 138.920843
160 5.727035e+14 131.772448
161 5.727535e+14 128.732535
162 5.728036e+14 141.338543
163 5.728536e+14 140.591276
164 5.729037e+14 134.553605
165 5.729537e+14 136.918941
166 5.730038e+14 139.699730
167 5.730538e+14 136.031815
168 5.731039e+14 134.482775
169 5.731539e+14 126.940170
170 5.732040e+14 129.277601
171 5.732540e+14 139.688565
172 5.733041e+14 139.429848
173 5.733541e+14 137.873682
174 5.734042e+14 141.440005
175 5.734542e+14 145.121078
176 5.735043e+14 142.717214
177 5.735543e+14 142.543510
178 5.736044e+14 151.895877
179 5.736544e+14 146.027543
180 5.737045e+14 126.846803
181 5.737545e+14 132.631930
182 5.738046e+14 133.716344
183 5.738546e+14 139.785686
184 5.739047e+14 138.652345
185 5.739547e+14 143.093468
186 5.740048e+14 144.262772
187 5.740548e+14 137.191465
188 5.741049e+14 139.187258
189 5.741549e+14 139.667934
190 5.742050e+14 141.007225
191 5.742550e+14 142.009326
192 5.743051e+14 134.849692
193 5.743551e+14 138.729351
194 5.744052e+14 138.617509
195 5.744552e+14 137.084185
196 5.745053e+14 133.985569
197 5.745553e+14 136.092911
198 5.746054e+14 138.261018
199 5.746554e+14 146.764640
200 5.747055e+14 133.864435
201 5.747555e+14 128.520385
202 5.748056e+14 142.440794
203 5.748556e+14 133.456476
204 5.749057e+14 153.000799
205 5.749557e+14 134.913203
206 5.750058e+14 134.079901
207 5.750558e+14 129.833607
208 5.751059e+14 131.466879
209 5.751559e+14 134.965162
210 5.752060e+14 138.100495
211 5.752560e+14 133.582082
212 5.753061e+14 139.636818
213 5.753561e+14 134.299040
214 5.754062e+14 149.542013
215 5.754562e+14 132.768386
216 5.755063e+14 136.713149
217 5.755563e+14 150.596690
218 5.756064e+14 146.039413
219 5.756564e+14 131.450780
220 5.757065e+14 141.511845
221 5.757565e+14 135.865757
222 5.758066e+14 141.038643
223 5.758566e+14 138.826235
224 5.759067e+14 137.649470
225 5.759567e+14 137.534041
226 5.760068e+14 140.552580
227 5.760568e+14 135.583560
228 5.761069e+14 135.290027
229 5.761569e+14 139.817114
230 5.762070e+14 129.359633
231 5.762570e+14 142.828371
232 5.763071e+14 145.716310
233 5.763571e+14 125.027739
234 5.764072e+14 143.365160
235 5.764572e+14 131.493577
236 5.765073e+14 138.723289
237 5.765573e+14 143.691260
238 5.766074e+14 150.310617
239 5.766574e+14 141.100080
240 5.767075e+14 132.404353
241 5.767575e+14 143.107398
242 5.768076e+14 132.159797
243 5.768576e+14 149.812128
244 5.769077e+14 143.235673
245 5.769577e+14 153.489834
246 5.770078e+14 151.330461
247 5.770578e+14 145.240706
248 5.771079e+14 138.131566
249 5.771579e+14 142.031360
250 5.772080e+14 130.574374
251 5.772580e+14 156.690131
252 5.773081e+14 135.558562
253 5.773581e+14 142.376189
254 5.774082e+14 141.646826
255 5.774582e+14 141.732602
256 5.775083e+14 141.086611
257 5.775583e+14 141.031304
258 5.776084e+14 142.948736
259 5.776584e+14 141.129241
260 5.777085e+14 136.704281
261 5.777585e+14 138.227823
262 5.778086e+14 146.185570
263 5.778586e+14 142.852906
264 5.779087e+14 136.695029
265 5.779587e+14 138.302491
266 5.780088e+14 130.210453
267 5.780588e+14 140.705102
268 5.781089e+14 141.479691
269 5.781589e+14 142.254730
270 5.782090e+14 148.840043
271 5.782590e+14 141.143749
272 5.783091e+14 134.803132
273 5.783591e+14 143.852542
274 5.784092e+14 150.501746
275 5.784592e+14 134.711941
276 5.785093e+14 137.158658
277 5.785593e+14 136.748384
278 5.786094e+14 139.765803
279 5.786594e+14 145.649230
280 5.787095e+14 137.591685
281 5.787595e+14 142.421906
282 5.788096e+14 151.984490
283 5.788596e+14 144.676129
284 5.789097e+14 150.416505
285 5.789597e+14 145.086003
286 5.790098e+14 132.942938
287 5.790598e+14 138.693241
288 5.791099e+14 146.761389
289 5.791599e+14 133.951020
290 5.792100e+14 149.428418
291 5.792600e+14 144.387015
292 5.793101e+14 139.711742
293 5.793601e+14 140.832949
294 5.794102e+14 128.953956
295 5.794602e+14 139.083779
296 5.795103e+14 142.822789
297 5.795603e+14 143.095586
298 5.796104e+14 137.907963
299 5.796604e+14 139.233404
300 5.797105e+14 139.257085
301 5.797605e+14 141.309538
302 5.798106e+14 140.508962
303 5.798606e+14 144.936724
304 5.799107e+14 141.960416
305 5.799607e+14 130.322348
306 5.800108e+14 141.117389
307 5.800608e+14 141.365607
308 5.801109e+14 139.764237
309 5.801609e+14 137.537440
310 5.802110e+14 139.723357
311 5.802610e+14 145.240155
312 5.803111e+14 148.752213
313 5.803611e+14 137.317324
314 5.804112e+14 134.932869
315 5.804612e+14 144.676750
316 5.805113e+14 146.649570
317 5.805613e+14 150.008212
318 5.806114e+14 132.909512
319 5.806614e+14 131.545894
320 5.807115e+14 132.674935
321 5.807615e+14 128.184168
322 5.808116e+14 146.993954
323 5.808616e+14 147.386995
324 5.809117e+14 147.023533
325 5.809617e+14 135.994202
326 5.810118e+14 133.243881
327 5.810618e+14 142.145238
328 5.811119e+14 128.340055
329 5.811619e+14 137.550009
330 5.812120e+14 143.503874
331 5.812620e+14 150.785606
332 5.813121e+14 134.781607
333 5.813621e+14 143.464539
334 5.814122e+14 153.014768
335 5.814622e+14 140.403718
336 5.815123e+14 137.574377
337 5.815623e+14 142.787078
338 5.816124e+14 135.766809
339 5.816624e+14 136.086762
340 5.817125e+14 144.847563
341 5.817625e+14 151.775160
342 5.818126e+14 143.240069
343 5.818626e+14 149.649128
344 5.819127e+14 136.928163
345 5.819627e+14 138.727928
346 5.820128e+14 148.348591
347 5.820628e+14 142.137188
348 5.821129e+14 147.797194
349 5.821629e+14 139.113989
350 5.822130e+14 139.256047
351 5.822630e+14 144.466055
352 5.823131e+14 145.635626
353 5.823631e+14 138.540122
354 5.824132e+14 134.648883
355 5.824632e+14 145.109691
356 5.825133e+14 133.392367
357 5.825633e+14 145.487461
358 5.826134e+14 145.191450
359 5.826634e+14 138.461256
360 5.827135e+14 135.724990
361 5.827635e+14 146.495525
362 5.828136e+14 139.667807
363 5.828636e+14 143.117381
364 5.829137e+14 145.734020
365 5.829637e+14 146.354152
366 5.830138e+14 148.150344
367 5.830638e+14 150.206701
368 5.831139e+14 142.846296
369 5.831639e+14 147.154715
370 5.832140e+14 141.108502
371 5.832640e+14 141.227196
372 5.833141e+14 147.659287
373 5.833641e+14 137.840950
374 5.834142e+14 154.261666
375 5.834642e+14 144.904830
376 5.835143e+14 147.031924
377 5.835643e+14 140.402334
378 5.836144e+14 139.840440
379 5.836644e+14 143.871043
380 5.837145e+14 149.554722
381 5.837645e+14 145.835732
382 5.838146e+14 148.236350
383 5.838646e+14 134.765751
384 5.839147e+14 160.306444
385 5.839647e+14 156.129011
386 5.840148e+14 143.283574
387 5.840648e+14 147.120596
388 5.841149e+14 155.023118
389 5.841649e+14 130.632875
390 5.842150e+14 147.271284
391 5.842650e+14 136.465123
392 5.843151e+14 141.666033
393 5.843651e+14 154.816117
394 5.844152e+14 137.270672
395 5.844652e+14 139.452217
396 5.845153e+14 142.783835
397 5.845653e+14 140.558814
398 5.846154e+14 134.683591
399 5.846654e+14 143.087766
400 5.847155e+14 140.894831
401 5.847655e+14 151.027359
402 5.848156e+14 141.693279
403 5.848656e+14 140.182878
404 5.849157e+14 147.603975
405 5.849657e+14 150.859992
406 5.850158e+14 148.630435
407 5.850658e+14 135.193684
408 5.851159e+14 140.898275
409 5.851659e+14 146.567073
410 5.852160e+14 152.233833
411 5.852660e+14 143.457792
412 5.853161e+14 141.496562
413 5.853661e+14 148.191593
414 5.854162e+14 153.361623
415 5.854662e+14 144.639663
416 5.855163e+14 140.581212
417 5.855663e+14 148.517455
418 5.856164e+14 141.653808
419 5.856664e+14 154.191354
420 5.857165e+14 146.196915
421 5.857665e+14 148.691056
422 5.858166e+14 141.793185
423 5.858666e+14 139.795636
424 5.859167e+14 146.207048
425 5.859667e+14 144.852722
426 5.860168e+14 137.973250
427 5.860668e+14 142.544324
428 5.861169e+14 145.093776
429 5.861669e+14 158.825475
430 5.862170e+14 142.183542
431 5.862670e+14 139.641537
432 5.863171e+14 141.157961
433 5.863671e+14 143.606882
434 5.864172e+14 150.519579
435 5.864672e+14 152.262689
436 5.865173e+14 140.809138
437 5.865673e+14 153.372568
438 5.866174e+14 146.883854
439 5.866674e+14 145.356293
440 5.867175e+14 153.289306
441 5.867675e+14 156.089420
442 5.868176e+14 142.016122
443 5.868676e+14 144.323832
444 5.869177e+14 152.368572
445 5.869677e+14 142.350650
446 5.870178e+14 146.920962
447 5.870678e+14 152.558861
448 5.871179e+14 152.750916
449 5.871679e+14 152.746127
450 5.872180e+14 154.163082
451 5.872680e+14 149.075836
452 5.873181e+14 143.434457
453 5.873681e+14 151.391406
454 5.874182e+14 145.327849
455 5.874682e+14 148.987123
456 5.875183e+14 153.967702
457 5.875683e+14 144.104004
458 5.876184e+14 150.446385
459 5.876684e+14 158.703725
460 5.877185e+14 149.003845
461 5.877685e+14 151.560528
462 5.878186e+14 155.500251
463 5.878686e+14 148.561687
464 5.879187e+14 139.578450
465 5.879687e+14 153.018303
466 5.880188e+14 138.524991
467 5.880688e+14 145.676068
468 5.881189e+14 150.173208
469 5.881689e+14 151.202490
470 5.882190e+14 147.393921
471 5.882690e+14 157.471631
472 5.883191e+14 148.664327
473 5.883691e+14 151.185412
474 5.884192e+14 153.556705
475 5.884692e+14 146.592429
476 5.885193e+14 145.939289
477 5.885693e+14 132.921089
478 5.886194e+14 143.262314
479 5.886694e+14 147.946274
480 5.887195e+14 144.639697
481 5.887695e+14 151.165801
482 5.888196e+14 151.076264
483 5.888696e+14 161.873994
484 5.889197e+14 146.837597
485 5.889697e+14 141.852073
486 5.890198e+14 144.134446
487 5.890698e+14 137.290123
488 5.891199e+14 154.705618
489 5.891699e+14 145.274598
490 5.892200e+14 139.037014
491 5.892700e+14 147.523248
492 5.893201e+14 147.294480
493 5.893701e+14 161.980161
494 5.894202e+14 158.708489
495 5.894702e+14 145.508585
496 5.895203e+14 155.771343
497 5.895703e+14 146.630528
498 5.896204e+14 148.582289
499 5.896704e+14 149.941066
500 5.897205e+14 146.534196
501 5.897705e+14 158.826872
502 5.898206e+14 144.889625
503 5.898706e+14 150.302509
504 5.899207e+14 154.797916
505 5.899707e+14 142.505211
506 5.900208e+14 153.480242
507 5.900708e+14 142.701267
508 5.901209e+14 139.952318
509 5.901709e+14 156.161147
510 5.902210e+14 140.073913
511 5.902710e+14 147.084490
512 5.903211e+14 154.738970
513 5.903711e+14 145.150135
514 5.904212e+14 149.258304
515 5.904712e+14 153.062189
516 5.905213e+14 155.888423
517 5.905713e+14 143.208115
518 5.906214e+14 155.953813
519 5.906714e+14 146.900001
520 5.907215e+14 144.807233
521 5.907715e+14 146.100460
522 5.908216e+14 145.344091
523 5.908716e+14 143.603633
524 5.909217e+14 150.646216
525 5.909717e+14 142.970389
526 5.910218e+14 147.370500
527 5.910718e+14 146.223405
528 5.911219e+14 156.296481
529 5.911719e+14 152.188575
530 5.912220e+14 144.374362
531 5.912720e+14 162.725894
532 5.913221e+14 146.797916
533 5.913721e+14 155.725947
534 5.914222e+14 153.491888
535 5.914722e+14 143.932119
536 5.915223e+14 152.984110
537 5.915723e+14 159.025712
538 5.916224e+14 143.914378
539 5.916724e+14 145.674391
540 5.917225e+14 152.989142
541 5.917725e+14 146.601211
542 5.918226e+14 149.594468
543 5.918726e+14 138.264518
544 5.919227e+14 150.486851
545 5.919727e+14 151.132853
546 5.920228e+14 145.253970
547 5.920728e+14 145.882037
548 5.921229e+14 167.064694
549 5.921729e+14 140.868225
550 5.922230e+14 166.772712
551 5.922730e+14 155.431257
552 5.923231e+14 147.834371
553 5.923731e+14 159.369486
554 5.924232e+14 158.772990
555 5.924732e+14 142.916760
556 5.925233e+14 147.841950
557 5.925733e+14 148.355835
558 5.926234e+14 149.845485
559 5.926734e+14 149.510521
560 5.927235e+14 144.464008
561 5.927735e+14 142.836201
562 5.928236e+14 154.455617
563 5.928736e+14 154.044079
564 5.929237e+14 146.881648
565 5.929737e+14 147.537171
566 5.930238e+14 150.757077
567 5.930738e+14 149.017667
568 5.931239e+14 142.226205
569 5.931739e+14 151.737679
570 5.932240e+14 146.999932
571 5.932740e+14 154.874499
572 5.933241e+14 155.579585
573 5.933741e+14 140.101027
574 5.934242e+14 141.674518
575 5.934742e+14 147.783195
576 5.935243e+14 146.990529
577 5.935743e+14 145.703719
578 5.936244e+14 147.738870
579 5.936744e+14 154.996460
580 5.937245e+14 139.965634
581 5.937745e+14 151.372964
582 5.938246e+14 153.410352
583 5.938746e+14 145.438670
584 5.939247e+14 157.699795
585 5.939747e+14 151.998676
586 5.940248e+14 156.326123
587 5.940748e+14 156.091629
588 5.941249e+14 142.387531
589 5.941749e+14 162.762394
590 5.942250e+14 155.744887
591 5.942750e+14 163.948148
592 5.943251e+14 162.260023
593 5.943751e+14 149.649247
594 5.944252e+14 158.429327
595 5.944752e+14 156.868850
596 5.945253e+14 151.855738
597 5.945753e+14 159.247112
598 5.946254e+14 160.909816
599 5.946754e+14 146.071338
600 5.947255e+14 150.348075
601 5.947755e+14 153.457744
602 5.948256e+14 149.711546
603 5.948756e+14 151.852307
604 5.949257e+14 158.557679
605 5.949757e+14 157.394791
606 5.950258e+14 162.040896
607 5.950758e+14 157.440601
608 5.951259e+14 159.873730
609 5.951759e+14 158.998325
610 5.952260e+14 174.173526
611 5.952760e+14 163.620805
612 5.953261e+14 153.879068
613 5.953761e+14 149.185580
614 5.954262e+14 153.974770
615 5.954762e+14 164.519135
616 5.955263e+14 156.576995
617 5.955763e+14 166.611021
618 5.956264e+14 175.267460
619 5.956764e+14 154.182872
620 5.957265e+14 151.198260
621 5.957765e+14 162.742601
622 5.958266e+14 166.519929
623 5.958766e+14 168.500730
624 5.959267e+14 161.439999
625 5.959767e+14 151.000332
626 5.960268e+14 161.873746
627 5.960768e+14 164.484957
628 5.961269e+14 150.896009
629 5.961769e+14 159.392908
630 5.962270e+14 164.861821
631 5.962770e+14 159.054529
632 5.963271e+14 151.155397
633 5.963771e+14 163.798502
634 5.964272e+14 166.994570
635 5.964772e+14 161.273771
636 5.965273e+14 155.023431
637 5.965773e+14 170.941423
638 5.966274e+14 170.593072
639 5.966774e+14 158.948247
640 5.967275e+14 169.374402
641 5.967775e+14 163.188288
642 5.968276e+14 167.893445
643 5.968776e+14 169.817401
644 5.969277e+14 162.978171
645 5.969777e+14 168.107533
646 5.970278e+14 165.797113
647 5.970778e+14 175.958798
648 5.971279e+14 177.787723
649 5.971779e+14 174.254285
650 5.972280e+14 166.277160
651 5.972780e+14 169.961554
652 5.973281e+14 161.721901
653 5.973781e+14 175.026793
654 5.974282e+14 176.594818
655 5.974782e+14 162.511950
656 5.975283e+14 165.230459
657 5.975783e+14 177.095158
658 5.976284e+14 160.675860
659 5.976784e+14 165.719279
660 5.977285e+14 172.240487
661 5.977785e+14 169.603995
662 5.978286e+14 175.236268
663 5.978786e+14 182.002930
664 5.979287e+14 175.549561
665 5.979787e+14 181.195472
666 5.980288e+14 175.374044
667 5.980788e+14 181.702925
668 5.981289e+14 173.897360
669 5.981789e+14 187.865806
670 5.982290e+14 161.137383
671 5.982790e+14 178.354313
672 5.983291e+14 168.041686
673 5.983791e+14 177.682017
674 5.984292e+14 173.916942
675 5.984792e+14 177.526144
676 5.985293e+14 176.181605
677 5.985793e+14 174.738858
678 5.986294e+14 171.250037
679 5.986794e+14 175.776225
680 5.987295e+14 176.670632
681 5.987795e+14 179.097271
682 5.988296e+14 177.918733
683 5.988796e+14 186.364925
684 5.989297e+14 181.598738
685 5.989797e+14 183.226624
686 5.990298e+14 186.104411
687 5.990798e+14 185.772736
688 5.991299e+14 176.376649
689 5.991799e+14 182.849914
690 5.992300e+14 192.842906
691 5.992800e+14 189.250713
692 5.993301e+14 188.577819
693 5.993801e+14 184.715476
694 5.994302e+14 183.495460
695 5.994802e+14 176.942493
696 5.995303e+14 182.382396
697 5.995803e+14 178.007242
698 5.996304e+14 176.274385
699 5.996804e+14 192.651321
700 5.997305e+14 186.413817
701 5.997805e+14 188.981828
702 5.998306e+14 186.150942
703 5.998806e+14 178.279444
704 5.999307e+14 183.222525
705 5.999807e+14 179.318330
706 6.000308e+14 187.790723
707 6.000808e+14 180.012872
708 6.001309e+14 174.818984
709 6.001809e+14 184.037576
710 6.002310e+14 182.864799
711 6.002810e+14 186.322211
712 6.003311e+14 180.782649
713 6.003811e+14 185.658335
714 6.004312e+14 177.890345
715 6.004812e+14 177.888201
716 6.005313e+14 184.410302
717 6.005813e+14 181.568746
718 6.006314e+14 174.740679
719 6.006814e+14 177.511205
720 6.007315e+14 182.415759
721 6.007815e+14 178.833995
722 6.008316e+14 180.842563
723 6.008816e+14 176.780384
724 6.009317e+14 177.984540
725 6.009817e+14 174.645538
726 6.010318e+14 179.869130
727 6.010818e+14 180.284347
728 6.011319e+14 177.946989
729 6.011819e+14 184.054212
730 6.012320e+14 183.816635
731 6.012820e+14 167.012292
732 6.013321e+14 178.876625
733 6.013821e+14 187.419763
734 6.014322e+14 185.364073
735 6.014822e+14 173.374998
736 6.015323e+14 173.118650
737 6.015823e+14 178.728596
738 6.016324e+14 172.528933
739 6.016824e+14 175.606897
740 6.017325e+14 170.735229
741 6.017825e+14 170.196510
742 6.018326e+14 187.410909
743 6.018826e+14 178.450118
744 6.019327e+14 171.892969
745 6.019827e+14 170.360943
746 6.020328e+14 176.920595
747 6.020828e+14 170.274004
748 6.021329e+14 172.705992
749 6.021829e+14 166.975742
750 6.022330e+14 182.398172
751 6.022830e+14 176.584444
752 6.023331e+14 184.736140
753 6.023832e+14 169.506882
754 6.024332e+14 171.338768
755 6.024833e+14 163.254123
756 6.025333e+14 164.682403
757 6.025834e+14 171.605831
758 6.026334e+14 172.089032
759 6.026835e+14 174.376405
760 6.027335e+14 164.220778
761 6.027836e+14 173.513945
762 6.028336e+14 168.320771
763 6.028837e+14 170.945831
764 6.029337e+14 165.004625
765 6.029838e+14 169.844349
766 6.030338e+14 175.729658
767 6.030839e+14 173.410845
768 6.031339e+14 178.560416
769 6.031840e+14 165.681762
770 6.032340e+14 164.046909
771 6.032841e+14 168.198560
772 6.033341e+14 162.021666
773 6.033842e+14 159.759891
774 6.034342e+14 176.430687
775 6.034843e+14 181.792309
776 6.035343e+14 161.691732
777 6.035844e+14 168.816482
778 6.036344e+14 155.866227
779 6.036845e+14 152.667756
780 6.037345e+14 168.580838
781 6.037846e+14 166.170631
782 6.038346e+14 170.242516
783 6.038847e+14 170.321351
784 6.039347e+14 153.486005
785 6.039848e+14 177.853945
786 6.040348e+14 166.841433
787 6.040849e+14 157.515545
788 6.041349e+14 162.251886
789 6.041850e+14 169.144549
790 6.042350e+14 163.462425
791 6.042851e+14 168.641610
792 6.043351e+14 159.345097
793 6.043852e+14 160.597812
794 6.044352e+14 166.435389
795 6.044853e+14 163.913675
796 6.045353e+14 154.239272
797 6.045854e+14 169.187051
798 6.046354e+14 169.358116
799 6.046855e+14 163.372665
800 6.047355e+14 160.252286
801 6.047856e+14 162.754399
802 6.048356e+14 170.052073
803 6.048857e+14 161.273310
804 6.049357e+14 162.663856
805 6.049858e+14 152.877064
806 6.050358e+14 165.572959
807 6.050859e+14 151.976461
808 6.051359e+14 166.442135
809 6.051860e+14 161.931743
810 6.052360e+14 153.391404
811 6.052861e+14 164.990959
812 6.053361e+14 157.687929
813 6.053862e+14 166.794729
814 6.054362e+14 159.335575
815 6.054863e+14 164.889528
816 6.055363e+14 157.291447
817 6.055864e+14 161.958582
818 6.056364e+14 168.042364
819 6.056865e+14 162.208402
820 6.057365e+14 157.998812
821 6.057866e+14 167.906561
822 6.058366e+14 155.441964
823 6.058867e+14 172.837372
824 6.059367e+14 159.666228
825 6.059868e+14 178.416062
826 6.060368e+14 163.921694
827 6.060869e+14 163.732858
828 6.061369e+14 171.638866
829 6.061870e+14 156.239773
830 6.062370e+14 158.610844
831 6.062871e+14 156.973649
832 6.063371e+14 154.587390
833 6.063872e+14 156.398997
834 6.064372e+14 163.779420
835 6.064873e+14 164.821125
836 6.065373e+14 164.395329
837 6.065874e+14 158.301870
838 6.066374e+14 150.942335
839 6.066875e+14 156.158467
840 6.067375e+14 153.070662
841 6.067876e+14 158.585366
842 6.068376e+14 154.192152
843 6.068877e+14 151.445422
844 6.069377e+14 150.346551
845 6.069878e+14 164.322404
846 6.070378e+14 170.306131
847 6.070879e+14 158.680893
848 6.071379e+14 155.418307
849 6.071880e+14 150.961234
850 6.072380e+14 159.880158
851 6.072881e+14 163.491386
852 6.073381e+14 162.426358
853 6.073882e+14 158.628663
854 6.074382e+14 157.617338
855 6.074883e+14 167.458835
856 6.075383e+14 161.295063
857 6.075884e+14 153.352418
858 6.076384e+14 160.907579
859 6.076885e+14 150.347730
860 6.077385e+14 155.299028
861 6.077886e+14 164.417073
862 6.078386e+14 162.670196
863 6.078887e+14 158.626389
864 6.079387e+14 155.496653
865 6.079888e+14 159.202814
866 6.080388e+14 166.456476
867 6.080889e+14 166.895615
868 6.081389e+14 154.095006
869 6.081890e+14 170.037690
870 6.082390e+14 159.513383
871 6.082891e+14 165.108476
872 6.083391e+14 164.371923
873 6.083892e+14 162.779081
874 6.084392e+14 163.233632
875 6.084893e+14 167.825202
876 6.085393e+14 162.190485
877 6.085894e+14 165.762215
878 6.086394e+14 156.404427
879 6.086895e+14 162.261217
880 6.087395e+14 162.449875
881 6.087896e+14 155.882720
882 6.088396e+14 155.833393
883 6.088897e+14 164.451789
884 6.089397e+14 167.941423
885 6.089898e+14 168.828980
886 6.090398e+14 165.669342
887 6.090899e+14 159.950004
888 6.091399e+14 161.495285
889 6.091900e+14 157.983402
890 6.092400e+14 160.139886
891 6.092901e+14 159.270384
892 6.093401e+14 164.294563
893 6.093902e+14 158.953382
894 6.094402e+14 161.656136
895 6.094903e+14 165.063375
896 6.095403e+14 155.503457
897 6.095904e+14 166.236921
898 6.096404e+14 164.523161
899 6.096905e+14 171.084489
900 6.097405e+14 168.707447
901 6.097906e+14 158.063785
902 6.098406e+14 158.024952
903 6.098907e+14 158.075158
904 6.099407e+14 162.991395
905 6.099908e+14 160.505779
906 6.100408e+14 163.455885
907 6.100909e+14 159.274554
908 6.101409e+14 166.309123
909 6.101910e+14 165.697385
910 6.102410e+14 153.185534
911 6.102911e+14 155.238384
912 6.103411e+14 157.915883
913 6.103912e+14 163.407237
914 6.104412e+14 166.576845
915 6.104913e+14 162.125102
916 6.105413e+14 161.271077
917 6.105914e+14 164.307418
918 6.106414e+14 169.232661
919 6.106915e+14 157.720918
920 6.107415e+14 158.589955
921 6.107916e+14 158.480275
922 6.108416e+14 173.597956
923 6.108917e+14 163.293366
924 6.109417e+14 161.557218
925 6.109918e+14 170.247054
926 6.110418e+14 162.923679
927 6.110919e+14 163.171827
928 6.111419e+14 160.864607
929 6.111920e+14 160.407717
930 6.112420e+14 164.689804
931 6.112921e+14 167.985367
932 6.113421e+14 169.351751
933 6.113922e+14 160.792106
934 6.114422e+14 157.641711
935 6.114923e+14 154.153634
936 6.115423e+14 154.483273
937 6.115924e+14 166.243865
938 6.116424e+14 171.178884
939 6.116925e+14 176.241007
940 6.117425e+14 164.394607
941 6.117926e+14 162.954851
942 6.118426e+14 154.990506
943 6.118927e+14 172.269309
944 6.119427e+14 161.625075
945 6.119928e+14 160.006010
946 6.120428e+14 168.722700
947 6.120929e+14 164.600741
948 6.121429e+14 161.856194
949 6.121930e+14 158.717435
950 6.122430e+14 160.163943
951 6.122931e+14 165.104696
952 6.123431e+14 169.910906
953 6.123932e+14 171.743770
954 6.124432e+14 163.079219
955 6.124933e+14 154.985534
956 6.125433e+14 165.376720
957 6.125934e+14 159.061853
958 6.126434e+14 167.598970
959 6.126935e+14 164.085439
960 6.127435e+14 166.153676
961 6.127936e+14 174.250877
962 6.128436e+14 162.272142
963 6.128937e+14 169.135567
964 6.129437e+14 162.201029
965 6.129938e+14 169.705887
966 6.130438e+14 170.711444
967 6.130939e+14 166.824136
968 6.131439e+14 160.677515
969 6.131940e+14 167.452075
970 6.132440e+14 170.805981
971 6.132941e+14 160.612674
972 6.133441e+14 165.915245
973 6.133942e+14 173.736648
974 6.134442e+14 168.680397
975 6.134943e+14 176.460077
976 6.135443e+14 162.236198
977 6.135944e+14 159.268714
978 6.136444e+14 160.227589
979 6.136945e+14 164.964565
980 6.137445e+14 159.033126
981 6.137946e+14 161.986670
982 6.138446e+14 159.629657
983 6.138947e+14 171.584578
984 6.139447e+14 166.252391
985 6.139948e+14 159.355053
986 6.140448e+14 176.637252
987 6.140949e+14 157.206898
988 6.141449e+14 172.382537
989 6.141950e+14 167.317829
990 6.142450e+14 162.189825
991 6.142951e+14 171.867124
992 6.143451e+14 165.077749
993 6.143952e+14 170.008679
994 6.144452e+14 168.139411
995 6.144953e+14 158.488294
996 6.145453e+14 170.594011
997 6.145954e+14 166.714590
998 6.146454e+14 169.991048
999 6.146955e+14 169.098114
