# Date: 19/07/01, Author: E.Hubble
# First column is index, second column is frequency (Hz), third column is spectra (A.U.)
0 5.642066e+14 122.738941
1 5.642566e+14 138.364296
2 5.643067e+14 135.983937
3 5.643567e+14 137.402952
4 5.644068e+14 130.777026
5 5.644568e+14 132.213859
6 5.645069e+14 123.690269
7 5.645569e+14 138.127766
8 5.646070e+14 124.983426
9 5.646570e+14 130.667780
10 5.647071e+14 133.681954
11 5.647571e+14 127.969429
12 5.648072e+14 135.161181
13 5.648572e+14 132.842107
14 5.649073e+14 128.533793
15 5.649573e+14 134.032477
16 5.650074e+14 135.627676
17 5.650574e+14 130.194909
18 5.651075e+14 120.847071
19 5.651575e+14 128.080480
20 5.652076e+14 134.347041
21 5.652576e+14 128.520049
22 5.653077e+14 134.417049
23 5.653577e+14 135.427066
24 5.654078e+14 132.370299
25 5.654578e+14 118.290043
26 5.655079e+14 129.394766
27 5.655579e+14 130.976366
28 5.656080e+14 128.233048
29 5.656580e+14 131.616797
30 5.657081e+14 129.042621
31 5.657581e+14 142.122096
32 5.658082e+14 142.332619
33 5.658582e+14 130.593046
34 5.659083e+14 130.532179
35 5.659583e+14 127.507605
36 5.660084e+14 121.670827
37 5.660584e+14 133.827810
38 5.661085e+14 132.796359
39 5.661585e+14 132.158792
40 5.662086e+14 131.077262
41 5.662586e+14 138.379148
42 5.663087e+14 126.127071
43 5.663587e+14 128.526443
44 5.664088e+14 125.498906
45 5.664588e+14 132.349992
46 5.665089e+14 143.051916
47 5.665589e+14 124.252899
48 5.666090e+14 137.299846
49 5.666590e+14 131.858365
50 5.667091e+14 129.119414
51 5.667591e+14 125.920710
52 5.668092e+14 126.088083
53 5.668592e+14 122.075507
54 5.669093e+14 129.059205
55 5.669593e+14 138.968636
56 5.670094e+14 136.981506
57 5.670594e+14 130.651343
58 5.671095e+14 135.536283
59 5.671595e+14 136.079406
60 5.672096e+14 119.543441
61 5.672596e+14 124.532727
62 5.673097e+14 130.909277
63 5.673597e+14 138.634770
64 5.674098e+14 119.151410
65 5.674598e+14 128.730092
66 5.675099e+14 133.825294
67 5.675599e+14 127.520390
68 5.676100e+14 126.888470
69 5.676600e+14 127.999771
70 5.677101e+14 135.019014
71 5.677601e+14 120.994999
72 5.678102e+14 121.072668
73 5.678602e+14 117.838872
74 5.679103e+14 128.323614
75 5.679603e+14 131.773107
76 5.680104e+14 129.842224
77 5.680604e+14 113.133493
78 5.681105e+14 127.493449
79 5.681605e+14 125.255036
80 5.682106e+14 132.261707
81 5.682606e+14 130.892228
82 5.683107e+14 125.881152
83 5.683607e+14 125.851381
84 5.684108e+14 135.209715
85 5.684608e+14 139.776336
86 5.685109e+14 123.064483
87 5.685609e+14 137.289934
88 5.686110e+14 129.737377
89 5.686610e+14 137.013884
90 5.687111e+14 136.251271
91 5.687611e+14 129.336942
92 5.688112e+14 146.340421
93 5.688612e+14 126.786967
94 5.689113e+14 124.362257
95 5.689613e+14 124.676445
96 5.690114e+14 125.910761
97 5.690614e+14 127.853607
98 5.691115e+14 138.000978
99 5.691615e+14 135.105309
100 5.692116e+14 128.311243
101 5.692616e+14 118.825387
102 5.693117e+14 130.950725
103 5.693617e+14 128.771844
104 5.694118e+14 123.206592
105 5.694618e+14 124.231213
106 5.695119e+14 142.060700
107 5.695619e+14 131.868987
108 5.696120e+14 138.083263
109 5.696620e+14 117.015641
110 5.697121e+14 137.892700
111 5.697621e+14 130.489510
112 5.698122e+14 139.090951
113 5.698622e+14 121.918643
114 5.699123e+14 142.109561
115 5.699623e+14 142.975523
116 5.700124e+14 122.817274
117 5.700624e+14 136.550149
118 5.701125e+14 130.331936
119 5.701625e+14 125.637880
120 5.702126e+14 127.691842
121 5.702626e+14 134.483421
122 5.703127e+14 132.199573
123 5.703627e+14 133.798337
124 5.704128e+14 147.010454
125 5.704628e+14 123.619738
126 5.705129e+14 139.781506
127 5.705629e+14 131.478466
128 5.706130e+14 127.888068
129 5.706630e+14 134.962126
130 5.707131e+14 120.145805
131 5.707631e+14 132.469971
132 5.708132e+14 128.232562
133 5.708632e+14 134.942690
134 5.709133e+14 131.456956
135 5.709633e+14 126.209991
136 5.710134e+14 133.490973
137 5.710634e+14 127.960643
138 5.711135e+14 130.612904
139 5.711635e+14 131.094066
140 5.712136e+14 120.939190
141 5.712636e+14 126.289305
142 5.713137e+14 134.221605
143 5.713637e+14 138.642575
144 5.714138e+14 146.967962
145 5.714638e+14 130.409172
146 5.715139e+14 136.469717
147 5.715639e+14 122.792613
148 5.716140e+14 120.401683
149 5.716640e+14 125.307736
150 5.717141e+14 135.656828
151 5.717641e+14 132.998675
152 5.718142e+14 130.799741
153 5.718642e+14 133.566750
154 5.719143e+14 137.331422
155 5.719643e+14 127.895969
156 5.720144e+14 135.088603
157 5.720644e+14 137.518433
158 5.721145e+14 123.330168
159 5.721645e+14 132.218688
160 5.722146e+14 129.313837
161 5.722646e+14 134.622949
162 5.723147e+14 139.484665
163 5.723647e+14 130.591430
164 5.724148e+14 131.470189
165 5.724648e+14 128.463129
166 5.725149e+14 141.144819
167 5.725649e+14 135.822884
168 5.726150e+14 128.807423
169 5.726650e+14 125.306865
170 5.727151e+14 123.425948
171 5.727651e+14 139.705487
172 5.728152e+14 123.607799
173 5.728652e+14 131.856681
174 5.729153e+14 130.166128
175 5.729653e+14 135.859730
176 5.730154e+14 131.091761
177 5.730654e+14 130.206247
178 5.731155e+14 131.662323
179 5.731655e+14 137.213691
180 5.732156e+14 134.694494
181 5.732656e+14 141.607330
182 5.733157e+14 134.674658
183 5.733657e+14 133.387466
184 5.734158e+14 134.031964
185 5.734658e+14 122.789888
186 5.735159e+14 134.510639
187 5.735659e+14 123.958064
188 5.736160e+14 136.494883
189 5.736660e+14 128.327610
190 5.737161e+14 130.753503
191 5.737661e+14 122.430963
192 5.738162e+14 130.220809
193 5.738662e+14 144.231945
194 5.739163e+14 122.394546
195 5.739663e+14 127.564930
196 5.740164e+14 135.816752
197 5.740664e+14 128.606093
198 5.741165e+14 130.066997
199 5.741665e+14 130.398215
200 5.742166e+14 132.887573
201 5.742666e+14 133.069514
202 5.743167e+14 123.372731
203 5.743667e+14 128.945972
204 5.744168e+14 132.182354
205 5.744668e+14 131.468115
206 5.745169e+14 138.040765
207 5.745669e+14 126.782041
208 5.746170e+14 135.445817
209 5.746670e+14 137.907750
210 5.747171e+14 136.499357
211 5.747671e+14 131.111474
212 5.748172e+14 140.737342
213 5.748672e+14 130.378246
214 5.749173e+14 138.897462
215 5.749673e+14 136.818172
216 5.750174e+14 139.406547
217 5.750674e+14 137.194878
218 5.751175e+14 134.159857
219 5.751675e+14 122.717041
220 5.752176e+14 124.994680
221 5.752676e+14 131.939129
222 5.753177e+14 136.221249
223 5.753678e+14 128.499447
224 5.754178e+14 125.826966
225 5.754679e+14 139.287611
226 5.755179e+14 131.793194
227 5.755680e+14 135.115225
228 5.756180e+14 129.807644
229 5.756681e+14 139.445487
230 5.757181e+14 129.239586
231 5.757682e+14 135.948112
232 5.758182e+14 133.851790
233 5.758683e+14 122.511637
234 5.759183e+14 135.266198
235 5.759684e+14 135.757015
236 5.760184e+14 130.127394
237 5.760685e+14 138.346320
238 5.761185e+14 129.349602
239 5.761686e+14 131.637308
240 5.762186e+14 131.700379
241 5.762687e+14 131.517787
242 5.763187e+14 138.636175
243 5.763688e+14 144.131928
244 5.764188e+14 134.595448
245 5.764689e+14 133.110691
246 5.765189e+14 126.491199
247 5.765690e+14 129.220542
248 5.766190e+14 131.773308
249 5.766691e+14 129.879610
250 5.767191e+14 131.308559
251 5.767692e+14 132.774973
252 5.768192e+14 133.213253
253 5.768693e+14 128.584071
254 5.769193e+14 129.098974
255 5.769694e+14 123.601546
256 5.770194e+14 127.454502
257 5.770695e+14 128.987461
258 5.771195e+14 129.356539
259 5.771696e+14 134.420696
260 5.772196e+14 131.936299
261 5.772697e+14 135.189561
262 5.773197e+14 133.131322
263 5.773698e+14 131.820770
264 5.774198e+14 135.510832
265 5.774699e+14 137.861156
266 5.775199e+14 123.857040
267 5.775700e+14 127.610252
268 5.776200e+14 132.235724
269 5.776701e+14 135.261544
270 5.777201e+14 130.427453
271 5.777702e+14 138.900760
272 5.778202e+14 137.962510
273 5.778703e+14 124.886587
274 5.779203e+14 127.160420
275 5.779704e+14 133.210335
276 5.780204e+14 131.180091
277 5.780705e+14 130.236130
278 5.781205e+14 119.173769
279 5.781706e+14 127.660959
280 5.782206e+14 130.718958
281 5.782707e+14 128.419175
282 5.783207e+14 135.667020
283 5.783708e+14 119.607914
284 5.784208e+14 138.598790
285 5.784709e+14 134.992755
286 5.785209e+14 138.146610
287 5.785710e+14 143.480727
288 5.786210e+14 148.518117
289 5.786711e+14 119.854490
290 5.787211e+14 127.762074
291 5.787712e+14 128.462457
292 5.788212e+14 134.956144
293 5.788713e+14 133.770572
294 5.789213e+14 131.156916
295 5.789714e+14 129.971875
296 5.790214e+14 137.587214
297 5.790715e+14 129.772136
298 5.791215e+14 122.905088
299 5.791716e+14 139.545722
300 5.792216e+14 126.005414
301 5.792717e+14 131.711341
302 5.793217e+14 126.820826
303 5.793718e+14 130.887321
304 5.794218e+14 136.334522
305 5.794719e+14 129.505943
306 5.795219e+14 141.162613
307 5.795720e+14 137.290587
308 5.796220e+14 126.740544
309 5.796721e+14 141.187080
310 5.797221e+14 140.612184
311 5.797722e+14 128.368682
312 5.798222e+14 137.419604
313 5.798723e+14 138.634161
314 5.799223e+14 123.606283
315 5.799724e+14 135.693323
316 5.800224e+14 135.228897
317 5.800725e+14 134.935750
318 5.801225e+14 142.160524
319 5.801726e+14 136.423727
320 5.802226e+14 133.632388
321 5.802727e+14 135.960632
322 5.803227e+14 143.773515
323 5.803728e+14 136.457780
324 5.804228e+14 132.321975
325 5.804729e+14 133.466855
326 5.805229e+14 129.728388
327 5.805730e+14 130.549974
328 5.806230e+14 119.104978
329 5.806731e+14 137.668368
330 5.807231e+14 137.701520
331 5.807732e+14 129.147503
332 5.808232e+14 131.709152
333 5.808733e+14 130.718013
334 5.809233e+14 134.499303
335 5.809734e+14 129.754974
336 5.810234e+14 130.674050
337 5.810735e+14 125.091967
338 5.811235e+14 129.862163
339 5.811736e+14 141.807373
340 5.812236e+14 131.293860
341 5.812737e+14 137.780247
342 5.813237e+14 133.721080
343 5.813738e+14 145.178316
344 5.814238e+14 145.996080
345 5.814739e+14 135.077637
346 5.815239e+14 125.944457
347 5.815740e+14 130.424818
348 5.816240e+14 142.275288
349 5.816741e+14 132.026575
350 5.817241e+14 139.863994
351 5.817742e+14 130.043695
352 5.818242e+14 145.151395
353 5.818743e+14 142.720679
354 5.819243e+14 141.281099
355 5.819744e+14 140.827196
356 5.820244e+14 147.106874
357 5.820745e+14 137.428455
358 5.821245e+14 137.851793
359 5.821746e+14 143.650747
360 5.822246e+14 132.351718
361 5.822747e+14 137.947248
362 5.823247e+14 140.264108
363 5.823748e+14 135.521265
364 5.824248e+14 133.790309
365 5.824749e+14 124.245634
366 5.825249e+14 133.076682
367 5.825750e+14 141.776604
368 5.826250e+14 127.061337
369 5.826751e+14 142.379392
370 5.827251e+14 136.815258
371 5.827752e+14 136.544656
372 5.828252e+14 141.431040
373 5.828753e+14 138.703987
374 5.829253e+14 148.993824
375 5.829754e+14 134.270467
376 5.830254e+14 132.109337
377 5.830755e+14 143.279574
378 5.831255e+14 136.948000
379 5.831756e+14 132.331507
380 5.832256e+14 138.526324
381 5.832757e+14 141.022491
382 5.833257e+14 141.040021
383 5.833758e+14 140.183284
384 5.834258e+14 136.098390
385 5.834759e+14 141.916749
386 5.835259e+14 149.165136
387 5.835760e+14 156.352640
388 5.836260e+14 148.135569
389 5.836761e+14 142.254678
390 5.837261e+14 142.443951
391 5.837762e+14 146.135684
392 5.838262e+14 142.239450
393 5.838763e+14 147.746694
394 5.839263e+14 151.191705
395 5.839764e+14 162.579240
396 5.840264e+14 146.434411
397 5.840765e+14 143.148582
398 5.841265e+14 148.633705
399 5.841766e+14 144.569330
400 5.842266e+14 146.477551
401 5.842767e+14 144.535546
402 5.843267e+14 160.219244
403 5.843768e+14 162.699644
404 5.844268e+14 148.637496
405 5.844769e+14 156.485500
406 5.845269e+14 154.281250
407 5.845770e+14 153.563380
408 5.846270e+14 166.675756
409 5.846771e+14 156.087114
410 5.847271e+14 146.496115
411 5.847772e+14 161.392212
412 5.848272e+14 158.000712
413 5.848773e+14 151.986063
414 5.849273e+14 158.868004
415 5.849774e+14 163.582584
416 5.850274e+14 155.621917
417 5.850775e+14 169.803666
418 5.851275e+14 164.379484
419 5.851776e+14 158.753653
420 5.852276e+14 151.735413
421 5.852777e+14 156.289729
422 5.853277e+14 162.269114
423 5.853778e+14 161.591991
424 5.854278e+14 169.861192
425 5.854779e+14 162.585661
426 5.855279e+14 156.750127
427 5.855780e+14 153.875836
428 5.856280e+14 164.603097
429 5.856781e+14 162.086850
430 5.857281e+14 156.161281
431 5.857782e+14 148.939948
432 5.858282e+14 148.966777
433 5.858783e+14 164.210306
434 5.859283e+14 154.943145
435 5.859784e+14 148.506381
436 5.860284e+14 148.974248
437 5.860785e+14 157.379043
438 5.861285e+14 152.036168
439 5.861786e+14 147.300194
440 5.862286e+14 166.389570
441 5.862787e+14 155.131964
442 5.863287e+14 154.748856
443 5.863788e+14 153.344849
444 5.864288e+14 139.802257
445 5.864789e+14 150.812476
446 5.865289e+14 143.374348
447 5.865790e+14 150.837859
448 5.866290e+14 157.350331
449 5.866791e+14 153.281208
450 5.867291e+14 144.552377
451 5.867792e+14 148.035563
452 5.868292e+14 155.087861
453 5.868793e+14 141.539250
454 5.869293e+14 147.534315
455 5.869794e+14 149.522143
456 5.870294e+14 143.993108
457 5.870795e+14 143.040081
458 5.871295e+14 150.027719
459 5.871796e+14 148.737396
460 5.872296e+14 153.961679
461 5.872797e+14 150.958912
462 5.873297e+14 134.768731
463 5.873798e+14 141.984384
464 5.874298e+14 143.340840
465 5.874799e+14 144.916740
466 5.875299e+14 150.731231
467 5.875800e+14 139.764106
468 5.876300e+14 148.860897
469 5.876801e+14 137.924885
470 5.877301e+14 142.250617
471 5.877802e+14 149.205702
472 5.878302e+14 140.196362
473 5.878803e+14 138.676155
474 5.879303e+14 148.576238
475 5.879804e+14 133.498517
476 5.880304e+14 138.035116
477 5.880805e+14 131.460280
478 5.881305e+14 123.209404
479 5.881806e+14 140.484944
480 5.882306e+14 142.595999
481 5.882807e+14 143.104717
482 5.883307e+14 134.655962
483 5.883808e+14 121.385635
484 5.884308e+14 145.245225
485 5.884809e+14 143.027078
486 5.885309e+14 138.030913
487 5.885810e+14 137.291854
488 5.886310e+14 136.023817
489 5.886811e+14 129.384652
490 5.887311e+14 125.023620
491 5.887812e+14 143.251351
492 5.888312e+14 139.383367
493 5.888813e+14 144.757111
494 5.889313e+14 133.644114
495 5.889814e+14 137.422001
496 5.890314e+14 132.932953
497 5.890815e+14 140.239633
498 5.891315e+14 127.656834
499 5.891816e+14 130.317189
500 5.892316e+14 126.975579
501 5.892817e+14 133.045884
502 5.893317e+14 132.163569
503 5.893818e+14 134.645721
504 5.894318e+14 140.219441
505 5.894819e+14 144.762470
506 5.895319e+14 132.205744
507 5.895820e+14 128.678543
508 5.896320e+14 133.762892
509 5.896821e+14 138.475569
510 5.897321e+14 130.181715
511 5.897822e+14 143.810935
512 5.898322e+14 126.126418
513 5.898823e+14 138.253916
514 5.899323e+14 142.766664
515 5.899824e+14 146.552717
516 5.900324e+14 131.056906
517 5.900825e+14 134.977480
518 5.901325e+14 130.662630
519 5.901826e+14 127.171995
520 5.902326e+14 136.707866
521 5.902827e+14 130.574782
522 5.903327e+14 137.270056
523 5.903828e+14 138.130006
524 5.904328e+14 138.713434
525 5.904829e+14 134.695974
526 5.905329e+14 144.547341
527 5.905830e+14 141.195373
528 5.906330e+14 122.032858
529 5.906831e+14 130.220512
530 5.907331e+14 136.221845
531 5.907832e+14 133.857426
532 5.908332e+14 145.358772
533 5.908833e+14 131.946690
534 5.909333e+14 139.868336
535 5.909834e+14 131.748158
536 5.910334e+14 133.574057
537 5.910835e+14 145.451161
538 5.911335e+14 133.203464
539 5.911836e+14 131.653697
540 5.912336e+14 139.483887
541 5.912837e+14 134.781446
542 5.913337e+14 138.713431
543 5.913838e+14 127.286401
544 5.914338e+14 131.209884
545 5.914839e+14 132.488295
546 5.915339e+14 140.526717
547 5.915840e+14 134.325634
548 5.916340e+14 128.122324
549 5.916841e+14 142.100692
550 5.917341e+14 132.999344
551 5.917842e+14 145.649257
552 5.918342e+14 124.249207
553 5.918843e+14 129.325547
554 5.919343e+14 133.200317
555 5.919844e+14 135.609416
556 5.920344e+14 137.204706
557 5.920845e+14 145.629301
558 5.921345e+14 130.320857
559 5.921846e+14 137.734541
560 5.922346e+14 137.900237
561 5.922847e+14 138.931872
562 5.923347e+14 136.326893
563 5.923848e+14 123.724269
564 5.924348e+14 144.253876
565 5.924849e+14 131.449239
566 5.925349e+14 137.063362
567 5.925850e+14 140.070645
568 5.926350e+14 136.942735
569 5.926851e+14 134.423895
570 5.927351e+14 138.563332
571 5.927852e+14 131.263869
572 5.928352e+14 135.682836
573 5.928853e+14 138.667594
574 5.929353e+14 129.411006
575 5.929854e+14 145.447940
576 5.930354e+14 124.606771
577 5.930855e+14 130.141658
578 5.931355e+14 147.045798
579 5.931856e+14 132.475857
580 5.932356e+14 138.918831
581 5.932857e+14 134.012242
582 5.933357e+14 132.455688
583 5.933858e+14 129.036061
584 5.934358e+14 129.757628
585 5.934859e+14 129.555015
586 5.935359e+14 125.225102
587 5.935860e+14 124.874579
588 5.936360e+14 136.766244
589 5.936861e+14 141.628518
590 5.937361e+14 145.130648
591 5.937862e+14 144.936993
592 5.938362e+14 138.789297
593 5.938863e+14 145.963377
594 5.939363e+14 130.869929
595 5.939864e+14 142.388059
596 5.940364e+14 129.526610
597 5.940865e+14 134.879670
598 5.941365e+14 134.745043
599 5.941866e+14 137.699416
600 5.942366e+14 139.322751
601 5.942867e+14 153.017765
602 5.943367e+14 135.012989
603 5.943868e+14 137.909788
604 5.944368e+14 129.180619
605 5.944869e+14 142.353539
606 5.945369e+14 137.123177
607 5.945870e+14 133.299398
608 5.946370e+14 138.294749
609 5.946871e+14 132.334591
610 5.947371e+14 135.502504
611 5.947872e+14 136.130627
612 5.948372e+14 134.641480
613 5.948873e+14 138.763536
614 5.949373e+14 135.774618
615 5.949874e+14 131.971160
616 5.950374e+14 124.293540
617 5.950875e+14 143.185793
618 5.951375e+14 144.913848
619 5.951876e+14 140.325921
620 5.952376e+14 139.879856
621 5.952877e+14 131.788695
622 5.953377e+14 141.756589
623 5.953878e+14 139.201798
624 5.954378e+14 132.411886
625 5.954879e+14 131.950652
626 5.955379e+14 137.924084
627 5.955880e+14 138.132392
628 5.956380e+14 132.909314
629 5.956881e+14 146.687549
630 5.957381e+14 135.234879
631 5.957882e+14 133.754708
632 5.958382e+14 133.552226
633 5.958883e+14 139.593265
634 5.959383e+14 134.519884
635 5.959884e+14 133.383587
636 5.960384e+14 128.984750
637 5.960885e+14 141.228295
638 5.961385e+14 132.217513
639 5.961886e+14 134.221832
640 5.962386e+14 127.583903
641 5.962887e+14 142.383220
642 5.963387e+14 141.832596
643 5.963888e+14 130.177644
644 5.964388e+14 147.285087
645 5.964889e+14 135.215840
646 5.965389e+14 137.252044
647 5.965890e+14 134.098619
648 5.966390e+14 131.956343
649 5.966891e+14 132.358679
650 5.967391e+14 133.994113
651 5.967892e+14 138.265925
652 5.968392e+14 129.570219
653 5.968893e+14 140.855147
654 5.969393e+14 140.380940
655 5.969894e+14 145.577566
656 5.970394e+14 131.554739
657 5.970895e+14 132.790617
658 5.971395e+14 144.010503
659 5.971896e+14 139.567812
660 5.972396e+14 129.591553
661 5.972897e+14 139.715232
662 5.973397e+14 139.418588
663 5.973898e+14 136.518396
664 5.974398e+14 140.077253
665 5.974899e+14 140.917157
666 5.975399e+14 140.535478
667 5.975900e+14 137.755548
668 5.976400e+14 134.370931
669 5.976901e+14 144.441404
670 5.977401e+14 139.912778
671 5.977902e+14 124.321481
672 5.978402e+14 137.087277
673 5.978903e+14 144.274129
674 5.979403e+14 140.079279
675 5.979904e+14 127.800966
676 5.980404e+14 142.391112
677 5.980905e+14 131.536833
678 5.981405e+14 125.365145
679 5.981906e+14 139.543245
680 5.982406e+14 134.388099
681 5.982907e+14 131.437334
682 5.983407e+14 137.465773
683 5.983908e+14 124.883535
684 5.984408e+14 128.368184
685 5.984909e+14 130.465095
686 5.985409e+14 143.026993
687 5.985910e+14 133.218201
688 5.986410e+14 131.091048
689 5.986911e+14 142.265508
690 5.987411e+14 126.214916
691 5.987912e+14 134.422836
692 5.988412e+14 142.510259
693 5.988913e+14 135.743182
694 5.989413e+14 130.042986
695 5.989914e+14 132.894084
696 5.990414e+14 129.989393
697 5.990915e+14 112.798157
698 5.991415e+14 142.422660
699 5.991916e+14 150.925162
700 5.992416e+14 138.656967
701 5.992917e+14 144.812546
702 5.993417e+14 133.314103
703 5.993918e+14 138.032382
704 5.994418e+14 145.495137
705 5.994919e+14 147.683830
706 5.995419e+14 140.151221
707 5.995920e+14 141.305414
708 5.996420e+14 131.594189
709 5.996921e+14 133.996113
710 5.997421e+14 131.833215
711 5.997922e+14 128.058757
712 5.998422e+14 142.299688
713 5.998923e+14 133.964578
714 5.999423e+14 137.151661
715 5.999924e+14 137.535694
716 6.000424e+14 138.735063
717 6.000925e+14 136.109098
718 6.001425e+14 145.669830
719 6.001926e+14 136.125722
720 6.002426e+14 123.217290
721 6.002927e+14 144.732202
722 6.003427e+14 143.183666
723 6.003928e+14 125.405893
724 6.004428e+14 146.002589
725 6.004929e+14 136.934675
726 6.005429e+14 129.486209
727 6.005930e+14 139.695673
728 6.006430e+14 132.422242
729 6.006931e+14 136.345352
730 6.007431e+14 132.479554
731 6.007932e+14 132.139406
732 6.008432e+14 145.637861
733 6.008933e+14 141.498740
734 6.009433e+14 130.550976
735 6.009934e+14 128.199802
736 6.010434e+14 134.648212
737 6.010935e+14 131.937642
738 6.011435e+14 134.447461
739 6.011936e+14 144.966874
740 6.012436e+14 142.297691
741 6.012937e+14 132.606970
742 6.013437e+14 138.904858
743 6.013938e+14 135.749251
744 6.014438e+14 129.284071
745 6.014939e+14 130.270882
746 6.015439e+14 149.470296
747 6.015940e+14 138.127720
748 6.016440e+14 137.007929
749 6.016941e+14 135.469632
750 6.017441e+14 140.989179
751 6.017942e+14 136.000757
752 6.018442e+14 138.923476
753 6.018943e+14 140.718149
754 6.019443e+14 142.039139
755 6.019944e+14 147.654571
756 6.020444e+14 143.776387
757 6.020945e+14 145.139646
758 6.021445e+14 133.963432
759 6.021946e+14 145.711799
760 6.022446e+14 144.923786
761 6.022947e+14 124.129761
762 6.023447e+14 147.508551
763 6.023948e+14 139.612402
764 6.024448e+14 138.253141
765 6.024949e+14 140.778614
766 6.025449e+14 143.715835
767 6.025950e+14 137.722900
768 6.026450e+14 148.465971
769 6.026951e+14 124.448018
770 6.027451e+14 138.705695
771 6.027952e+14 149.322412
772 6.028452e+14 138.749357
773 6.028953e+14 139.265808
774 6.029453e+14 134.836074
775 6.029954e+14 133.221727
776 6.030454e+14 139.478498
777 6.030955e+14 135.245074
778 6.031455e+14 145.140486
779 6.031956e+14 142.791940
780 6.032456e+14 138.182363
781 6.032957e+14 139.903879
782 6.033457e+14 146.961617
783 6.033958e+14 138.048020
784 6.034458e+14 141.719632
785 6.034959e+14 135.757082
786 6.035459e+14 145.667969
787 6.035960e+14 138.470009
788 6.036460e+14 135.497863
789 6.036961e+14 137.394383
790 6.037461e+14 127.957127
791 6.037962e+14 136.921868
792 6.038462e+14 133.327973
793 6.038963e+14 143.523817
794 6.039463e+14 141.156843
795 6.039964e+14 141.518741
796 6.040464e+14 129.417049
797 6.040965e+14 137.107076
798 6.041465e+14 143.020247
799 6.041966e+14 136.025782
800 6.042466e+14 139.545273
801 6.042967e+14 145.077876
802 6.043467e+14 136.403066
803 6.043968e+14 132.464797
804 6.044468e+14 145.313624
805 6.044969e+14 141.396332
806 6.045469e+14 150.486869
807 6.045970e+14 139.563713
808 6.046470e+14 141.079762
809 6.046971e+14 135.260672
810 6.047471e+14 136.917791
811 6.047972e+14 138.353838
812 6.048472e+14 135.091997
813 6.048973e+14 135.413911
814 6.049473e+14 129.972393
815 6.049974e+14 143.652406
816 6.050474e+14 136.706146
817 6.050975e+14 137.368481
818 6.051475e+14 134.988247
819 6.051976e+14 128.779246
820 6.052476e+14 138.155765
821 6.052977e+14 144.137607
822 6.053477e+14 141.233503
823 6.053978e+14 144.652245
824 6.054478e+14 143.446420
825 6.054979e+14 127.630418
826 6.055479e+14 135.200560
827 6.055980e+14 129.931956
828 6.056480e+14 147.907740
829 6.056981e+14 139.798821
830 6.057481e+14 134.535626
831 6.057982e+14 129.733415
832 6.058482e+14 137.365118
833 6.058983e+14 131.349672
834 6.059483e+14 140.362720
835 6.059984e+14 134.203629
836 6.060484e+14 132.883170
837 6.060985e+14 140.725210
838 6.061485e+14 131.760646
839 6.061986e+14 148.419576
840 6.062486e+14 148.856897
841 6.062987e+14 149.519852
842 6.063487e+14 122.271107
843 6.063988e+14 140.792383
844 6.064488e+14 127.097318
845 6.064989e+14 130.750259
846 6.065489e+14 139.809592
847 6.065990e+14 127.803240
848 6.066490e+14 141.895192
849 6.066991e+14 138.680579
850 6.067491e+14 145.840266
851 6.067992e+14 120.604209
852 6.068492e+14 143.889457
853 6.068993e+14 138.295373
854 6.069493e+14 134.444870
855 6.069994e+14 142.981792
856 6.070494e+14 126.468950
857 6.070995e+14 137.648094
858 6.071495e+14 142.168437
859 6.071996e+14 149.052609
860 6.072496e+14 133.814380
861 6.072997e+14 145.538704
862 6.073497e+14 144.994727
863 6.073998e+14 141.700755
864 6.074498e+14 152.000035
865 6.074999e+14 127.125148
866 6.075499e+14 142.874883
867 6.076000e+14 138.848616
868 6.076500e+14 148.558550
869 6.077001e+14 130.692864
870 6.077501e+14 138.996666
871 6.078002e+14 145.583170
872 6.078502e+14 142.412976
873 6.079003e+14 128.307339
874 6.079503e+14 149.079249
875 6.080004e+14 137.799324
876 6.080504e+14 148.852922
877 6.081005e+14 138.010826
878 6.081505e+14 138.855485
879 6.082006e+14 133.890574
880 6.082506e+14 145.388723
881 6.083007e+14 141.415596
882 6.083507e+14 147.277840
883 6.084008e+14 143.226470
884 6.084508e+14 141.328284
885 6.085009e+14 131.571018
886 6.085509e+14 141.834450
887 6.086010e+14 138.906809
888 6.086510e+14 151.446296
889 6.087011e+14 136.510843
890 6.087511e+14 143.585654
891 6.088012e+14 139.806886
892 6.088512e+14 128.269744
893 6.089013e+14 149.522979
894 6.089513e+14 142.959151
895 6.090014e+14 129.541474
896 6.090514e+14 145.972802
897 6.091015e+14 145.867044
898 6.091515e+14 141.790521
899 6.092016e+14 133.644101
900 6.092516e+14 145.353851
901 6.093017e+14 142.559209
902 6.093517e+14 134.642897
903 6.094018e+14 122.566683
904 6.094518e+14 140.928913
905 6.095019e+14 129.757354
906 6.095519e+14 131.865142
907 6.096020e+14 144.271169
908 6.096520e+14 141.794741
909 6.097021e+14 147.065892
910 6.097521e+14 135.801942
911 6.098022e+14 132.455240
912 6.098522e+14 145.770580
913 6.099023e+14 141.907202
914 6.099523e+14 140.766449
915 6.100024e+14 127.706666
916 6.100524e+14 144.035480
917 6.101025e+14 135.491609
918 6.101525e+14 147.981236
919 6.102026e+14 134.245775
920 6.102526e+14 130.049251
921 6.103027e+14 146.861258
922 6.103527e+14 142.465606
923 6.104028e+14 141.991051
924 6.104528e+14 145.442562
925 6.105029e+14 144.424503
926 6.105529e+14 132.591688
927 6.106030e+14 128.448137
928 6.106530e+14 140.403403
929 6.107031e+14 133.147386
930 6.107531e+14 132.337310
931 6.108032e+14 150.545851
932 6.108532e+14 142.447447
933 6.109033e+14 143.928827
934 6.109533e+14 145.205177
935 6.110034e+14 136.326734
936 6.110534e+14 140.419747
937 6.111035e+14 138.125638
938 6.111535e+14 133.288172
939 6.112036e+14 150.220439
940 6.112536e+14 150.257975
941 6.113037e+14 133.652930
942 6.113537e+14 137.215527
943 6.114038e+14 156.630500
944 6.114538e+14 133.075247
945 6.115039e+14 135.876870
946 6.115539e+14 141.028128
947 6.116040e+14 138.928296
948 6.116540e+14 135.165527
949 6.117041e+14 135.564701
950 6.117541e+14 139.669987
951 6.118042e+14 141.629633
952 6.118542e+14 148.459561
953 6.119043e+14 135.625010
954 6.119543e+14 129.631730
955 6.120044e+14 144.629227
956 6.120544e+14 146.686937
957 6.121045e+14 129.733833
958 6.121545e+14 148.971187
959 6.122046e+14 138.520524
960 6.122546e+14 146.747564
961 6.123047e+14 151.328239
962 6.123547e+14 144.356205
963 6.124048e+14 154.931846
964 6.124548e+14 134.010039
965 6.125049e+14 132.995158
966 6.125549e+14 135.508577
967 6.126050e+14 143.362418
968 6.126550e+14 138.445044
969 6.127051e+14 145.629930
970 6.127551e+14 140.676370
971 6.128052e+14 140.982501
972 6.128552e+14 146.328576
973 6.129053e+14 138.231801
974 6.129553e+14 145.589556
975 6.130054e+14 156.851892
976 6.130554e+14 138.477782
977 6.131055e+14 134.409705
978 6.131555e+14 135.365292
979 6.132056e+14 132.202540
980 6.132556e+14 131.472998
981 6.133057e+14 143.848227
982 6.133557e+14 132.749038
983 6.134058e+14 141.938618
984 6.134558e+14 135.403065
985 6.135059e+14 141.049163
986 6.135559e+14 131.994094
987 6.136060e+14 144.438559
988 6.136560e+14 139.356670
989 6.137061e+14 131.733808
990 6.137561e+14 137.944238
991 6.138062e+14 138.950307
992 6.138562e+14 141.304805
993 6.139063e+14 140.322200
994 6.139563e+14 132.721517
995 6.140064e+14 136.684277
996 6.140564e+14 141.168300
997 6.141065e+14 135.779577
998 6.141565e+14 140.366482
999 6.142066e+14 135.264386
