# Date: 19/07/01, Author: E.Hubble
# First column is index, second column is frequency (Hz), third column is spectra (A.U.)
0 5.601180e+14 156.390668
1 5.601681e+14 146.298474
2 5.602181e+14 154.745650
3 5.602682e+14 143.571496
4 5.603182e+14 141.345778
5 5.603683e+14 145.240054
6 5.604183e+14 143.466367
7 5.604684e+14 146.780445
8 5.605184e+14 159.462700
9 5.605685e+14 156.802371
10 5.606185e+14 144.210108
11 5.606686e+14 157.768309
12 5.607186e+14 140.084044
13 5.607687e+14 148.417871
14 5.608187e+14 153.488339
15 5.608688e+14 143.893102
16 5.609188e+14 147.564230
17 5.609689e+14 147.949790
18 5.610189e+14 149.208740
19 5.610690e+14 145.726060
20 5.611190e+14 157.782952
21 5.611691e+14 154.490986
22 5.612191e+14 142.427211
23 5.612692e+14 144.074890
24 5.613192e+14 151.331630
25 5.613693e+14 151.404178
26 5.614193e+14 158.839630
27 5.614694e+14 152.882118
28 5.615194e+14 136.505104
29 5.615695e+14 144.732343
30 5.616195e+14 151.246000
31 5.616696e+14 145.696306
32 5.617196e+14 151.724801
33 5.617697e+14 163.058296
34 5.618197e+14 156.397743
35 5.618698e+14 140.704957
36 5.619198e+14 139.967691
37 5.619699e+14 153.783419
38 5.620199e+14 143.649046
39 5.620700e+14 142.384106
40 5.621200e+14 144.611260
41 5.621701e+14 159.261799
42 5.622201e+14 147.371334
43 5.622702e+14 144.010049
44 5.623202e+14 150.538602
45 5.623703e+14 158.727419
46 5.624203e+14 145.170535
47 5.624704e+14 162.236192
48 5.625204e+14 157.765971
49 5.625705e+14 156.894761
50 5.626205e+14 150.532918
51 5.626706e+14 152.005399
52 5.627206e+14 145.170510
53 5.627707e+14 140.649157
54 5.628207e+14 151.990459
55 5.628708e+14 154.044138
56 5.629208e+14 151.146661
57 5.629709e+14 151.865522
58 5.630209e+14 143.984308
59 5.630710e+14 149.696019
60 5.631210e+14 146.279231
61 5.631711e+14 145.336845
62 5.632211e+14 154.614101
63 5.632712e+14 148.756475
64 5.633212e+14 144.312247
65 5.633713e+14 145.685542
66 5.634213e+14 155.660078
67 5.634714e+14 153.820364
68 5.635214e+14 145.898637
69 5.635715e+14 154.297662
70 5.636215e+14 153.486133
71 5.636716e+14 145.184534
72 5.637216e+14 150.538287
73 5.637717e+14 150.935025
74 5.638217e+14 144.377660
75 5.638718e+14 145.507115
76 5.639218e+14 147.114043
77 5.639719e+14 150.439424
78 5.640219e+14 149.622139
79 5.640720e+14 143.385148
80 5.641220e+14 146.166943
81 5.641721e+14 136.996146
82 5.642221e+14 153.712359
83 5.642722e+14 147.522445
84 5.643222e+14 142.423694
85 5.643723e+14 149.489211
86 5.644223e+14 150.485648
87 5.644724e+14 144.600182
88 5.645224e+14 163.239255
89 5.645725e+14 148.745242
90 5.646225e+14 155.540531
91 5.646726e+14 144.361477
92 5.647226e+14 158.019009
93 5.647727e+14 148.798032
94 5.648227e+14 157.390986
95 5.648728e+14 153.568136
96 5.649228e+14 158.664439
97 5.649729e+14 151.504489
98 5.650229e+14 144.710167
99 5.650730e+14 145.142846
100 5.651230e+14 146.845005
101 5.651731e+14 159.208923
102 5.652231e+14 142.034160
103 5.652732e+14 151.914157
104 5.653232e+14 157.541619
105 5.653733e+14 145.711261
106 5.654233e+14 147.636127
107 5.654734e+14 153.123730
108 5.655234e+14 152.967399
109 5.655735e+14 153.560266
110 5.656235e+14 154.760279
111 5.656736e+14 158.928344
112 5.657236e+14 151.092642
113 5.657737e+14 151.711476
114 5.658237e+14 150.147457
115 5.658738e+14 157.467308
116 5.659238e+14 153.209019
117 5.659739e+14 144.889576
118 5.660239e+14 151.907105
119 5.660740e+14 149.657302
120 5.661240e+14 146.252527
121 5.661741e+14 145.129758
122 5.662241e+14 151.979063
123 5.662742e+14 150.105115
124 5.663242e+14 137.744440
125 5.663743e+14 156.888859
126 5.664243e+14 149.960072
127 5.664744e+14 157.132115
128 5.665244e+14 146.126799
129 5.665745e+14 147.186389
130 5.666245e+14 142.640739
131 5.666746e+14 149.326500
132 5.667246e+14 155.874220
133 5.667747e+14 164.431868
134 5.668247e+14 160.929112
135 5.668748e+14 151.046324
136 5.669248e+14 147.693756
137 5.669749e+14 155.525884
138 5.670249e+14 148.138301
139 5.670750e+14 148.146585
140 5.671250e+14 137.638225
141 5.671751e+14 152.528649
142 5.672251e+14 140.761050
143 5.672752e+14 154.217849
144 5.673252e+14 150.561140
145 5.673753e+14 161.251211
146 5.674253e+14 156.228749
147 5.674754e+14 154.398794
148 5.675254e+14 154.739757
149 5.675755e+14 139.173303
150 5.676255e+14 149.733306
151 5.676756e+14 142.942904
152 5.677256e+14 143.070399
153 5.677757e+14 146.430306
154 5.678257e+14 147.004647
155 5.678758e+14 149.598271
156 5.679258e+14 144.194191
157 5.679759e+14 148.378974
158 5.680259e+14 150.580928
159 5.680760e+14 147.744915
160 5.681260e+14 150.324331
161 5.681761e+14 147.799198
162 5.682261e+14 138.845371
163 5.682762e+14 148.724082
164 5.683262e+14 145.868380
165 5.683763e+14 145.276439
166 5.684263e+14 149.218436
167 5.684764e+14 163.721198
168 5.685264e+14 158.231824
169 5.685765e+14 154.474176
170 5.686265e+14 147.112872
171 5.686766e+14 145.484197
172 5.687266e+14 148.758814
173 5.687767e+14 149.865397
174 5.688267e+14 148.412781
175 5.688768e+14 148.535695
176 5.689268e+14 147.773236
177 5.689769e+14 147.662967
178 5.690269e+14 140.940872
179 5.690770e+14 155.536216
180 5.691270e+14 151.224529
181 5.691771e+14 144.883238
182 5.692271e+14 144.018424
183 5.692772e+14 152.378946
184 5.693272e+14 157.808688
185 5.693773e+14 155.627358
186 5.694273e+14 141.531307
187 5.694774e+14 159.424317
188 5.695274e+14 149.801992
189 5.695775e+14 166.939472
190 5.696275e+14 158.894800
191 5.696776e+14 153.491207
192 5.697276e+14 154.052523
193 5.697777e+14 156.370152
194 5.698277e+14 147.608244
195 5.698778e+14 150.584573
196 5.699278e+14 150.793539
197 5.699779e+14 156.002091
198 5.700279e+14 150.361577
199 5.700780e+14 153.043630
200 5.701280e+14 148.784709
201 5.701781e+14 135.418521
202 5.702281e+14 149.395386
203 5.702782e+14 144.599408
204 5.703282e+14 149.090572
205 5.703783e+14 158.838122
206 5.704283e+14 159.282147
207 5.704784e+14 152.468094
208 5.705284e+14 149.235555
209 5.705785e+14 143.379942
210 5.706285e+14 145.306308
211 5.706786e+14 161.892241
212 5.707286e+14 145.025870
213 5.707787e+14 156.538177
214 5.708287e+14 141.166573
215 5.708788e+14 143.900596
216 5.709288e+14 154.536060
217 5.709789e+14 159.523221
218 5.710289e+14 155.236373
219 5.710790e+14 155.737125
220 5.711290e+14 154.105822
221 5.711791e+14 157.616223
222 5.712291e+14 150.057783
223 5.712792e+14 154.252975
224 5.713292e+14 140.511135
225 5.713793e+14 152.648079
226 5.714293e+14 139.106174
227 5.714794e+14 156.171140
228 5.715294e+14 161.703384
229 5.715795e+14 151.927063
230 5.716295e+14 154.198944
231 5.716796e+14 156.117808
232 5.717296e+14 161.962683
233 5.717797e+14 149.608131
234 5.718297e+14 144.403759
235 5.718798e+14 161.434317
236 5.719298e+14 158.426017
237 5.719799e+14 145.309416
238 5.720299e+14 142.250536
239 5.720800e+14 152.142377
240 5.721300e+14 153.103210
241 5.721801e+14 156.408775
242 5.722301e+14 156.236369
243 5.722802e+14 165.636041
244 5.723302e+14 142.471525
245 5.723803e+14 159.363667
246 5.724303e+14 151.729728
247 5.724804e+14 164.623332
248 5.725304e+14 153.317217
249 5.725805e+14 162.605077
250 5.726305e+14 151.906038
251 5.726806e+14 153.988668
252 5.727306e+14 157.463141
253 5.727807e+14 159.942174
254 5.728307e+14 158.639006
255 5.728808e+14 157.916089
256 5.729308e+14 156.612993
257 5.729809e+14 147.454414
258 5.730309e+14 142.415790
259 5.730810e+14 157.566775
260 5.731310e+14 151.919831
261 5.731811e+14 157.970804
262 5.732311e+14 146.072396
263 5.732812e+14 158.425523
264 5.733312e+14 150.499529
265 5.733813e+14 151.460309
266 5.734313e+14 151.969448
267 5.734814e+14 159.246584
268 5.735314e+14 163.215605
269 5.735815e+14 161.466508
270 5.736315e+14 153.821355
271 5.736816e+14 153.887754
272 5.737316e+14 150.573271
273 5.737817e+14 156.838279
274 5.738317e+14 146.982146
275 5.738818e+14 147.114978
276 5.739318e+14 149.082204
277 5.739819e+14 143.478924
278 5.740319e+14 153.275672
279 5.740820e+14 150.241996
280 5.741320e+14 146.054680
281 5.741821e+14 160.563791
282 5.742321e+14 152.908729
283 5.742822e+14 146.002494
284 5.743322e+14 163.570261
285 5.743823e+14 164.431324
286 5.744323e+14 156.240714
287 5.744824e+14 151.066914
288 5.745324e+14 150.483113
289 5.745825e+14 150.189017
290 5.746325e+14 155.537438
291 5.746826e+14 150.928005
292 5.747326e+14 153.919736
293 5.747827e+14 157.420483
294 5.748327e+14 151.320583
295 5.748828e+14 168.214014
296 5.749328e+14 163.349662
297 5.749829e+14 155.977149
298 5.750329e+14 147.186813
299 5.750830e+14 153.079504
300 5.751330e+14 151.962378
301 5.751831e+14 157.658671
302 5.752331e+14 148.742777
303 5.752832e+14 145.093772
304 5.753332e+14 156.886469
305 5.753833e+14 149.295524
306 5.754333e+14 151.709072
307 5.754834e+14 148.976823
308 5.755334e+14 159.283852
309 5.755835e+14 155.900193
310 5.756335e+14 158.460817
311 5.756836e+14 155.134225
312 5.757336e+14 148.412645
313 5.757837e+14 152.944986
314 5.758337e+14 170.715950
315 5.758838e+14 149.454978
316 5.759338e+14 144.142994
317 5.759839e+14 167.407484
318 5.760339e+14 153.753926
319 5.760840e+14 145.017532
320 5.761340e+14 152.187878
321 5.761841e+14 162.501519
322 5.762341e+14 150.767113
323 5.762842e+14 160.024165
324 5.763342e+14 163.180183
325 5.763843e+14 147.839612
326 5.764343e+14 158.153887
327 5.764844e+14 150.135656
328 5.765344e+14 163.841791
329 5.765845e+14 157.557435
330 5.766345e+14 160.975893
331 5.766846e+14 158.278392
332 5.767346e+14 156.168705
333 5.767847e+14 144.737051
334 5.768347e+14 150.058648
335 5.768848e+14 158.194195
336 5.769348e+14 148.984718
337 5.769849e+14 158.720157
338 5.770349e+14 154.631995
339 5.770850e+14 151.848611
340 5.771350e+14 143.957144
341 5.771851e+14 163.215149
342 5.772351e+14 167.133136
343 5.772852e+14 165.529084
344 5.773352e+14 155.132241
345 5.773853e+14 164.068070
346 5.774353e+14 151.818464
347 5.774854e+14 158.611846
348 5.775354e+14 154.559398
349 5.775855e+14 149.665871
350 5.776355e+14 154.715968
351 5.776856e+14 158.939862
352 5.777356e+14 154.221360
353 5.777857e+14 154.438313
354 5.778357e+14 141.475177
355 5.778858e+14 160.634601
356 5.779358e+14 152.656508
357 5.779859e+14 148.880607
358 5.780359e+14 138.710873
359 5.780860e+14 159.159420
360 5.781360e+14 158.349904
361 5.781861e+14 151.460408
362 5.782361e+14 161.459786
363 5.782862e+14 150.430260
364 5.783362e+14 162.875162
365 5.783863e+14 162.138270
366 5.784363e+14 169.421400
367 5.784864e+14 153.020005
368 5.785364e+14 155.463712
369 5.785865e+14 148.656271
370 5.786365e+14 164.189331
371 5.786866e+14 159.106626
372 5.787366e+14 160.895821
373 5.787867e+14 153.352207
374 5.788367e+14 156.815742
375 5.788868e+14 158.173991
376 5.789368e+14 162.266014
377 5.789869e+14 155.266544
378 5.790369e+14 156.822388
379 5.790870e+14 155.607876
380 5.791370e+14 150.138906
381 5.791871e+14 164.443793
382 5.792371e+14 151.622818
383 5.792872e+14 153.345109
384 5.793372e+14 156.783840
385 5.793873e+14 154.835896
386 5.794373e+14 160.794593
387 5.794874e+14 159.413070
388 5.795374e+14 161.135886
389 5.795875e+14 165.994963
390 5.796375e+14 157.421011
391 5.796876e+14 161.702879
392 5.797376e+14 161.753283
393 5.797877e+14 154.017382
394 5.798377e+14 166.021271
395 5.798878e+14 156.876255
396 5.799378e+14 157.653667
397 5.799879e+14 161.257912
398 5.800379e+14 150.767722
399 5.800880e+14 153.006731
400 5.801380e+14 161.634671
401 5.801881e+14 151.748084
402 5.802381e+14 155.881968
403 5.802882e+14 167.196650
404 5.803382e+14 147.723304
405 5.803883e+14 160.677799
406 5.804383e+14 155.031618
407 5.804884e+14 156.401566
408 5.805384e+14 164.860131
409 5.805885e+14 148.659193
410 5.806385e+14 152.788782
411 5.806886e+14 162.048758
412 5.807386e+14 155.854458
413 5.807887e+14 150.690359
414 5.808387e+14 165.434548
415 5.808888e+14 158.540625
416 5.809388e+14 153.853680
417 5.809889e+14 163.104124
418 5.810389e+14 161.824378
419 5.810890e+14 155.145639
420 5.811390e+14 150.142352
421 5.811891e+14 156.605750
422 5.812391e+14 150.084830
423 5.812892e+14 161.681310
424 5.813392e+14 149.601691
425 5.813893e+14 156.522882
426 5.814393e+14 160.773668
427 5.814894e+14 154.480118
428 5.815394e+14 160.549513
429 5.815895e+14 146.775384
430 5.816395e+14 163.362866
431 5.816896e+14 159.231555
432 5.817396e+14 163.258624
433 5.817897e+14 158.499910
434 5.818397e+14 153.606975
435 5.818898e+14 161.793990
436 5.819398e+14 148.447496
437 5.819899e+14 146.142854
438 5.820399e+14 144.411849
439 5.820900e+14 150.829850
440 5.821400e+14 155.836202
441 5.821901e+14 163.340712
442 5.822401e+14 154.420625
443 5.822902e+14 156.215751
444 5.823402e+14 161.751393
445 5.823903e+14 154.606723
446 5.824403e+14 174.331390
447 5.824904e+14 159.885959
448 5.825404e+14 157.788774
449 5.825905e+14 164.266521
450 5.826405e+14 163.580301
451 5.826906e+14 158.994459
452 5.827406e+14 157.537233
453 5.827907e+14 150.504033
454 5.828407e+14 157.016232
455 5.828908e+14 160.771693
456 5.829408e+14 154.501800
457 5.829909e+14 158.183532
458 5.830409e+14 155.801381
459 5.830910e+14 166.659244
460 5.831410e+14 162.021373
461 5.831911e+14 158.253453
462 5.832411e+14 159.132750
463 5.832912e+14 159.750083
464 5.833412e+14 153.699259
465 5.833913e+14 162.649845
466 5.834413e+14 153.832272
467 5.834914e+14 157.128041
468 5.835414e+14 149.159611
469 5.835915e+14 159.155654
470 5.836415e+14 151.184259
471 5.836916e+14 159.371559
472 5.837416e+14 169.085415
473 5.837917e+14 169.800374
474 5.838417e+14 152.578509
475 5.838918e+14 157.571899
476 5.839418e+14 161.282696
477 5.839919e+14 159.144545
478 5.840419e+14 157.045046
479 5.840920e+14 162.959302
480 5.841420e+14 166.949606
481 5.841921e+14 168.381341
482 5.842421e+14 153.091138
483 5.842922e+14 151.073885
484 5.843422e+14 147.543663
485 5.843923e+14 158.190359
486 5.844423e+14 165.927136
487 5.844924e+14 158.405406
488 5.845424e+14 168.845499
489 5.845925e+14 158.572808
490 5.846425e+14 155.925150
491 5.846926e+14 169.086235
492 5.847426e+14 150.948431
493 5.847927e+14 158.983129
494 5.848427e+14 165.910749
495 5.848928e+14 158.663567
496 5.849428e+14 159.361914
497 5.849929e+14 164.972682
498 5.850429e+14 156.574952
499 5.850930e+14 169.854153
500 5.851430e+14 164.793193
501 5.851931e+14 165.192417
502 5.852431e+14 165.195395
503 5.852932e+14 161.342427
504 5.853432e+14 170.457642
505 5.853933e+14 167.496433
506 5.854433e+14 173.417413
507 5.854934e+14 156.807041
508 5.855434e+14 162.056383
509 5.855935e+14 157.001956
510 5.856435e+14 175.731290
511 5.856936e+14 162.772293
512 5.857436e+14 164.406514
513 5.857937e+14 169.906149
514 5.858437e+14 167.311982
515 5.858938e+14 166.682638
516 5.859439e+14 167.527052
517 5.859939e+14 164.979360
518 5.860440e+14 163.569346
519 5.860940e+14 167.328377
520 5.861441e+14 162.970730
521 5.861941e+14 166.240074
522 5.862442e+14 170.038561
523 5.862942e+14 175.575141
524 5.863443e+14 168.163403
525 5.863943e+14 159.992511
526 5.864444e+14 164.797042
527 5.864944e+14 171.414390
528 5.865445e+14 173.471586
529 5.865945e+14 173.748133
530 5.866446e+14 173.557372
531 5.866946e+14 166.693023
532 5.867447e+14 177.583776
533 5.867947e+14 174.568003
534 5.868448e+14 160.960878
535 5.868948e+14 188.382238
536 5.869449e+14 172.031915
537 5.869949e+14 169.151086
538 5.870450e+14 164.091255
539 5.870950e+14 182.251601
540 5.871451e+14 173.860627
541 5.871951e+14 169.489858
542 5.872452e+14 178.727737
543 5.872952e+14 171.557135
544 5.873453e+14 172.173646
545 5.873953e+14 177.426073
546 5.874454e+14 180.369159
547 5.874954e+14 172.659547
548 5.875455e+14 187.520591
549 5.875955e+14 178.323603
550 5.876456e+14 174.561472
551 5.876956e+14 194.663450
552 5.877457e+14 178.148685
553 5.877957e+14 173.816243
554 5.878458e+14 189.494895
555 5.878958e+14 179.112491
556 5.879459e+14 175.811468
557 5.879959e+14 172.553431
558 5.880460e+14 175.960632
559 5.880960e+14 178.915711
560 5.881461e+14 172.560987
561 5.881961e+14 177.404455
562 5.882462e+14 179.450693
563 5.882962e+14 178.894860
564 5.883463e+14 193.282125
565 5.883963e+14 183.477344
566 5.884464e+14 197.523759
567 5.884964e+14 191.902074
568 5.885465e+14 181.669660
569 5.885965e+14 178.853552
570 5.886466e+14 186.794078
571 5.886966e+14 176.860165
572 5.887467e+14 184.240083
573 5.887967e+14 187.599062
574 5.888468e+14 183.772610
575 5.888968e+14 188.130166
576 5.889469e+14 180.234037
577 5.889969e+14 178.741933
578 5.890470e+14 194.706320
579 5.890970e+14 177.466425
580 5.891471e+14 183.459956
581 5.891971e+14 190.859714
582 5.892472e+14 178.689164
583 5.892972e+14 187.140010
584 5.893473e+14 186.670965
585 5.893973e+14 203.679767
586 5.894474e+14 186.578772
587 5.894974e+14 187.267465
588 5.895475e+14 194.679612
589 5.895975e+14 185.760731
590 5.896476e+14 180.871668
591 5.896976e+14 186.324936
592 5.897477e+14 182.061282
593 5.897977e+14 178.933733
594 5.898478e+14 176.708207
595 5.898978e+14 184.774537
596 5.899479e+14 185.721162
597 5.899979e+14 181.826228
598 5.900480e+14 184.207615
599 5.900980e+14 187.020904
600 5.901481e+14 185.526547
601 5.901981e+14 189.088139
602 5.902482e+14 188.574754
603 5.902982e+14 198.743669
604 5.903483e+14 184.929497
605 5.903983e+14 193.125413
606 5.904484e+14 186.402497
607 5.904984e+14 182.609430
608 5.905485e+14 198.266670
609 5.905985e+14 187.988403
610 5.906486e+14 183.636749
611 5.906986e+14 187.415249
612 5.907487e+14 179.726492
613 5.907987e+14 181.656897
614 5.908488e+14 184.483965
615 5.908988e+14 179.626898
616 5.909489e+14 184.475690
617 5.909989e+14 190.091078
618 5.910490e+14 179.254887
619 5.910990e+14 189.620142
620 5.911491e+14 182.090894
621 5.911991e+14 170.580432
622 5.912492e+14 175.535189
623 5.912992e+14 177.596219
624 5.913493e+14 187.297591
625 5.913993e+14 176.725630
626 5.914494e+14 181.408367
627 5.914994e+14 184.974240
628 5.915495e+14 184.836548
629 5.915995e+14 181.415886
630 5.916496e+14 194.087535
631 5.916996e+14 172.748536
632 5.917497e+14 176.330109
633 5.917997e+14 183.317128
634 5.918498e+14 177.543759
635 5.918998e+14 188.159417
636 5.919499e+14 177.728755
637 5.919999e+14 187.964360
638 5.920500e+14 178.772046
639 5.921000e+14 176.701881
640 5.921501e+14 174.868968
641 5.922001e+14 186.100932
642 5.922502e+14 179.850205
643 5.923002e+14 174.689301
644 5.923503e+14 184.989305
645 5.924003e+14 173.326637
646 5.924504e+14 175.766636
647 5.925004e+14 180.221016
648 5.925505e+14 171.994703
649 5.926005e+14 177.222108
650 5.926506e+14 179.120996
651 5.927006e+14 175.773828
652 5.927507e+14 174.412865
653 5.928007e+14 170.962426
654 5.928508e+14 177.197958
655 5.929008e+14 172.637919
656 5.929509e+14 189.699477
657 5.930009e+14 170.640031
658 5.930510e+14 162.588923
659 5.931010e+14 169.107956
660 5.931511e+14 172.578416
661 5.932011e+14 173.123819
662 5.932512e+14 167.605699
663 5.933012e+14 171.322238
664 5.933513e+14 174.069092
665 5.934013e+14 183.839707
666 5.934514e+14 167.521340
667 5.935014e+14 181.605386
668 5.935515e+14 172.927624
669 5.936015e+14 168.678946
670 5.936516e+14 164.301284
671 5.937016e+14 184.913185
672 5.937517e+14 180.678262
673 5.938017e+14 182.697408
674 5.938518e+14 167.021244
675 5.939018e+14 177.507110
676 5.939519e+14 170.894420
677 5.940019e+14 167.643888
678 5.940520e+14 171.134505
679 5.941020e+14 172.658737
680 5.941521e+14 176.433001
681 5.942021e+14 169.958196
682 5.942522e+14 165.791042
683 5.943022e+14 157.792378
684 5.943523e+14 170.936041
685 5.944023e+14 164.350129
686 5.944524e+14 170.332871
687 5.945024e+14 173.420989
688 5.945525e+14 163.900697
689 5.946025e+14 163.899722
690 5.946526e+14 181.403374
691 5.947026e+14 172.816484
692 5.947527e+14 168.177035
693 5.948027e+14 167.596625
694 5.948528e+14 169.686901
695 5.949028e+14 158.986918
696 5.949529e+14 179.630895
697 5.950029e+14 165.848571
698 5.950530e+14 157.244230
699 5.951030e+14 170.564382
700 5.951531e+14 160.087522
701 5.952031e+14 171.913418
702 5.952532e+14 168.347046
703 5.953032e+14 159.943657
704 5.953533e+14 168.572308
705 5.954033e+14 162.399083
706 5.954534e+14 175.608713
707 5.955034e+14 167.929304
708 5.955535e+14 163.748265
709 5.956035e+14 160.025857
710 5.956536e+14 164.062113
711 5.957036e+14 168.387951
712 5.957537e+14 160.464448
713 5.958037e+14 160.183738
714 5.958538e+14 153.103775
715 5.959038e+14 167.766348
716 5.959539e+14 163.458085
717 5.960039e+14 168.448078
718 5.960540e+14 157.839414
719 5.961040e+14 155.578743
720 5.961541e+14 155.710181
721 5.962041e+14 164.062928
722 5.962542e+14 163.847539
723 5.963042e+14 167.903054
724 5.963543e+14 157.603117
725 5.964043e+14 170.972407
726 5.964544e+14 160.976684
727 5.965044e+14 164.222173
728 5.965545e+14 158.181821
729 5.966045e+14 165.178180
730 5.966546e+14 156.856875
731 5.967046e+14 161.078523
732 5.967547e+14 164.140840
733 5.968047e+14 154.260270
734 5.968548e+14 165.897737
735 5.969048e+14 168.557904
736 5.969549e+14 161.679435
737 5.970049e+14 170.509609
738 5.970550e+14 167.722364
739 5.971050e+14 164.223633
740 5.971551e+14 169.694510
741 5.972051e+14 149.905775
742 5.972552e+14 161.610182
743 5.973052e+14 168.672658
744 5.973553e+14 170.469911
745 5.974053e+14 168.965554
746 5.974554e+14 167.650912
747 5.975054e+14 171.198744
748 5.975555e+14 165.700733
749 5.976055e+14 168.943799
750 5.976556e+14 161.503258
751 5.977056e+14 162.402605
752 5.977557e+14 172.894378
753 5.978057e+14 158.909812
754 5.978558e+14 158.343548
755 5.979058e+14 163.910423
756 5.979559e+14 169.927649
757 5.980059e+14 162.839775
758 5.980560e+14 164.592651
759 5.981060e+14 152.220126
760 5.981561e+14 174.324414
761 5.982061e+14 169.736314
762 5.982562e+14 173.536135
763 5.983062e+14 164.105739
764 5.983563e+14 171.685496
765 5.984063e+14 164.670219
766 5.984564e+14 174.607907
767 5.985064e+14 165.888867
768 5.985565e+14 155.661098
769 5.986065e+14 167.068542
770 5.986566e+14 153.634688
771 5.987066e+14 174.542299
772 5.987567e+14 164.019040
773 5.988067e+14 165.959723
774 5.988568e+14 161.995177
775 5.989068e+14 167.325264
776 5.989569e+14 165.945219
777 5.990069e+14 163.895073
778 5.990570e+14 164.547671
779 5.991070e+14 169.677253
780 5.991571e+14 167.812490
781 5.992071e+14 169.554659
782 5.992572e+14 162.224090
783 5.993072e+14 163.789435
784 5.993573e+14 165.082864
785 5.994073e+14 159.567169
786 5.994574e+14 173.831927
787 5.995074e+14 167.572122
788 5.995575e+14 165.549286
789 5.996075e+14 180.078671
790 5.996576e+14 171.919296
791 5.997076e+14 156.341280
792 5.997577e+14 171.014332
793 5.998077e+14 164.181038
794 5.998578e+14 180.587268
795 5.999078e+14 163.130356
796 5.999579e+14 149.845250
797 6.000079e+14 157.938907
798 6.000580e+14 175.852373
799 6.001080e+14 161.014801
800 6.001581e+14 166.523205
801 6.002081e+14 157.551480
802 6.002582e+14 162.403629
803 6.003082e+14 172.792830
804 6.003583e+14 162.210147
805 6.004083e+14 178.002973
806 6.004584e+14 164.584608
807 6.005084e+14 165.421715
808 6.005585e+14 163.393858
809 6.006085e+14 168.503955
810 6.006586e+14 174.339224
811 6.007086e+14 159.714940
812 6.007587e+14 164.726764
813 6.008087e+14 168.460560
814 6.008588e+14 157.975924
815 6.009088e+14 166.490941
816 6.009589e+14 151.747020
817 6.010089e+14 172.386314
818 6.010590e+14 172.580859
819 6.011090e+14 162.799159
820 6.011591e+14 162.150634
821 6.012091e+14 162.882506
822 6.012592e+14 154.834059
823 6.013092e+14 166.102376
824 6.013593e+14 165.568411
825 6.014093e+14 158.933683
826 6.014594e+14 164.937106
827 6.015094e+14 168.683849
828 6.015595e+14 160.647447
829 6.016095e+14 174.568676
830 6.016596e+14 171.743041
831 6.017096e+14 165.950765
832 6.017597e+14 157.995730
833 6.018097e+14 159.982087
834 6.018598e+14 175.023681
835 6.019098e+14 165.049352
836 6.019599e+14 164.492197
837 6.020099e+14 165.494999
838 6.020600e+14 159.481807
839 6.021100e+14 172.339016
840 6.021601e+14 162.286120
841 6.022101e+14 164.939880
842 6.022602e+14 170.847199
843 6.023102e+14 165.201170
844 6.023603e+14 173.154816
845 6.024103e+14 161.255913
846 6.024604e+14 169.255148
847 6.025104e+14 166.074218
848 6.025605e+14 165.784290
849 6.026105e+14 155.783311
850 6.026606e+14 169.561354
851 6.027106e+14 176.401274
852 6.027607e+14 172.920397
853 6.028107e+14 168.008779
854 6.028608e+14 173.614872
855 6.029108e+14 161.923592
856 6.029609e+14 164.568945
857 6.030109e+14 163.557950
858 6.030610e+14 170.885933
859 6.031110e+14 162.976770
860 6.031611e+14 159.826554
861 6.032111e+14 169.471203
862 6.032612e+14 170.878589
863 6.033112e+14 166.964568
864 6.033613e+14 165.434307
865 6.034113e+14 166.921004
866 6.034614e+14 171.866905
867 6.035114e+14 162.405287
868 6.035615e+14 157.967463
869 6.036115e+14 170.347923
870 6.036616e+14 173.768720
871 6.037116e+14 171.244303
872 6.037617e+14 169.481386
873 6.038117e+14 167.338747
874 6.038618e+14 169.936121
875 6.039118e+14 176.916166
876 6.039619e+14 150.053800
877 6.040119e+14 162.859280
878 6.040620e+14 158.680488
879 6.041120e+14 155.663536
880 6.041621e+14 172.367668
881 6.042121e+14 169.638924
882 6.042622e+14 162.758353
883 6.043122e+14 170.023656
884 6.043623e+14 168.744107
885 6.044123e+14 175.527563
886 6.044624e+14 170.416143
887 6.045124e+14 175.559339
888 6.045625e+14 164.582159
889 6.046125e+14 177.218348
890 6.046626e+14 172.416846
891 6.047126e+14 169.076726
892 6.047627e+14 172.846928
893 6.048127e+14 165.876720
894 6.048628e+14 172.038860
895 6.049128e+14 168.851854
896 6.049629e+14 168.928663
897 6.050129e+14 161.566425
898 6.050630e+14 159.881725
899 6.051130e+14 169.656681
900 6.051631e+14 175.564416
901 6.052131e+14 160.873545
902 6.052632e+14 162.753342
903 6.053132e+14 166.673033
904 6.053633e+14 166.902006
905 6.054133e+14 164.639645
906 6.054634e+14 167.036691
907 6.055134e+14 167.324176
908 6.055635e+14 167.755912
909 6.056135e+14 173.581880
910 6.056636e+14 172.400482
911 6.057136e+14 165.146758
912 6.057637e+14 168.149902
913 6.058137e+14 162.936907
914 6.058638e+14 174.967052
915 6.059138e+14 164.720727
916 6.059639e+14 169.091352
917 6.060139e+14 160.152519
918 6.060640e+14 177.961100
919 6.061140e+14 172.746316
920 6.061641e+14 168.549911
921 6.062141e+14 170.614147
922 6.062642e+14 171.569915
923 6.063142e+14 152.558837
924 6.063643e+14 163.880954
925 6.064143e+14 172.685713
926 6.064644e+14 164.723106
927 6.065144e+14 166.192714
928 6.065645e+14 162.324988
929 6.066145e+14 163.624006
930 6.066646e+14 158.947785
931 6.067146e+14 167.009723
932 6.067647e+14 166.245131
933 6.068147e+14 180.311215
934 6.068648e+14 161.302334
935 6.069148e+14 158.937857
936 6.069649e+14 167.356413
937 6.070149e+14 171.353657
938 6.070650e+14 162.838400
939 6.071150e+14 168.821200
940 6.071651e+14 178.457475
941 6.072151e+14 173.014124
942 6.072652e+14 167.179743
943 6.073152e+14 165.414299
944 6.073653e+14 155.267764
945 6.074153e+14 172.650010
946 6.074654e+14 158.762405
947 6.075154e+14 168.074321
948 6.075655e+14 168.375034
949 6.076155e+14 175.078819
950 6.076656e+14 166.331359
951 6.077156e+14 154.831747
952 6.077657e+14 175.196284
953 6.078157e+14 165.685490
954 6.078658e+14 168.468006
955 6.079158e+14 164.997775
956 6.079659e+14 177.066691
957 6.080159e+14 160.301967
958 6.080660e+14 163.689529
959 6.081160e+14 163.890949
960 6.081661e+14 159.525019
961 6.082161e+14 176.791140
962 6.082662e+14 160.629489
963 6.083162e+14 176.037734
964 6.083663e+14 167.212558
965 6.084163e+14 179.128055
966 6.084664e+14 162.027148
967 6.085164e+14 161.465674
968 6.085665e+14 176.807294
969 6.086165e+14 164.088661
970 6.086666e+14 185.806015
971 6.087166e+14 174.972998
972 6.087667e+14 171.223623
973 6.088167e+14 168.240651
974 6.088668e+14 160.323266
975 6.089168e+14 167.590164
976 6.089669e+14 175.659070
977 6.090169e+14 162.593266
978 6.090670e+14 169.187244
979 6.091170e+14 162.005378
980 6.091671e+14 168.886900
981 6.092171e+14 172.206038
982 6.092672e+14 163.184913
983 6.093172e+14 160.438601
984 6.093673e+14 175.590848
985 6.094173e+14 164.026533
986 6.094674e+14 167.141100
987 6.095174e+14 167.964012
988 6.095675e+14 169.427866
989 6.096175e+14 173.323306
990 6.096676e+14 161.268702
991 6.097176e+14 166.159413
992 6.097677e+14 173.249757
993 6.098177e+14 178.453995
994 6.098678e+14 168.147629
995 6.099178e+14 171.696590
996 6.099679e+14 165.660517
997 6.100179e+14 175.442483
998 6.100680e+14 176.695356
999 6.101180e+14 163.173135
